0	1.4907705e-06	-5.8436432	-0.0052738775
0.64	1.4779153e-06	-5.8436339	-0.0052442728
1.28	1.5028633e-06	-5.8436153	-0.005256951
1.92	1.4967838e-06	-5.8436292	-0.0052216183
2.56	1.4984885e-06	-5.8436152	-0.0052505232
3.2	1.5208818e-06	-5.8436338	-0.0052796376
3.84	1.5091305e-06	-5.8436059	-0.0052446733
4.48	1.5482325e-06	-5.8436339	-0.0052700102
5.12	1.469848e-06	-5.8436385	-0.005256052
5.76	1.494731e-06	-5.8436246	-0.0052438118
6.4	1.4540433e-06	-5.8436106	-0.0052322155
7.04	1.4981244e-06	-5.8436246	-0.0052412894
7.68	1.4949333e-06	-5.8436246	-0.0052173781
8.32	1.5166437e-06	-5.8436292	-0.0052564604
8.96	1.5345197e-06	-5.8436106	-0.0052261991
9.6	1.4976435e-06	-5.8436106	-0.0052362936
10.24	1.4936586e-06	-5.8436059	-0.0052215892
10.88	1.5089484e-06	-5.843592	-0.0052392313
11.52	1.4991476e-06	-5.8436246	-0.0052576104
12.16	1.4830895e-06	-5.843606	-0.0052490921
12.8	1.4718815e-06	-5.8436339	-0.005255104
13.44	1.4600671e-06	-5.8436199	-0.0052456144
14.08	1.4836467e-06	-5.8436106	-0.0052322549
14.72	1.5157527e-06	-5.8436199	-0.0052505973
15.36	1.5205929e-06	-5.8436013	-0.0052240852
16	1.5246973e-06	-5.8436059	-0.0052606819
16.64	1.5324735e-06	-5.8436246	-0.005242134
17.28	1.5279885e-06	-5.843606	-0.0052587181
17.92	1.5050475e-06	-5.8435874	-0.0052489648
18.56	1.4787387e-06	-5.8436153	-0.0052500704
19.2	1.446536e-06	-5.8436292	-0.0052792854
19.84	1.4812308e-06	-5.8436199	-0.005253872
20.48	1.4739376e-06	-5.8436199	-0.0052661391
21.12	1.4990421e-06	-5.8436199	-0.005227676
21.76	1.5185491e-06	-5.8436292	-0.0052168925
22.4	1.5107881e-06	-5.8436013	-0.005220587
23.04	1.5273989e-06	-5.8436106	-0.0052539534
23.68	1.5096799e-06	-5.8436153	-0.0052654767
24.32	1.4822451e-06	-5.8436292	-0.0052647863
24.96	1.4664008e-06	-5.8436246	-0.0052503207
25.6	1.4898689e-06	-5.8436153	-0.0052608443
26.24	1.4752497e-06	-5.8436153	-0.0052232065
26.88	1.4995094e-06	-5.8436153	-0.0052381352
27.52	1.5141949e-06	-5.843592	-0.0052276389
28.16	1.51153e-06	-5.8436152	-0.0052479399
28.8	1.4917555e-06	-5.8436199	-0.005264435
29.44	1.5247343e-06	-5.8436013	-0.0052590853
30.08	1.5035793e-06	-5.8436339	-0.0052504437
30.72	1.4934681e-06	-5.8436385	-0.0052599823
31.36	1.4792864e-06	-5.8436246	-0.005248884
32	1.4856525e-06	-5.843606	-0.0052635189
32.64	1.4772825e-06	-5.8436106	-0.0052581179
33.28	1.5023539e-06	-5.8436199	-0.005263016
33.92	1.5295102e-06	-5.8436199	-0.0052540556
34.56	1.5162415e-06	-5.8436152	-0.0052481039
35.2	1.5111383e-06	-5.8436013	-0.0052440531
35.84	1.5307895e-06	-5.8436292	-0.0052196322
36.48	1.5002012e-06	-5.8436292	-0.005261929
37.12	1.486161e-06	-5.8436339	-0.005245052
37.76	1.4699265e-06	-5.8436246	-0.0052479851
38.4	1.4879303e-06	-5.843606	-0.0052257305
39.04	1.4783528e-06	-5.8436153	-0.0052344176
39.68	1.4798812e-06	-5.8436199	-0.0052226328
40.32	1.5215059e-06	-5.8436292	-0.0052575237
40.96	1.5111165e-06	-5.8436245	-0.0052521412
41.6	1.5181082e-06	-5.8436245	-0.0052573067
42.24	1.5106244e-06	-5.8436013	-0.0052219399
42.88	1.5176741e-06	-5.8436013	-0.0052433528
43.52	1.4882021e-06	-5.8436246	-0.0052508757
44.16	1.482906e-06	-5.843592	-0.0052533204
44.8	1.447846e-06	-5.8436106	-0.0052634901
45.44	1.4760652e-06	-5.8436153	-0.0052375871
46.08	1.4968751e-06	-5.8436153	-0.0052338248
46.72	1.5042935e-06	-5.8436385	-0.0052540333
47.36	1.5076606e-06	-5.8436385	-0.0052474995
48	1.5308564e-06	-5.8436199	-0.0052608877
48.64	1.5022403e-06	-5.8436338	-0.0052605759
49.28	1.5006892e-06	-5.8436339	-0.005252867
49.92	1.4616004e-06	-5.8436432	-0.0052422083
50.56	1.4587613e-06	-5.8436432	-0.0052641841
51.2	1.4703335e-06	-5.8436292	-0.0052516348
51.84	1.4990658e-06	-5.8436292	-0.0052282408
52.48	1.491468e-06	-5.8436106	-0.0052348789
53.12	1.517314e-06	-5.8435827	-0.005211998
53.76	1.5090732e-06	-5.8436245	-0.0052458843
54.4	1.519324e-06	-5.8436292	-0.0052476488
55.04	1.4934516e-06	-5.8436152	-0.0052573908
55.68	1.4920988e-06	-5.8436385	-0.0052738668
56.32	1.4799798e-06	-5.8436292	-0.0052516558
56.96	1.4974912e-06	-5.843606	-0.0052540889
57.6	1.4909529e-06	-5.8436246	-0.0052606968
58.24	1.5057096e-06	-5.8436339	-0.0052751492
58.88	1.4827895e-06	-5.8436431	-0.0052390373
59.52	1.5088998e-06	-5.8436338	-0.005245945
60.16	1.5096306e-06	-5.8436199	-0.0052436724
60.8	1.5251893e-06	-5.8436013	-0.0052506231
61.44	1.5114213e-06	-5.8436059	-0.0052359336
62.08	1.4858521e-06	-5.8436106	-0.0052491866
62.72	1.4680943e-06	-5.8436153	-0.0052517462
63.36	1.4972665e-06	-5.8436339	-0.005238538
64	1.4712403e-06	-5.8436385	-0.005260008
64.64	1.4970066e-06	-5.8436153	-0.0052333909
65.28	1.5375895e-06	-5.8436013	-0.0052490747
65.92	1.5120753e-06	-5.8436152	-0.0052505383
66.56	1.5515007e-06	-5.843606	-0.0052743674
67.2	1.5183124e-06	-5.8436013	-0.0052419885
67.84	1.4796935e-06	-5.8436292	-0.0052467873
68.48	1.4793781e-06	-5.8436339	-0.0052432958
69.12	1.4870884e-06	-5.8436199	-0.0052359171
69.76	1.4949774e-06	-5.8436386	-0.0052425484
70.4	1.4850224e-06	-5.8436339	-0.0052152688
71.04	1.4992522e-06	-5.8436199	-0.0052520787
71.68	1.4880464e-06	-5.8436292	-0.0052345861
72.32	1.5291196e-06	-5.8436106	-0.0052291919
72.96	1.5234994e-06	-5.8436385	-0.0052558095
73.6	1.5276828e-06	-5.8436246	-0.0052471482
74.24	1.4939334e-06	-5.8435966	-0.0052274134
74.88	1.4951088e-06	-5.8435967	-0.0052469967
75.52	1.5071134e-06	-5.8436153	-0.0052457263
76.16	1.469508e-06	-5.8436106	-0.0052382661
76.8	1.4558095e-06	-5.8436246	-0.0052590422
77.44	1.4946109e-06	-5.8436246	-0.0052638832
78.08	1.5034118e-06	-5.8435873	-0.005235041
78.72	1.5017062e-06	-5.8435966	-0.0052322816
79.36	1.5097603e-06	-5.8436106	-0.0052205428
80	1.5132133e-06	-5.8436245	-0.0052715003
80.64	1.5005911e-06	-5.8436478	-0.005269441
81.28	1.4980502e-06	-5.8436385	-0.0052478695
81.92	1.4758436e-06	-5.8436525	-0.0052478168
82.56	1.4994948e-06	-5.84362	-0.0052251218
83.2	1.4699125e-06	-5.8436153	-0.0052679656
83.84	1.5254864e-06	-5.8436106	-0.0052516108
84.48	1.5034553e-06	-5.8436292	-0.0052619709
85.12	1.5158782e-06	-5.8436245	-0.0052688318
85.76	1.4962592e-06	-5.8436431	-0.0052489389
86.4	1.5092867e-06	-5.8436431	-0.0052527749
87.04	1.5029944e-06	-5.8436385	-0.0052652216
87.68	1.4990255e-06	-5.8435967	-0.0052502609
88.32	1.501687e-06	-5.8436339	-0.0052576736
88.96	1.4792139e-06	-5.8436013	-0.0052335114
89.6	1.4789509e-06	-5.8436199	-0.0052345195
90.24	1.4944801e-06	-5.8436292	-0.0052574407
90.88	1.4988138e-06	-5.8436152	-0.0052372521
91.52	1.5446816e-06	-5.8436246	-0.0052372151
92.16	1.5351914e-06	-5.8436059	-0.0052569807
92.8	1.5121237e-06	-5.8436245	-0.0052408627
93.44	1.4771042e-06	-5.8436338	-0.0052272932
94.08	1.490723e-06	-5.8436385	-0.0052400071
94.72	1.4707848e-06	-5.8436106	-0.0052501631
95.36	1.4967467e-06	-5.8436153	-0.0052525644
96	1.4906391e-06	-5.8436199	-0.0052372074
96.64	1.4924113e-06	-5.8436152	-0.0052612884
97.28	1.4941486e-06	-5.8436292	-0.005253249
97.92	1.5375896e-06	-5.8436246	-0.0052685575
98.56	1.495769e-06	-5.8435966	-0.0052579985
99.2	1.5006261e-06	-5.843592	-0.0052473661
99.84	1.521458e-06	-5.8436153	-0.0052328146
100.48	1.5103462e-06	-5.8435967	-0.0052566794
101.12	1.4958583e-06	-5.8436199	-0.0052319748
101.76	1.4718278e-06	-5.8436385	-0.0052728202
102.4	1.5167905e-06	-5.8436199	-0.005232698
103.04	1.5225801e-06	-5.8436478	-0.0052809643
103.68	1.4879987e-06	-5.8436338	-0.0052604997
104.32	1.5296871e-06	-5.8436432	-0.0052699868
104.96	1.5106574e-06	-5.8436245	-0.0052743323
105.6	1.500811e-06	-5.8435873	-0.0052256316
106.24	1.4702157e-06	-5.8436106	-0.0052507869
106.88	1.4846633e-06	-5.8436153	-0.0052493096
107.52	1.48303e-06	-5.8436199	-0.005232334
108.16	1.5148627e-06	-5.8436432	-0.0052486388
108.8	1.503082e-06	-5.8436339	-0.0052856704
109.44	1.5033984e-06	-5.8436199	-0.0052809809
110.08	1.5090632e-06	-5.8436152	-0.0052634827
110.72	1.5097807e-06	-5.8436431	-0.0052754686
111.36	1.513057e-06	-5.8436385	-0.0052541026
112	1.4966195e-06	-5.8436385	-0.0052548029
112.64	1.4889254e-06	-5.8436246	-0.0052593661
113.28	1.4698333e-06	-5.8436292	-0.0052531566
113.92	1.4498923e-06	-5.8436199	-0.0052841988
114.56	1.4853022e-06	-5.8436199	-0.005239983
115.2	1.4780437e-06	-5.8436292	-0.0052480424
115.84	1.510038e-06	-5.8436339	-0.0052573303
116.48	1.5205513e-06	-5.8436106	-0.0052313675
117.12	1.50078e-06	-5.8436106	-0.0052284513
117.76	1.5080441e-06	-5.8436338	-0.0052466504
118.4	1.5207784e-06	-5.8436432	-0.0052655411
119.04	1.5114982e-06	-5.8436339	-0.0052681418
119.68	1.4668364e-06	-5.8436339	-0.0052569794
120.32	1.4748143e-06	-5.8436199	-0.0052661215
120.96	1.4963756e-06	-5.8436106	-0.0052391857
121.6	1.5156762e-06	-5.843606	-0.0052246227
122.24	1.4946565e-06	-5.8436152	-0.005251146
122.88	1.533753e-06	-5.8436339	-0.0052556294
123.52	1.5052001e-06	-5.8436524	-0.0052761673
124.16	1.5146704e-06	-5.8436339	-0.0052564265
124.8	1.4799003e-06	-5.8436106	-0.0052373974
125.44	1.4653043e-06	-5.8436106	-0.0052753486
126.08	1.4914953e-06	-5.8436246	-0.0052542527
126.72	1.4982448e-06	-5.843606	-0.0052229883
127.36	1.5027971e-06	-5.8436292	-0.0052391243
128	1.5016487e-06	-5.8436199	-0.0052762375
128.64	1.5144366e-06	-5.8436292	-0.0052528945
129.28	1.5094032e-06	-5.8436292	-0.0052534578
129.92	1.5259604e-06	-5.8436431	-0.0052841958
130.56	1.5111343e-06	-5.8436292	-0.0052351197
131.2	1.489175e-06	-5.8436059	-0.0052415014
131.84	1.4875883e-06	-5.8436013	-0.0052318679
132.48	1.473718e-06	-5.8436199	-0.0052412133
133.12	1.4852005e-06	-5.8436339	-0.0052726247
133.76	1.511531e-06	-5.843606	-0.0052455455
134.4	1.5011266e-06	-5.8436013	-0.0052305247
135.04	1.5182352e-06	-5.8436246	-0.0052573187
135.68	1.5169083e-06	-5.8436152	-0.0052694112
136.32	1.5087615e-06	-5.8436199	-0.0052725452
136.96	1.5124927e-06	-5.8436478	-0.0052510695
137.6	1.4860933e-06	-5.8436059	-0.0052445752
138.24	1.5174012e-06	-5.8436246	-0.0052323598
138.88	1.4610213e-06	-5.8435874	-0.0052314852
139.52	1.4874718e-06	-5.843592	-0.0052259338
140.16	1.4809923e-06	-5.8436153	-0.0052590168
140.8	1.5234396e-06	-5.8436199	-0.0052378808
141.44	1.5247915e-06	-5.843606	-0.0052475686
142.08	1.5066426e-06	-5.8436245	-0.0052470542
142.72	1.5141902e-06	-5.8436199	-0.0052485183
143.36	1.4786926e-06	-5.8436199	-0.0052087045
144	1.4826989e-06	-5.8436339	-0.0052559458
144.64	1.4909027e-06	-5.8436153	-0.0052459141
145.28	1.4584505e-06	-5.8436432	-0.0052884415
145.92	1.5046777e-06	-5.8436339	-0.0052672504
146.56	1.4877905e-06	-5.8436292	-0.0052457128
147.2	1.5049066e-06	-5.8436013	-0.0052540821
147.84	1.5146074e-06	-5.8436152	-0.0052382891
148.48	1.5373623e-06	-5.8436385	-0.0052576766
149.12	1.5348689e-06	-5.8436292	-0.0052489261
149.76	1.516436e-06	-5.8436153	-0.0052624047
150.4	1.5080283e-06	-5.8436153	-0.0052253082
151.04	1.4583352e-06	-5.8436153	-0.0052595607
151.68	1.4569228e-06	-5.8436106	-0.0052269668
152.32	1.4579578e-06	-5.8436339	-0.0052881482
152.96	1.4746216e-06	-5.8436292	-0.0052535502
153.6	1.5118359e-06	-5.8436246	-0.0052763817
154.24	1.5191333e-06	-5.8436199	-0.0052609468
154.88	1.5094438e-06	-5.8436059	-0.0052467673
155.52	1.5163856e-06	-5.8436292	-0.0052560062
156.16	1.5061431e-06	-5.8436106	-0.0052414778
156.8	1.4840252e-06	-5.843606	-0.0052540341
157.44	1.4830511e-06	-5.8436339	-0.0052716464
158.08	1.4833358e-06	-5.8436246	-0.0052489924
158.72	1.4796131e-06	-5.8436478	-0.0052685567
159.36	1.4929078e-06	-5.8436432	-0.0052355071
160	1.4970947e-06	-5.8436245	-0.0052387763
160.64	1.497617e-06	-5.8436292	-0.0052606598
161.28	1.5216729e-06	-5.8436199	-0.0052624298
161.92	1.5244703e-06	-5.8436152	-0.0052425106
162.56	1.5284523e-06	-5.843606	-0.0052575347
163.2	1.500699e-06	-5.8436106	-0.0052376343
163.84	1.466274e-06	-5.8436013	-0.005259897
164.48	1.4825875e-06	-5.8436153	-0.0052341403
165.12	1.4724826e-06	-5.843606	-0.0052315732
165.76	1.4838708e-06	-5.8436106	-0.0052166433
166.4	1.5156787e-06	-5.8436153	-0.005263631
167.04	1.5113998e-06	-5.8436059	-0.0052247032
167.68	1.5099328e-06	-5.8436106	-0.005269791
168.32	1.5159418e-06	-5.8436385	-0.0052433415
168.96	1.5123179e-06	-5.8436292	-0.0052424558
169.6	1.4858577e-06	-5.8436292	-0.0052377446
170.24	1.4820874e-06	-5.8436153	-0.005234508
170.88	1.472872e-06	-5.8436292	-0.0052393703
171.52	1.4887078e-06	-5.8436153	-0.0052563102
172.16	1.4918684e-06	-5.8436246	-0.0052744478
172.8	1.5143341e-06	-5.8436292	-0.0052665542
173.44	1.523377e-06	-5.8436013	-0.0052502015
174.08	1.5283585e-06	-5.8436199	-0.0052480825
174.72	1.5004903e-06	-5.8436338	-0.0052311155
175.36	1.5186449e-06	-5.8436246	-0.0052499554
176	1.4954468e-06	-5.8436339	-0.0052495319
176.64	1.4830844e-06	-5.8436339	-0.0052636555
177.28	1.4845797e-06	-5.8436199	-0.0052525014
177.92	1.4905173e-06	-5.8436339	-0.0052856424
178.56	1.5184478e-06	-5.843606	-0.0052457871
179.2	1.4949947e-06	-5.8435966	-0.0052524894
179.84	1.5417625e-06	-5.8436339	-0.0052570554
180.48	1.5111609e-06	-5.8436338	-0.0052384058
181.12	1.5108883e-06	-5.8436152	-0.0052365009
181.76	1.5135898e-06	-5.843606	-0.005242493
182.4	1.4676766e-06	-5.8436292	-0.005252935
183.04	1.4645236e-06	-5.8436292	-0.0052564877
183.68	1.4768386e-06	-5.8436199	-0.0052780631
184.32	1.5189491e-06	-5.8436106	-0.005234413
184.96	1.4795065e-06	-5.8436199	-0.0052305587
185.6	1.5333109e-06	-5.8436292	-0.0052451848
186.24	1.5228121e-06	-5.8436245	-0.0052461568
186.88	1.5348043e-06	-5.8436246	-0.005217176
187.52	1.5166363e-06	-5.8436106	-0.0052350265
188.16	1.4990161e-06	-5.8436199	-0.0052348069
188.8	1.4384259e-06	-5.8436245	-0.0052482013
189.44	1.4849951e-06	-5.8436199	-0.0052836569
190.08	1.4744005e-06	-5.8436385	-0.0052568772
190.72	1.4873449e-06	-5.8436339	-0.0052693223
191.36	1.5203384e-06	-5.8436246	-0.0052412504
192	1.4858507e-06	-5.8436199	-0.0052345717
192.64	1.5138257e-06	-5.8436059	-0.0052435539
193.28	1.521986e-06	-5.8435966	-0.0052402812
193.92	1.4769557e-06	-5.8436431	-0.0052837926
194.56	1.5074066e-06	-5.8436246	-0.0052603052
195.2	1.4881424e-06	-5.8436385	-0.0052632436
195.84	1.4844668e-06	-5.8436199	-0.0052580537
196.48	1.4702449e-06	-5.8436292	-0.005266763
197.12	1.4599036e-06	-5.8436292	-0.0052537087
197.76	1.5013387e-06	-5.8436292	-0.0052639209
198.4	1.5203999e-06	-5.8436571	-0.0052479258
199.04	1.4783511e-06	-5.8436152	-0.0052549378
199.68	1.5282044e-06	-5.8436199	-0.0052656238
200.32	1.4821787e-06	-5.8436199	-0.0052528591
200.96	1.4894854e-06	-5.8436199	-0.0052489614
201.6	1.4787073e-06	-5.8436246	-0.0052548441
202.24	1.4673831e-06	-5.8436013	-0.005212698
202.88	1.5063731e-06	-5.8436153	-0.0052488811
203.52	1.4968075e-06	-5.8436385	-0.0052297412
204.16	1.5086628e-06	-5.8436525	-0.0052539653
204.8	1.5324849e-06	-5.8436059	-0.0052567534
205.44	1.5338361e-06	-5.8436059	-0.005246947
206.08	1.5095091e-06	-5.8436059	-0.0052933171
206.72	1.5153495e-06	-5.8436246	-0.0052533923
207.36	1.4758722e-06	-5.8436246	-0.0052741182
208	1.4746431e-06	-5.8436292	-0.0052369362
208.64	1.4939738e-06	-5.8436432	-0.005251459
209.28	1.4799659e-06	-5.8436385	-0.005276871
209.92	1.4860357e-06	-5.8436385	-0.005265498
210.56	1.5267796e-06	-5.8436153	-0.0052559136
211.2	1.5100134e-06	-5.8436292	-0.0052302261
211.84	1.5152464e-06	-5.8436199	-0.0052326488
212.48	1.4837766e-06	-5.8436385	-0.0052387785
213.12	1.506263e-06	-5.8436199	-0.0052425307
213.76	1.4827432e-06	-5.8436432	-0.0052452465
214.4	1.4597739e-06	-5.8436478	-0.0052488658
215.04	1.4695268e-06	-5.8436339	-0.0052595436
215.68	1.4837242e-06	-5.8436153	-0.0052856452
216.32	1.5181833e-06	-5.8436199	-0.0052474751
216.96	1.5418145e-06	-5.8436339	-0.0052688346
217.6	1.5359152e-06	-5.8436199	-0.0052217804
218.24	1.5226547e-06	-5.8436059	-0.0052571858
218.88	1.510506e-06	-5.8436199	-0.0052526045
219.52	1.4995739e-06	-5.8436292	-0.0052519784
220.16	1.4518529e-06	-5.8436478	-0.0052660744
220.8	1.4836334e-06	-5.8436339	-0.0052599492
221.44	1.4719705e-06	-5.8436385	-0.0052863354
222.08	1.4557559e-06	-5.8436013	-0.0052491873
222.72	1.5027839e-06	-5.8435873	-0.0052334937
223.36	1.5265671e-06	-5.8436292	-0.0052509493
224	1.5259183e-06	-5.8436013	-0.0052533937
224.64	1.5157929e-06	-5.8436106	-0.0052608263
225.28	1.5702513e-06	-5.8436014	-0.0052670355
225.92	1.4852832e-06	-5.8436152	-0.0052598096
226.56	1.4689817e-06	-5.8436292	-0.0052288188
227.2	1.4790814e-06	-5.8436292	-0.0052614388
227.84	1.4721747e-06	-5.8436246	-0.0052250221
228.48	1.4860704e-06	-5.8436199	-0.005262093
229.12	1.5260354e-06	-5.8436013	-0.0052248641
229.76	1.5041143e-06	-5.8436013	-0.0052372863
230.4	1.5392616e-06	-5.843606	-0.005241142
231.04	1.5599855e-06	-5.8436246	-0.0052659739
231.68	1.4889597e-06	-5.8436199	-0.0052514874
232.32	1.4863697e-06	-5.8436153	-0.0052272405
232.96	1.4759255e-06	-5.8436432	-0.0052656109
233.6	1.4828075e-06	-5.8436246	-0.0052433669
234.24	1.4701707e-06	-5.8436153	-0.0052669644
234.88	1.5019767e-06	-5.8436385	-0.0052498352
235.52	1.5172095e-06	-5.8436292	-0.0052227217
236.16	1.5161609e-06	-5.8436292	-0.0052620425
236.8	1.5017915e-06	-5.8435873	-0.0052319833
237.44	1.5359989e-06	-5.8436106	-0.0052565851
238.08	1.5349624e-06	-5.8436153	-0.0052308569
238.72	1.4994134e-06	-5.8436106	-0.0052339825
239.36	1.4909613e-06	-5.8436292	-0.0052493212
240	1.4435104e-06	-5.8436385	-0.0052603295
240.64	1.4781698e-06	-5.843606	-0.0052311753
241.28	1.5042827e-06	-5.843606	-0.0052250287
241.92	1.4877185e-06	-5.8436152	-0.0052256451
242.56	1.5048658e-06	-5.8436199	-0.0052286344
243.2	1.5104431e-06	-5.8436199	-0.0052300644
243.84	1.5023149e-06	-5.8436199	-0.0052589077
244.48	1.5205864e-06	-5.8436106	-0.0052344327
245.12	1.4987244e-06	-5.8436339	-0.0052482849
245.76	1.4851435e-06	-5.8436199	-0.0052544969
246.4	1.4749467e-06	-5.8436385	-0.0052481191
247.04	1.4881845e-06	-5.8436385	-0.0052578571
247.68	1.4915066e-06	-5.8436339	-0.0052646082
248.32	1.4818339e-06	-5.8436478	-0.0052722043
248.96	1.4977131e-06	-5.8436152	-0.0052662281
249.6	1.5161698e-06	-5.8436431	-0.0052320546
250.24	1.5390037e-06	-5.8436432	-0.0052895157
250.88	1.4910054e-06	-5.8436152	-0.0052244352
251.52	1.5050636e-06	-5.8436106	-0.0052528274
252.16	1.4852503e-06	-5.8436339	-0.0052523277
252.8	1.4560825e-06	-5.8436199	-0.0052529408
253.44	1.4740984e-06	-5.8436292	-0.0052495125
254.08	1.5089911e-06	-5.8436339	-0.005251479
254.72	1.519865e-06	-5.8436478	-0.0052689621
255.36	1.5081429e-06	-5.8436059	-0.00522057
256	1.5015294e-06	-5.8436199	-0.0052526991
256.64	1.5081571e-06	-5.8436292	-0.0052403956
257.28	1.5178337e-06	-5.8436525	-0.0052386102
257.92	1.4878391e-06	-5.8436571	-0.0052628115
258.56	1.4690732e-06	-5.8436292	-0.0052489771
259.2	1.480628e-06	-5.8436153	-0.0052373883
259.84	1.4720513e-06	-5.8435967	-0.0052360052
260.48	1.4909925e-06	-5.8436013	-0.00521964
261.12	1.5061724e-06	-5.8435873	-0.0052142045
261.76	1.4949214e-06	-5.8436385	-0.0052635327
262.4	1.5035985e-06	-5.8436199	-0.0052426665
263.04	1.5224036e-06	-5.8436106	-0.0052494733
263.68	1.484315e-06	-5.8436106	-0.0052253416
264.32	1.4840287e-06	-5.8435967	-0.005236743
264.96	1.4982153e-06	-5.8435827	-0.0052515616
265.6	1.4901774e-06	-5.8436106	-0.0052899752
266.24	1.5063824e-06	-5.8436153	-0.0052155786
266.88	1.4890606e-06	-5.8435966	-0.0052760158
267.52	1.5198949e-06	-5.8436339	-0.0052604469
268.16	1.495779e-06	-5.8436292	-0.0052657894
268.8	1.4919583e-06	-5.8436431	-0.0052535394
269.44	1.5223201e-06	-5.8436246	-0.005270177
270.08	1.5066894e-06	-5.8436246	-0.0052389928
270.72	1.4763052e-06	-5.8436106	-0.005223368
271.36	1.4794517e-06	-5.8436199	-0.0052621164
272	1.4913359e-06	-5.843606	-0.0052222661
272.64	1.4695344e-06	-5.8436339	-0.0052446028
273.28	1.4875295e-06	-5.8436245	-0.0052509457
273.92	1.520802e-06	-5.8436153	-0.0052484437
274.56	1.5158561e-06	-5.8436245	-0.0052714812
275.2	1.5187249e-06	-5.8436199	-0.0052321959
275.84	1.4982699e-06	-5.8436385	-0.0052519204
276.48	1.5051964e-06	-5.8436106	-0.0052415157
277.12	1.4676369e-06	-5.8436246	-0.0052681519
277.76	1.4888871e-06	-5.843606	-0.0052682612
278.4	1.470304e-06	-5.8435967	-0.0052363603
279.04	1.4893901e-06	-5.843606	-0.0052765589
279.68	1.5046628e-06	-5.8436106	-0.0052269326
280.32	1.5268999e-06	-5.8436525	-0.005269123
280.96	1.5198693e-06	-5.8436385	-0.0052606401
281.6	1.5405972e-06	-5.8436339	-0.0052331987
282.24	1.4981097e-06	-5.8436478	-0.0052801708
282.88	1.4994671e-06	-5.8436385	-0.0052367974
283.52	1.4623508e-06	-5.8436339	-0.0052724513
284.16	1.4846615e-06	-5.8436292	-0.0052425854
284.8	1.4827391e-06	-5.8436385	-0.0052407987
285.44	1.4975088e-06	-5.8436153	-0.0052246349
286.08	1.5078075e-06	-5.8436106	-0.0052451178
286.72	1.5270952e-06	-5.8436385	-0.0052559268
287.36	1.5003352e-06	-5.8436385	-0.0052533967
288	1.5170327e-06	-5.8436199	-0.0052453514
288.64	1.5020488e-06	-5.8436245	-0.0052413208
289.28	1.4716091e-06	-5.8436245	-0.0052682969
289.92	1.5051148e-06	-5.8436199	-0.0052258079
290.56	1.486464e-06	-5.8436199	-0.0052313151
291.2	1.4681989e-06	-5.8436153	-0.0052526976
291.84	1.4913262e-06	-5.8436292	-0.0052652444
292.48	1.5088431e-06	-5.8436199	-0.0052431796
293.12	1.5335396e-06	-5.8436199	-0.0052408721
293.76	1.5175394e-06	-5.8436292	-0.0052410435
294.4	1.5274886e-06	-5.8436013	-0.0052385101
295.04	1.4802781e-06	-5.843592	-0.0052644767
295.68	1.4827093e-06	-5.843606	-0.0052362492
296.32	1.4726866e-06	-5.8436153	-0.005230425
296.96	1.4649887e-06	-5.8436292	-0.0052389469
297.6	1.4751367e-06	-5.8436153	-0.0052629932
298.24	1.5162406e-06	-5.8436013	-0.0052376512
298.88	1.5282203e-06	-5.8436246	-0.0052345352
299.52	1.5289397e-06	-5.8436245	-0.0052522894
300.16	1.4933969e-06	-5.8436431	-0.0052512326
300.8	1.5175764e-06	-5.8436152	-0.0052408276
301.44	1.4841389e-06	-5.8436245	-0.0052257098
302.08	1.5012485e-06	-5.8436292	-0.0052387888
302.72	1.5025264e-06	-5.8436339	-0.0052644485
303.36	1.4611898e-06	-5.8436292	-0.0052442182
304	1.4922262e-06	-5.843606	-0.0052454654
304.64	1.4838262e-06	-5.8436152	-0.0052330346
305.28	1.5206254e-06	-5.8435966	-0.0052374379
305.92	1.5556967e-06	-5.8436153	-0.0052512181
306.56	1.5109033e-06	-5.8436013	-0.005232179
307.2	1.5086361e-06	-5.8436152	-0.0052411511
307.84	1.510131e-06	-5.8436292	-0.0052760324
308.48	1.4892282e-06	-5.8436292	-0.0052489402
309.12	1.4308819e-06	-5.8436431	-0.0052328165
309.76	1.4662564e-06	-5.8436153	-0.0052321418
310.4	1.4733657e-06	-5.8436199	-0.0052598843
311.04	1.500861e-06	-5.8436153	-0.00525419
311.68	1.5133837e-06	-5.8436059	-0.0052664794
312.32	1.5011383e-06	-5.8436478	-0.0052491655
312.96	1.5161164e-06	-5.8436152	-0.0052414323
313.6	1.5096202e-06	-5.8436385	-0.0052685335
314.24	1.5064372e-06	-5.8436199	-0.0052342822
314.88	1.467978e-06	-5.8436246	-0.0052455917
315.52	1.4816519e-06	-5.8436246	-0.0052366216
316.16	1.4698158e-06	-5.8436199	-0.0052363143
316.8	1.4540396e-06	-5.8436106	-0.0052709762
317.44	1.4946837e-06	-5.8436245	-0.00525788
318.08	1.5381501e-06	-5.8436478	-0.0052983014
318.72	1.5243705e-06	-5.8436292	-0.0052630173
319.36	1.5126352e-06	-5.8436385	-0.0052439237
320	1.5181365e-06	-5.8436246	-0.0052456463
320.64	1.4971986e-06	-5.843606	-0.0052647896
321.28	1.4832694e-06	-5.8436292	-0.005257167
321.92	1.4896947e-06	-5.8436479	-0.0052594625
322.56	1.4903585e-06	-5.8436665	-0.0052761594
323.2	1.4988384e-06	-5.8436106	-0.0052550456
323.84	1.5057014e-06	-5.8436106	-0.0052656809
324.48	1.5072322e-06	-5.8436292	-0.0052353109
325.12	1.5158093e-06	-5.8436478	-0.0052506435
325.76	1.5430218e-06	-5.8436618	-0.0052611147
326.4	1.5210702e-06	-5.8436339	-0.0052484584
327.04	1.5109999e-06	-5.8436339	-0.0052712541
327.68	1.4881292e-06	-5.843606	-0.0052188146
328.32	1.4877801e-06	-5.8436478	-0.0052592631
328.96	1.4503633e-06	-5.8436338	-0.0052623435
329.6	1.4729649e-06	-5.8436478	-0.0052462802
330.24	1.4963999e-06	-5.8436199	-0.0052539131
330.88	1.5479966e-06	-5.8436153	-0.0052384872
331.52	1.523721e-06	-5.8436199	-0.0052402863
332.16	1.5186721e-06	-5.8436106	-0.0052291563
332.8	1.491087e-06	-5.8436199	-0.0052393344
333.44	1.4845356e-06	-5.8436153	-0.005232827
334.08	1.4871636e-06	-5.8436153	-0.0052559283
334.72	1.4590421e-06	-5.8436292	-0.0052472201
335.36	1.4678365e-06	-5.8436385	-0.0052387288
336	1.5031706e-06	-5.8436339	-0.0052438254
336.64	1.5100051e-06	-5.8436152	-0.0052612707
337.28	1.5481534e-06	-5.8436153	-0.005205484
337.92	1.524771e-06	-5.8436478	-0.0052557737
338.56	1.5158806e-06	-5.8436338	-0.0052298262
339.2	1.5190224e-06	-5.8436199	-0.0052499934
339.84	1.4920093e-06	-5.8436292	-0.0052692991
340.48	1.4459397e-06	-5.8436338	-0.0052477792
341.12	1.4645716e-06	-5.8436199	-0.0052646315
341.76	1.4778889e-06	-5.8435967	-0.0052506785
342.4	1.5065287e-06	-5.8436106	-0.0052539721
343.04	1.505099e-06	-5.8436152	-0.0052510968
343.68	1.5037495e-06	-5.8436059	-0.0052610599
344.32	1.5046519e-06	-5.8436338	-0.0052504389
344.96	1.5149195e-06	-5.8436152	-0.0052463409
345.6	1.4962358e-06	-5.8436199	-0.0052675473
346.24	1.4918505e-06	-5.8436432	-0.005241787
346.88	1.4684895e-06	-5.8436246	-0.0052500949
347.52	1.4882211e-06	-5.8436153	-0.0052467053
348.16	1.5003974e-06	-5.8436199	-0.0052662584
348.8	1.4924466e-06	-5.843606	-0.0052504693
349.44	1.495662e-06	-5.8436292	-0.0052380027
350.08	1.5207569e-06	-5.8436524	-0.0052252252
350.72	1.5292945e-06	-5.8436199	-0.0052308292
351.36	1.4946981e-06	-5.8436338	-0.0052416848
352	1.514271e-06	-5.8436292	-0.0052421493
352.64	1.4872491e-06	-5.8436246	-0.0052180082
353.28	1.4661647e-06	-5.8436199	-0.0052307022
353.92	1.4910552e-06	-5.8436106	-0.0052635579
354.56	1.485902e-06	-5.8436153	-0.005268069
355.2	1.4736035e-06	-5.8436106	-0.0052629283
355.84	1.5099048e-06	-5.8436338	-0.0052722908
356.48	1.5322521e-06	-5.8436525	-0.0052772997
357.12	1.5259742e-06	-5.8436245	-0.0052690231
357.76	1.4987873e-06	-5.8436059	-0.0052578187
358.4	1.4910268e-06	-5.8436339	-0.0052408677
359.04	1.4866908e-06	-5.8436292	-0.0052590664
359.68	1.4515073e-06	-5.8436432	-0.0052511277
360.32	1.4938941e-06	-5.8436246	-0.0052498184
360.96	1.4862851e-06	-5.8436199	-0.0052637696
361.6	1.4756583e-06	-5.8436338	-0.0052579374
362.24	1.4787453e-06	-5.8436431	-0.0052759541
362.88	1.5044415e-06	-5.8436106	-0.0052308913
363.52	1.4947474e-06	-5.8436059	-0.0052470261
364.16	1.5157268e-06	-5.8436013	-0.005229454
364.8	1.4775091e-06	-5.8436292	-0.0052728174
365.44	1.4866336e-06	-5.8436199	-0.0052434769
366.08	1.5099632e-06	-5.8435921	-0.0052510262
366.72	1.4896243e-06	-5.8436153	-0.0052388361
367.36	1.5063591e-06	-5.843606	-0.0052415861
368	1.4950916e-06	-5.8436245	-0.0052298001
368.64	1.5146714e-06	-5.8436199	-0.0052482179
369.28	1.527259e-06	-5.8436292	-0.0052795753
369.92	1.5056813e-06	-5.8436106	-0.0052497905
370.56	1.5080455e-06	-5.843606	-0.0052671211
371.2	1.5033194e-06	-5.8436153	-0.0052756404
371.84	1.4692204e-06	-5.8436153	-0.0052431135
372.48	1.4790588e-06	-5.843606	-0.0052318825
373.12	1.4871228e-06	-5.8436153	-0.0052301802
373.76	1.4978112e-06	-5.8436106	-0.0052670997
374.4	1.5011069e-06	-5.8436013	-0.0052614417
375.04	1.4933339e-06	-5.8436152	-0.0052539469
375.68	1.519227e-06	-5.8436059	-0.0052553289
376.32	1.497831e-06	-5.8436245	-0.0052573535
376.96	1.4972371e-06	-5.8436292	-0.0052519929
377.6	1.5021209e-06	-5.8436199	-0.0052603437
378.24	1.446906e-06	-5.8436338	-0.0052439979
378.88	1.4624496e-06	-5.8436292	-0.0052627106
379.52	1.488593e-06	-5.8436153	-0.0052254852
380.16	1.5005919e-06	-5.8436199	-0.0052425887
380.8	1.5047254e-06	-5.8436106	-0.0052593208
381.44	1.5209876e-06	-5.8436152	-0.0052715082
382.08	1.5076961e-06	-5.8436385	-0.0052454643
382.72	1.5093498e-06	-5.8436431	-0.0052654207
383.36	1.4954754e-06	-5.8436199	-0.0052339843
384	1.4856408e-06	-5.8436153	-0.0052321867
384.64	1.4880412e-06	-5.8436246	-0.0052478591
385.28	1.4814602e-06	-5.8436339	-0.0052420746
385.92	1.5009922e-06	-5.8436153	-0.0052545531
386.56	1.4748526e-06	-5.8436199	-0.005261135
387.2	1.5002937e-06	-5.8436152	-0.0052446193
387.84	1.5037551e-06	-5.8436152	-0.0052399789
388.48	1.5219215e-06	-5.8436245	-0.0052584689
389.12	1.4967175e-06	-5.8436245	-0.0052394396
389.76	1.4998783e-06	-5.8436339	-0.0052436073
390.4	1.4876956e-06	-5.8436199	-0.0052317516
391.04	1.4732225e-06	-5.843606	-0.0052657455
391.68	1.5021012e-06	-5.84362	-0.0052725797
392.32	1.5103847e-06	-5.8436432	-0.0052580264
392.96	1.4979878e-06	-5.8436432	-0.005255492
393.6	1.5260542e-06	-5.8436339	-0.0052489043
394.24	1.5562071e-06	-5.8436385	-0.0052500721
394.88	1.5228096e-06	-5.8436385	-0.0052421517
395.52	1.514415e-06	-5.8436106	-0.005257298
396.16	1.481791e-06	-5.8436339	-0.0052413219
396.8	1.4819767e-06	-5.8436339	-0.0052624369
397.44	1.4819349e-06	-5.8436292	-0.0052693839
398.08	1.4780131e-06	-5.8436013	-0.0052283142
398.72	1.5019801e-06	-5.8436153	-0.0052406338
399.36	1.4994742e-06	-5.8436339	-0.0052403188
400	1.522209e-06	-5.8436339	-0.0052563711
400.64	1.4949218e-06	-5.8436292	-0.0052376755
401.28	1.5289191e-06	-5.8436152	-0.005255811
401.92	1.4907014e-06	-5.8436152	-0.0052571464
402.56	1.4939081e-06	-5.8436106	-0.0052528269
403.2	1.4774724e-06	-5.8436385	-0.0052507121
403.84	1.495917e-06	-5.8436292	-0.0052284219
404.48	1.4814039e-06	-5.8436339	-0.005257691
405.12	1.4645633e-06	-5.8436106	-0.0052536108
405.76	1.5159256e-06	-5.843606	-0.0052226614
406.4	1.5300848e-06	-5.8436013	-0.0052377467
407.04	1.5214433e-06	-5.8436106	-0.0052546243
407.68	1.5248796e-06	-5.8436525	-0.005243279
408.32	1.5083768e-06	-5.8436339	-0.0052550857
408.96	1.4818424e-06	-5.8436153	-0.0052425536
409.6	1.4897328e-06	-5.8436571	-0.0052453895
410.24	1.4439735e-06	-5.8436525	-0.0052667278
410.88	1.4967271e-06	-5.8436153	-0.0052580675
411.52	1.4771781e-06	-5.8436292	-0.0052466075
412.16	1.5135197e-06	-5.8436246	-0.0052332145
412.8	1.49278e-06	-5.8436385	-0.0052609818
413.44	1.5353714e-06	-5.8436106	-0.0052456795
414.08	1.5112608e-06	-5.8436338	-0.0052462237
414.72	1.5063507e-06	-5.8436339	-0.005258114
415.36	1.5015301e-06	-5.8436339	-0.0052552499
416	1.4696293e-06	-5.8436339	-0.0052231622
416.64	1.494815e-06	-5.8436479	-0.0052445413
417.28	1.4813401e-06	-5.8436106	-0.0052468485
417.92	1.4716801e-06	-5.8436245	-0.0052515406
418.56	1.5311841e-06	-5.8436246	-0.0052581559
419.2	1.5199945e-06	-5.8436292	-0.0052351351
419.84	1.5090184e-06	-5.8436292	-0.0052501696
420.48	1.5379444e-06	-5.8436339	-0.0052724677
421.12	1.4966387e-06	-5.8436385	-0.0052518261
421.76	1.5036472e-06	-5.8436153	-0.005236632
422.4	1.4665399e-06	-5.8436153	-0.0052270305
423.04	1.5000699e-06	-5.8436293	-0.0052592201
423.68	1.4817515e-06	-5.8436339	-0.0052666431
424.32	1.4918823e-06	-5.8436292	-0.0052527162
424.96	1.5085945e-06	-5.8436106	-0.0052643416
425.6	1.4960794e-06	-5.8436106	-0.0052282353
426.24	1.4946754e-06	-5.8436059	-0.0052562653
426.88	1.5120338e-06	-5.8436199	-0.0052435732
427.52	1.4949339e-06	-5.8436246	-0.0052564892
428.16	1.4690819e-06	-5.8436292	-0.0052445921
428.8	1.4904411e-06	-5.8436106	-0.0052415567
429.44	1.4907805e-06	-5.8436339	-0.0052643149
430.08	1.4646341e-06	-5.8436059	-0.0052406742
430.72	1.5008521e-06	-5.8436153	-0.0052360432
431.36	1.5154956e-06	-5.8436106	-0.0052238529
432	1.4818103e-06	-5.8436152	-0.0052486613
432.64	1.524099e-06	-5.8436013	-0.005235959
433.28	1.5004779e-06	-5.8436245	-0.0052837933
433.92	1.5170116e-06	-5.8436478	-0.0052436816
434.56	1.4770148e-06	-5.8436153	-0.0052471903
435.2	1.4710912e-06	-5.8436339	-0.0052293708
435.84	1.4876917e-06	-5.843606	-0.0052412875
436.48	1.478993e-06	-5.843606	-0.0052717545
437.12	1.518778e-06	-5.8436013	-0.0052700271
437.76	1.5108467e-06	-5.8436152	-0.0052508655
438.4	1.5116273e-06	-5.8436245	-0.0052365542
439.04	1.5443064e-06	-5.8436199	-0.0052379698
439.68	1.4934667e-06	-5.8436059	-0.0052701651
440.32	1.4897394e-06	-5.8435966	-0.005228916
440.96	1.4895719e-06	-5.8436199	-0.0052590484
441.6	1.473662e-06	-5.843606	-0.0052592652
442.24	1.4767401e-06	-5.8436153	-0.0052630999
442.88	1.4915886e-06	-5.8436153	-0.0052523072
443.52	1.4860659e-06	-5.8436338	-0.005242084
444.16	1.505577e-06	-5.8436152	-0.0052468091
444.8	1.5068942e-06	-5.8436199	-0.0052630619
445.44	1.5207796e-06	-5.8436339	-0.0052507676
446.08	1.5270941e-06	-5.8436292	-0.0052411133
446.72	1.4780864e-06	-5.8436199	-0.0052473233
447.36	1.4721237e-06	-5.8436339	-0.0052781217
448	1.4661788e-06	-5.8436432	-0.0052456524
448.64	1.4606587e-06	-5.8436106	-0.0052483074
449.28	1.5068562e-06	-5.843592	-0.0052579491
449.92	1.5067618e-06	-5.8436246	-0.0052487645
450.56	1.5193847e-06	-5.8436245	-0.0052349369
451.2	1.5236691e-06	-5.8436152	-0.0052606074
451.84	1.5388798e-06	-5.8436478	-0.0052582766
452.48	1.4681893e-06	-5.8436245	-0.0052304642
453.12	1.4756497e-06	-5.8436246	-0.0052538838
453.76	1.4905378e-06	-5.8436199	-0.0052661271
454.4	1.5095659e-06	-5.8436014	-0.0052352822
455.04	1.492234e-06	-5.8436153	-0.005239548
455.68	1.4795461e-06	-5.8436152	-0.0052267722
456.32	1.5053031e-06	-5.8436152	-0.0052731085
456.96	1.5276894e-06	-5.8436059	-0.0052489296
457.6	1.5252454e-06	-5.8436292	-0.0052495126
458.24	1.5098351e-06	-5.8436385	-0.0052489643
458.88	1.480165e-06	-5.8436524	-0.0052615009
459.52	1.4825136e-06	-5.8436246	-0.0052549907
460.16	1.4668399e-06	-5.8436246	-0.0052371436
460.8	1.4815191e-06	-5.8436199	-0.0052567186
461.44	1.4971986e-06	-5.8436013	-0.0052471478
462.08	1.4872746e-06	-5.8435966	-0.0052548832
462.72	1.5064989e-06	-5.8436059	-0.0052431285
463.36	1.4884189e-06	-5.8435873	-0.0052073458
464	1.5058358e-06	-5.8436292	-0.0052622352
464.64	1.5284283e-06	-5.8436339	-0.005223546
465.28	1.50277e-06	-5.8436199	-0.0052506311
465.92	1.4778893e-06	-5.8436292	-0.005231154
466.56	1.4685501e-06	-5.8436153	-0.0052488744
467.2	1.4953791e-06	-5.8436292	-0.005254459
467.84	1.4979891e-06	-5.8436432	-0.0052428396
468.48	1.4904744e-06	-5.8436432	-0.0052480539
469.12	1.4965988e-06	-5.8436245	-0.0052693911
469.76	1.5469133e-06	-5.8436199	-0.0052419506
470.4	1.5244225e-06	-5.8436152	-0.0052502978
471.04	1.5191766e-06	-5.8436246	-0.0052293893
471.68	1.5064917e-06	-5.8436106	-0.005260218
472.32	1.4813326e-06	-5.843592	-0.005231731
472.96	1.4720134e-06	-5.843606	-0.0052283707
473.6	1.4729886e-06	-5.8436199	-0.0052457918
474.24	1.477318e-06	-5.8436153	-0.0052248726
474.88	1.4954883e-06	-5.8436292	-0.0052716693
475.52	1.522062e-06	-5.8436199	-0.0052470193
476.16	1.5217452e-06	-5.8436245	-0.0052477559
476.8	1.5213062e-06	-5.843592	-0.0052372209
477.44	1.5151712e-06	-5.8436013	-0.0052574259
478.08	1.4852791e-06	-5.8436246	-0.0052498989
478.72	1.4770931e-06	-5.8436292	-0.0052419102
479.36	1.4700298e-06	-5.8436199	-0.0052584993
480	1.4912866e-06	-5.8436339	-0.0052530035
480.64	1.5111064e-06	-5.8436153	-0.0052403807
481.28	1.5077132e-06	-5.8436385	-0.0052477605
481.92	1.5109387e-06	-5.8436292	-0.0052331333
482.56	1.527796e-06	-5.8436106	-0.0052273247
483.2	1.4987664e-06	-5.8436106	-0.0052425483
483.84	1.5382013e-06	-5.8436246	-0.0052357706
484.48	1.5008499e-06	-5.8436106	-0.00526055
485.12	1.4766147e-06	-5.8436339	-0.0052452164
485.76	1.4798697e-06	-5.8436199	-0.0052567886
486.4	1.4845744e-06	-5.8436292	-0.005240305
487.04	1.4996687e-06	-5.8436199	-0.0052598238
487.68	1.4912329e-06	-5.8435873	-0.0052468323
488.32	1.5319247e-06	-5.8436153	-0.0052433161
488.96	1.5192546e-06	-5.8436292	-0.0052381597
489.6	1.5039686e-06	-5.8436106	-0.0052499003
490.24	1.4948185e-06	-5.843592	-0.0052192021
490.88	1.4907884e-06	-5.8436106	-0.0052454525
491.52	1.5138882e-06	-5.8436153	-0.0052592496
492.16	1.4753025e-06	-5.8436153	-0.0052325608
492.8	1.5013525e-06	-5.8436385	-0.005247777
493.44	1.4772017e-06	-5.8436245	-0.0052788408
494.08	1.5097612e-06	-5.8436292	-0.0052483459
494.72	1.5303081e-06	-5.8436106	-0.0052459133
495.36	1.5237628e-06	-5.8436199	-0.0052500266
496	1.5008525e-06	-5.8436292	-0.005223205
496.64	1.5206604e-06	-5.8436153	-0.00524979
497.28	1.4877501e-06	-5.8436292	-0.0052831881
497.92	1.4842021e-06	-5.843606	-0.005215849
498.56	1.4814148e-06	-5.843592	-0.0052565653
499.2	1.483924e-06	-5.843606	-0.0052409254
499.84	1.5164883e-06	-5.843606	-0.0052188098
