0	5.8517552e-05	-5.8427946	-0.019166616
0.64	5.9387308e-05	-5.8428184	-0.019144145
1.28	6.02502e-05	-5.8428462	-0.019069178
1.92	5.9262745e-05	-5.8426766	-0.019192858
2.56	6.0490333e-05	-5.8428488	-0.019381961
3.2	6.0298098e-05	-5.8428343	-0.019227858
3.84	6.1191628e-05	-5.8427844	-0.019226222
4.48	6.0664206e-05	-5.8427896	-0.019153796
5.12	5.8860555e-05	-5.8427797	-0.019261655
5.76	5.8945691e-05	-5.8427994	-0.01909515
6.4	5.9586025e-05	-5.8427585	-0.019332774
7.04	5.9440198e-05	-5.8427579	-0.019177559
7.68	5.9090748e-05	-5.8428263	-0.019339251
8.32	6.1047175e-05	-5.8427572	-0.0191614
8.96	6.0866154e-05	-5.8426956	-0.019136151
9.6	6.0801385e-05	-5.8429092	-0.019361503
10.24	6.1180692e-05	-5.8427241	-0.019253317
10.88	5.9600192e-05	-5.842705	-0.019152869
11.52	5.8962989e-05	-5.8428963	-0.019477132
12.16	5.8021403e-05	-5.8428125	-0.019132527
12.8	5.9532067e-05	-5.8428281	-0.019178803
13.44	5.9393417e-05	-5.8427856	-0.019238658
14.08	6.0315101e-05	-5.842818	-0.019306249
14.72	5.9330776e-05	-5.8427041	-0.019179999
15.36	6.096624e-05	-5.8427561	-0.019166677
16	6.039988e-05	-5.8428159	-0.019261863
16.64	6.0315516e-05	-5.8427978	-0.019251141
17.28	6.0160746e-05	-5.8427987	-0.019097283
17.92	5.979769e-05	-5.8428275	-0.019188834
18.56	5.8206542e-05	-5.8428593	-0.019211575
19.2	5.8703741e-05	-5.8427668	-0.019286155
19.84	6.0594455e-05	-5.8428192	-0.019080574
20.48	5.9613307e-05	-5.8428124	-0.019231855
21.12	6.0164676e-05	-5.8427653	-0.019269783
21.76	5.9813318e-05	-5.8427456	-0.019182754
22.4	6.1090723e-05	-5.8428584	-0.019279123
23.04	5.9825345e-05	-5.84283	-0.019263222
23.68	5.8900817e-05	-5.8427791	-0.019254896
24.32	5.9733163e-05	-5.8427997	-0.01911395
24.96	5.9040059e-05	-5.8427904	-0.019206695
25.6	5.8571978e-05	-5.8427805	-0.019145913
26.24	5.9495253e-05	-5.8428179	-0.019227789
26.88	6.0227279e-05	-5.8428222	-0.019299439
27.52	6.0519656e-05	-5.8427934	-0.019115583
28.16	6.0713492e-05	-5.8427791	-0.019132977
28.8	6.0962359e-05	-5.8427747	-0.019381065
29.44	6.1117938e-05	-5.8428547	-0.019278169
30.08	5.9343143e-05	-5.8427192	-0.0191307
30.72	6.0046383e-05	-5.8427396	-0.019143543
31.36	5.9058388e-05	-5.8428416	-0.019273108
32	6.0047707e-05	-5.8427866	-0.019232834
32.64	5.9470848e-05	-5.8427712	-0.01922438
33.28	6.0332051e-05	-5.8427291	-0.019272635
33.92	6.0294741e-05	-5.8427977	-0.019108336
34.56	6.078539e-05	-5.842807	-0.019310105
35.2	6.0331679e-05	-5.8427649	-0.019361334
35.84	6.0439234e-05	-5.8427984	-0.019109378
36.48	5.9313494e-05	-5.8428357	-0.019183664
37.12	5.9842863e-05	-5.8427627	-0.019119401
37.76	5.8728766e-05	-5.8427761	-0.01920417
38.4	5.8800476e-05	-5.842762	-0.019264689
39.04	5.8950943e-05	-5.8428218	-0.019295792
39.68	6.067248e-05	-5.8427991	-0.019192206
40.32	6.0107774e-05	-5.8428439	-0.019221272
40.96	6.0481491e-05	-5.8427648	-0.019116566
41.6	6.0475539e-05	-5.8427418	-0.019144911
42.24	5.9931437e-05	-5.8427748	-0.019248825
42.88	5.9471908e-05	-5.842836	-0.019248838
43.52	5.8894298e-05	-5.8427852	-0.019081633
44.16	5.9010177e-05	-5.8428555	-0.019371071
44.8	5.9223261e-05	-5.8428135	-0.019192863
45.44	5.9536907e-05	-5.8428036	-0.019301613
46.08	6.0954633e-05	-5.8427573	-0.019179622
46.72	6.090454e-05	-5.8427748	-0.019207265
47.36	6.0917569e-05	-5.8427187	-0.019094443
48	6.0444835e-05	-5.8428443	-0.019278618
48.64	6.0502432e-05	-5.8428454	-0.019362906
49.28	5.9305445e-05	-5.8427942	-0.01905481
49.92	6.0558795e-05	-5.8427963	-0.019416392
50.56	5.8648067e-05	-5.8428644	-0.019168245
51.2	5.8733868e-05	-5.8427757	-0.019133546
51.84	6.0048904e-05	-5.8427899	-0.019126577
52.48	6.0762121e-05	-5.8427661	-0.019073724
53.12	6.0743481e-05	-5.8428258	-0.019190428
53.76	6.0805811e-05	-5.8427837	-0.019109772
54.4	5.9997974e-05	-5.8428626	-0.019184725
55.04	6.0909189e-05	-5.8427947	-0.019279061
55.68	5.9968543e-05	-5.8427624	-0.019158826
56.32	5.9411409e-05	-5.8427534	-0.019249951
56.96	6.0107561e-05	-5.8428472	-0.019204622
57.6	5.9377277e-05	-5.8427994	-0.019172096
58.24	6.0000713e-05	-5.8427804	-0.01924951
58.88	5.9497973e-05	-5.8428392	-0.019247754
59.52	6.0368407e-05	-5.8427695	-0.019117549
60.16	6.1032091e-05	-5.8428631	-0.019209538
60.8	6.0047263e-05	-5.8428441	-0.019160571
61.44	5.924605e-05	-5.8428351	-0.019233195
62.08	5.8674018e-05	-5.8428404	-0.019280993
62.72	6.0440649e-05	-5.8428103	-0.019152651
63.36	5.8250595e-05	-5.8427663	-0.019067364
64	5.9804938e-05	-5.8427811	-0.019208946
64.64	6.0200227e-05	-5.842799	-0.019294417
65.28	6.0606589e-05	-5.8428122	-0.019185277
65.92	6.1233039e-05	-5.8428028	-0.019202353
66.56	6.170187e-05	-5.8428451	-0.019301898
67.2	6.0228292e-05	-5.8428072	-0.019209433
67.84	5.9304651e-05	-5.8428633	-0.019250542
68.48	5.9209639e-05	-5.8427713	-0.019224491
69.12	5.9919036e-05	-5.8428145	-0.019094438
69.76	5.9077641e-05	-5.842795	-0.019127582
70.4	5.9539851e-05	-5.8427761	-0.019165072
71.04	6.0792018e-05	-5.8427436	-0.019303822
71.68	6.0154358e-05	-5.8427744	-0.019048198
72.32	6.1043397e-05	-5.8427793	-0.019404149
72.96	6.1091365e-05	-5.842747	-0.019214698
73.6	6.0743016e-05	-5.8428823	-0.019052547
74.24	5.9622023e-05	-5.8428405	-0.019282982
74.88	5.9993708e-05	-5.8428187	-0.019428456
75.52	5.8830556e-05	-5.842725	-0.019252333
76.16	5.8946571e-05	-5.8427994	-0.019281986
76.8	5.9242788e-05	-5.8427524	-0.019270723
77.44	5.9734484e-05	-5.8428447	-0.019088675
78.08	6.0842565e-05	-5.8428123	-0.019250407
78.72	6.0960888e-05	-5.8427048	-0.0190652
79.36	6.0559202e-05	-5.8428395	-0.019294269
80	6.0658371e-05	-5.8428498	-0.01911922
80.64	5.9623919e-05	-5.8427616	-0.019222558
81.28	5.8524945e-05	-5.8428592	-0.019163508
81.92	5.9298783e-05	-5.8428418	-0.019304406
82.56	5.9077083e-05	-5.8427669	-0.019149382
83.2	5.9196112e-05	-5.8428824	-0.019254641
83.84	6.0674734e-05	-5.842706	-0.019139279
84.48	5.9821105e-05	-5.8427878	-0.019248589
85.12	6.1443442e-05	-5.8428262	-0.019273747
85.76	6.078826e-05	-5.8428538	-0.019026185
86.4	6.0385807e-05	-5.8427566	-0.019058245
87.04	5.9402986e-05	-5.8427754	-0.019260676
87.68	5.9028065e-05	-5.8427575	-0.019180667
88.32	5.9302852e-05	-5.8428605	-0.019320261
88.96	5.8773232e-05	-5.8428643	-0.01916864
89.6	6.0596499e-05	-5.8427534	-0.019155195
90.24	6.0071597e-05	-5.8427609	-0.019223398
90.88	6.1442344e-05	-5.8428218	-0.019426211
91.52	6.1500225e-05	-5.8428263	-0.019145277
92.16	6.041153e-05	-5.8427605	-0.018990372
92.8	5.9128146e-05	-5.8427835	-0.019131995
93.44	5.9142596e-05	-5.8428033	-0.019187154
94.08	5.9000602e-05	-5.8428878	-0.01931963
94.72	5.8616212e-05	-5.8428273	-0.019166401
95.36	5.9140763e-05	-5.8427668	-0.019267299
96	5.959779e-05	-5.8427429	-0.019215852
96.64	6.1167761e-05	-5.8428921	-0.019158165
97.28	6.0510741e-05	-5.8427789	-0.019179294
97.92	6.1121557e-05	-5.8427561	-0.019096976
98.56	5.9599746e-05	-5.8427506	-0.019250935
99.2	5.9640464e-05	-5.8428679	-0.019203529
99.84	5.8465713e-05	-5.8428028	-0.019077621
100.48	5.7999241e-05	-5.8428079	-0.019096584
101.12	5.9518472e-05	-5.8427211	-0.019136793
101.76	5.9093756e-05	-5.8427759	-0.019186731
102.4	5.9817053e-05	-5.842808	-0.019277563
103.04	5.9456156e-05	-5.8428251	-0.019186575
103.68	6.067072e-05	-5.8427464	-0.01923437
104.32	6.0745756e-05	-5.8428721	-0.019191903
104.96	6.0241546e-05	-5.8428816	-0.019272196
105.6	5.9453633e-05	-5.8427471	-0.019290583
106.24	5.9237692e-05	-5.8428224	-0.019192303
106.88	5.9551962e-05	-5.8427769	-0.019159848
107.52	5.9333111e-05	-5.8428233	-0.019271548
108.16	6.0553732e-05	-5.842833	-0.019166077
108.8	5.9379918e-05	-5.842812	-0.019267648
109.44	6.0759084e-05	-5.8427192	-0.019253053
110.08	5.9535907e-05	-5.8428383	-0.019324176
110.72	6.0827146e-05	-5.8427699	-0.019165768
111.36	6.1060326e-05	-5.8428361	-0.01917999
112	5.9800877e-05	-5.8427569	-0.019140826
112.64	5.936387e-05	-5.8427808	-0.019269505
113.28	5.8886941e-05	-5.8427624	-0.019221515
113.92	5.809079e-05	-5.8428264	-0.019198941
114.56	5.9901554e-05	-5.8428227	-0.019248252
115.2	6.0037895e-05	-5.8429055	-0.019126072
115.84	6.0383797e-05	-5.8428583	-0.01928314
116.48	6.1434949e-05	-5.8427565	-0.019300965
117.12	5.9815973e-05	-5.8427319	-0.019092108
117.76	6.0101938e-05	-5.8427563	-0.019118573
118.4	6.0303911e-05	-5.8427902	-0.01916349
119.04	5.9416288e-05	-5.8427903	-0.019222878
119.68	5.9015408e-05	-5.8428043	-0.019321691
120.32	5.9042296e-05	-5.8427808	-0.018992873
120.96	5.9443161e-05	-5.8428082	-0.019174401
121.6	6.0188449e-05	-5.8427752	-0.019247814
122.24	6.0562702e-05	-5.84277	-0.019135581
122.88	6.1304927e-05	-5.8428308	-0.019233043
123.52	6.0141764e-05	-5.8428253	-0.019352087
124.16	6.0057013e-05	-5.8428215	-0.019271935
124.8	6.0317169e-05	-5.8428042	-0.019206532
125.44	5.876045e-05	-5.8428036	-0.019217131
126.08	5.8844007e-05	-5.8427762	-0.019137967
126.72	5.9557815e-05	-5.8428835	-0.019272846
127.36	6.081173e-05	-5.8428327	-0.01925004
128	5.9339883e-05	-5.8427976	-0.019228352
128.64	6.1123681e-05	-5.8428357	-0.019043739
129.28	5.9840445e-05	-5.8428015	-0.019062648
129.92	6.0803702e-05	-5.8427842	-0.019263577
130.56	6.0856165e-05	-5.8427712	-0.019058123
131.2	5.8844417e-05	-5.8428494	-0.019184484
131.84	5.9020226e-05	-5.8428179	-0.019137028
132.48	5.9455882e-05	-5.8427674	-0.019171977
133.12	5.7841093e-05	-5.8427608	-0.019311613
133.76	5.9071533e-05	-5.8427425	-0.019187289
134.4	5.9971672e-05	-5.8428492	-0.019153386
135.04	5.9460208e-05	-5.8427688	-0.019221709
135.68	6.0487156e-05	-5.8428579	-0.019100658
136.32	5.9716537e-05	-5.8428669	-0.0192019
136.96	6.0739966e-05	-5.8427247	-0.019324093
137.6	5.9692077e-05	-5.8428318	-0.019352158
138.24	5.9843211e-05	-5.842749	-0.019244518
138.88	5.938627e-05	-5.8427627	-0.019368519
139.52	6.0661146e-05	-5.8427635	-0.019223375
140.16	6.0080239e-05	-5.8427945	-0.019228337
140.8	6.0721072e-05	-5.8427894	-0.019140582
141.44	6.0234048e-05	-5.8427556	-0.019095196
142.08	6.1058796e-05	-5.8427655	-0.019028798
142.72	6.0824118e-05	-5.8428309	-0.019392125
143.36	6.0823388e-05	-5.8428086	-0.01931208
144	5.8490753e-05	-5.8427889	-0.019171933
144.64	5.8541e-05	-5.8428176	-0.019408744
145.28	5.8850702e-05	-5.8427808	-0.019050146
145.92	5.9780167e-05	-5.8428463	-0.019334034
146.56	6.0968348e-05	-5.8427859	-0.019057003
147.2	6.0784618e-05	-5.8427567	-0.019266745
147.84	6.0612621e-05	-5.8427837	-0.019199153
148.48	6.1375679e-05	-5.8428123	-0.019303552
149.12	6.1368334e-05	-5.8428828	-0.019171606
149.76	6.0050475e-05	-5.8427895	-0.019259971
150.4	5.7016617e-05	-5.8427504	-0.019104526
151.04	5.8854985e-05	-5.8427994	-0.019128782
151.68	5.8387481e-05	-5.8428454	-0.019002894
152.32	5.9038522e-05	-5.8428314	-0.019278168
152.96	6.0182361e-05	-5.8428455	-0.0193017
153.6	6.0675202e-05	-5.8427936	-0.019092905
154.24	6.0780098e-05	-5.8427605	-0.019185729
154.88	6.0852946e-05	-5.8427467	-0.019197934
155.52	6.1267586e-05	-5.8427897	-0.01909639
156.16	5.9514742e-05	-5.8428496	-0.019191803
156.8	5.8806041e-05	-5.8428779	-0.019346721
157.44	5.920866e-05	-5.8428463	-0.019194635
158.08	5.8914361e-05	-5.8428971	-0.019319443
158.72	5.9780104e-05	-5.8427902	-0.019215101
159.36	5.958217e-05	-5.8427935	-0.019193075
160	6.0721069e-05	-5.8427749	-0.019299475
160.64	6.1584957e-05	-5.8427612	-0.019143866
161.28	6.0718849e-05	-5.8428164	-0.019158705
161.92	5.9853388e-05	-5.8427745	-0.019198734
162.56	5.9352282e-05	-5.8427753	-0.019234175
163.2	5.9121404e-05	-5.8427621	-0.019088774
163.84	5.9085083e-05	-5.8427485	-0.01926909
164.48	5.9826882e-05	-5.8428049	-0.019277526
165.12	5.9002748e-05	-5.8427986	-0.019123844
165.76	5.9822837e-05	-5.8428168	-0.019376067
166.4	6.1726445e-05	-5.8427572	-0.019130886
167.04	6.1062873e-05	-5.8428026	-0.019207017
167.68	6.0271039e-05	-5.8427602	-0.019219686
168.32	6.1051341e-05	-5.8427806	-0.0191077
168.96	5.8869352e-05	-5.8427796	-0.019202108
169.6	5.9248151e-05	-5.8428507	-0.01918546
170.24	6.0167255e-05	-5.8428101	-0.019178156
170.88	5.9706121e-05	-5.8427581	-0.019311733
171.52	5.8922911e-05	-5.8427749	-0.01917831
172.16	6.0729651e-05	-5.8428825	-0.019367434
172.8	6.1189333e-05	-5.8427472	-0.019133403
173.44	6.0157632e-05	-5.842811	-0.019265466
174.08	6.1170766e-05	-5.8428078	-0.01921006
174.72	6.0709122e-05	-5.8428689	-0.019070758
175.36	5.9355575e-05	-5.8428175	-0.019235125
176	5.8370862e-05	-5.8428127	-0.019191623
176.64	5.9435276e-05	-5.842707	-0.019233986
177.28	5.9327199e-05	-5.8427948	-0.019113532
177.92	5.9226483e-05	-5.8428123	-0.01936963
178.56	5.9829094e-05	-5.8428536	-0.019157085
179.2	6.1481674e-05	-5.8427521	-0.019265182
179.84	6.1018844e-05	-5.8427887	-0.019350352
180.48	6.1293803e-05	-5.8428546	-0.019157492
181.12	5.9723045e-05	-5.8427472	-0.019360436
181.76	5.8917333e-05	-5.8427939	-0.019193202
182.4	5.8999212e-05	-5.8427808	-0.019063466
183.04	5.8406732e-05	-5.8427757	-0.01927703
183.68	5.9111525e-05	-5.8428084	-0.019066513
184.32	6.0042032e-05	-5.8427106	-0.019223035
184.96	6.0932473e-05	-5.8427568	-0.019237264
185.6	6.0216973e-05	-5.8428066	-0.019325999
186.24	6.0354885e-05	-5.8428346	-0.019237779
186.88	6.074355e-05	-5.8428217	-0.019170532
187.52	6.0240977e-05	-5.8427757	-0.019301359
188.16	5.9392546e-05	-5.8427852	-0.019133917
188.8	5.857791e-05	-5.8428316	-0.019081095
189.44	5.9657787e-05	-5.8428047	-0.019302368
190.08	6.0558669e-05	-5.8428189	-0.019264629
190.72	5.9732705e-05	-5.8428404	-0.019119329
191.36	6.0472232e-05	-5.8427704	-0.019058393
192	6.0067397e-05	-5.8427553	-0.019274016
192.64	5.9822299e-05	-5.8427643	-0.019192653
193.28	6.0781492e-05	-5.8427659	-0.019312419
193.92	5.8931362e-05	-5.842849	-0.019112149
194.56	5.9527509e-05	-5.8427762	-0.01914845
195.2	5.9143087e-05	-5.8428647	-0.019252401
195.84	5.9175839e-05	-5.8427996	-0.0190763
196.48	5.9616902e-05	-5.8427761	-0.019296768
197.12	5.9816114e-05	-5.8427845	-0.019223437
197.76	6.0007184e-05	-5.8427837	-0.019286583
198.4	6.0487588e-05	-5.8427836	-0.019190288
199.04	6.0686511e-05	-5.8427839	-0.019171016
199.68	6.0837498e-05	-5.842822	-0.019213048
200.32	6.0222133e-05	-5.8427666	-0.019256294
200.96	5.987396e-05	-5.842823	-0.019220999
201.6	5.9321765e-05	-5.8427859	-0.019165521
202.24	5.9184208e-05	-5.8428043	-0.019156956
202.88	6.0152202e-05	-5.8427486	-0.019352199
203.52	6.0694746e-05	-5.8428271	-0.019168551
204.16	6.0952431e-05	-5.8428217	-0.019246817
204.8	6.0710282e-05	-5.8427512	-0.01909895
205.44	6.0206062e-05	-5.8428578	-0.019176579
206.08	6.1043584e-05	-5.8427664	-0.019221662
206.72	5.9825698e-05	-5.842757	-0.019104444
207.36	5.9484933e-05	-5.8428182	-0.01921132
208	5.945229e-05	-5.8427675	-0.019114976
208.64	5.9315965e-05	-5.8427764	-0.019215979
209.28	5.9485216e-05	-5.842813	-0.019171162
209.92	6.0553862e-05	-5.8428129	-0.019320434
210.56	6.0140211e-05	-5.8428626	-0.019145934
211.2	6.1086802e-05	-5.8427933	-0.019302686
211.84	6.1326622e-05	-5.8427939	-0.019220278
212.48	6.0174069e-05	-5.8427518	-0.019206872
213.12	5.9366431e-05	-5.8427149	-0.019184929
213.76	6.0436169e-05	-5.8428285	-0.019228981
214.4	5.914765e-05	-5.8428556	-0.019245643
215.04	5.9563603e-05	-5.8427953	-0.019083033
215.68	5.9464568e-05	-5.8427384	-0.019207666
216.32	6.007818e-05	-5.8428309	-0.019244958
216.96	6.0978729e-05	-5.8428586	-0.01911933
217.6	6.0824686e-05	-5.8428721	-0.01926416
218.24	5.9230447e-05	-5.8428291	-0.019360711
218.88	6.1180303e-05	-5.8427994	-0.019051797
219.52	5.9527415e-05	-5.8428037	-0.01916293
220.16	5.8173978e-05	-5.8427103	-0.019103709
220.8	5.9197756e-05	-5.8427209	-0.01929282
221.44	5.9053749e-05	-5.8428086	-0.019240737
222.08	5.9244527e-05	-5.8428403	-0.019143516
222.72	6.0594426e-05	-5.84278	-0.019115726
223.36	6.0999748e-05	-5.8428027	-0.01924809
224	6.0192635e-05	-5.8427738	-0.019303561
224.64	6.0265428e-05	-5.842793	-0.019131805
225.28	5.9695234e-05	-5.8428353	-0.019265962
225.92	5.8139212e-05	-5.8428304	-0.019253419
226.56	6.0290993e-05	-5.8429031	-0.019162739
227.2	5.8888691e-05	-5.8427949	-0.019143201
227.84	5.9148314e-05	-5.8428876	-0.019134214
228.48	6.0583581e-05	-5.8427949	-0.019285264
229.12	6.1091922e-05	-5.8427151	-0.019142952
229.76	6.1561727e-05	-5.8427753	-0.019150212
230.4	6.1169793e-05	-5.8428771	-0.019231562
231.04	6.1651862e-05	-5.842841	-0.019304724
231.68	6.0201772e-05	-5.8427942	-0.019263205
232.32	5.7902184e-05	-5.8427327	-0.019207754
232.96	5.8996922e-05	-5.8427857	-0.019270913
233.6	5.9340235e-05	-5.8428698	-0.019232853
234.24	5.9722729e-05	-5.8427346	-0.019172202
234.88	5.9571036e-05	-5.8428123	-0.01922148
235.52	6.0460543e-05	-5.8428212	-0.019210205
236.16	6.0223515e-05	-5.8427599	-0.019275972
236.8	5.9193341e-05	-5.8428613	-0.019155246
237.44	6.0578439e-05	-5.8427193	-0.019120198
238.08	5.9145365e-05	-5.8428027	-0.01937841
238.72	5.9202648e-05	-5.8427573	-0.019256671
239.36	5.9194508e-05	-5.8428742	-0.019262954
240	5.9051621e-05	-5.8427438	-0.019182364
240.64	5.9659183e-05	-5.8427343	-0.019277254
241.28	6.0040983e-05	-5.8428126	-0.018934426
241.92	6.0879206e-05	-5.8427519	-0.019262405
242.56	6.1754996e-05	-5.8427847	-0.019262985
243.2	6.1201984e-05	-5.8429052	-0.019153014
243.84	6.0939286e-05	-5.8428686	-0.019303606
244.48	6.0261807e-05	-5.8428273	-0.019341845
245.12	5.9511842e-05	-5.8427299	-0.019178168
245.76	5.9238651e-05	-5.8428278	-0.019096945
246.4	5.9998706e-05	-5.8427492	-0.019115785
247.04	5.93023e-05	-5.8428128	-0.019296965
247.68	6.0454754e-05	-5.8428221	-0.019256586
248.32	6.1861035e-05	-5.842869	-0.019244599
248.96	6.0608944e-05	-5.8428162	-0.019065846
249.6	6.0645101e-05	-5.8427514	-0.019155481
250.24	5.9904856e-05	-5.8428445	-0.019126816
250.88	5.9733741e-05	-5.8428593	-0.019301222
251.52	5.7871088e-05	-5.8428259	-0.019423653
252.16	6.0114037e-05	-5.8427727	-0.019165905
252.8	5.9350987e-05	-5.8428461	-0.019296345
253.44	6.0286864e-05	-5.8428136	-0.019177525
254.08	6.095812e-05	-5.8428133	-0.019282394
254.72	6.0865205e-05	-5.8428308	-0.019103848
255.36	5.9769365e-05	-5.8427875	-0.019184092
256	6.0522186e-05	-5.8427885	-0.019168236
256.64	6.1143616e-05	-5.8427761	-0.019161647
257.28	5.9241503e-05	-5.8427427	-0.019153987
257.92	5.9686724e-05	-5.8428371	-0.019334079
258.56	5.9000738e-05	-5.8427484	-0.019231414
259.2	5.9189241e-05	-5.8428552	-0.019284564
259.84	5.9613279e-05	-5.8428268	-0.019240092
260.48	6.0697495e-05	-5.8427663	-0.019076978
261.12	6.0834378e-05	-5.8427935	-0.019363217
261.76	6.0907976e-05	-5.8427467	-0.019040378
262.4	6.1373885e-05	-5.842729	-0.019191959
263.04	6.0456876e-05	-5.8427662	-0.019207511
263.68	5.9895341e-05	-5.8428923	-0.019150722
264.32	5.7945924e-05	-5.8427378	-0.019225908
264.96	5.8775479e-05	-5.8427296	-0.019164176
265.6	5.9118085e-05	-5.8428458	-0.019240763
266.24	5.9839072e-05	-5.8429014	-0.019320151
266.88	6.0222661e-05	-5.8427704	-0.019199726
267.52	6.0021435e-05	-5.8427414	-0.019239013
268.16	6.0848045e-05	-5.8428117	-0.019318485
268.8	6.1078452e-05	-5.8427798	-0.019167089
269.44	6.0180225e-05	-5.8428219	-0.019144634
270.08	5.9840058e-05	-5.8427436	-0.019125474
270.72	5.9792778e-05	-5.8427723	-0.019130758
271.36	5.9927459e-05	-5.8427447	-0.019148168
272	5.9075352e-05	-5.842855	-0.019241377
272.64	5.9203393e-05	-5.8428541	-0.019306328
273.28	6.0147984e-05	-5.8427887	-0.019187745
273.92	6.1246687e-05	-5.8427518	-0.019318731
274.56	6.0804501e-05	-5.8427884	-0.019154406
275.2	6.0547122e-05	-5.8428447	-0.019263221
275.84	6.0453748e-05	-5.8428223	-0.019318035
276.48	5.9612302e-05	-5.8428505	-0.019113755
277.12	5.8518097e-05	-5.8427618	-0.019236151
277.76	5.81186e-05	-5.8428173	-0.019138759
278.4	5.9755067e-05	-5.842809	-0.019076357
279.04	5.9420798e-05	-5.8428355	-0.019228231
279.68	5.976699e-05	-5.8427882	-0.019225877
280.32	6.0672563e-05	-5.8428442	-0.019095045
280.96	6.0807291e-05	-5.8427326	-0.019062528
281.6	6.0170105e-05	-5.8428304	-0.019278433
282.24	6.0353888e-05	-5.8427713	-0.019118547
282.88	5.929852e-05	-5.8427574	-0.019160163
283.52	5.84285e-05	-5.842799	-0.019258519
284.16	5.9344171e-05	-5.8427673	-0.019188198
284.8	5.9049436e-05	-5.8427709	-0.019141766
285.44	6.0612305e-05	-5.8428364	-0.019229038
286.08	6.0702966e-05	-5.8427936	-0.019278903
286.72	6.1239486e-05	-5.8427935	-0.019202828
287.36	6.0798626e-05	-5.8428445	-0.019173582
288	6.0131137e-05	-5.8428306	-0.019310546
288.64	5.9413736e-05	-5.8428357	-0.019244982
289.28	5.8714665e-05	-5.8428127	-0.019202139
289.92	5.9025531e-05	-5.8428275	-0.019221234
290.56	5.8318258e-05	-5.842715	-0.019152559
291.2	5.865676e-05	-5.8428262	-0.019268923
291.84	5.9895072e-05	-5.842789	-0.019171046
292.48	6.0348675e-05	-5.8427931	-0.019266101
293.12	6.1324746e-05	-5.8427936	-0.019122682
293.76	6.0504967e-05	-5.8427791	-0.019223665
294.4	5.9583347e-05	-5.8428303	-0.019190425
295.04	6.0287221e-05	-5.8428693	-0.019213667
295.68	5.9317396e-05	-5.8428553	-0.019296407
296.32	5.9331438e-05	-5.8428231	-0.019303684
296.96	5.8656493e-05	-5.8428314	-0.019176911
297.6	5.9566559e-05	-5.8427989	-0.019121504
298.24	6.1107212e-05	-5.8428133	-0.019310097
298.88	6.0389936e-05	-5.8427372	-0.019222927
299.52	6.020417e-05	-5.8428066	-0.019235876
300.16	6.1196938e-05	-5.8427847	-0.019279198
300.8	5.9460503e-05	-5.8427932	-0.019158299
301.44	6.0188087e-05	-5.8427763	-0.019349022
302.08	5.9858022e-05	-5.8427675	-0.019297761
302.72	5.9332597e-05	-5.8428696	-0.019270693
303.36	5.9164648e-05	-5.8427992	-0.019145079
304	6.0073116e-05	-5.8428039	-0.019192349
304.64	5.9447554e-05	-5.842779	-0.019214415
305.28	6.0215188e-05	-5.8427464	-0.019315
305.92	6.1134046e-05	-5.8428307	-0.019295394
306.56	6.0781469e-05	-5.842789	-0.019146189
307.2	5.9712153e-05	-5.8427191	-0.019213376
307.84	5.9819437e-05	-5.8428179	-0.019101844
308.48	5.8973883e-05	-5.8428225	-0.019145449
309.12	5.994925e-05	-5.8428329	-0.01934724
309.76	5.9969071e-05	-5.8427999	-0.019184063
310.4	5.9898845e-05	-5.8427943	-0.019331927
311.04	5.9604338e-05	-5.8428488	-0.019317281
311.68	6.0870992e-05	-5.8428075	-0.019164611
312.32	6.0867216e-05	-5.8428074	-0.019009071
312.96	6.0267805e-05	-5.8428584	-0.019233642
313.6	6.1748492e-05	-5.8428003	-0.019226183
314.24	5.996191e-05	-5.8428134	-0.019133959
314.88	5.9237426e-05	-5.8428134	-0.019154291
315.52	5.8097741e-05	-5.842752	-0.019327859
316.16	5.9793248e-05	-5.8427717	-0.019245518
316.8	5.9641549e-05	-5.8428032	-0.019263372
317.44	6.0346589e-05	-5.8428355	-0.019190713
318.08	5.9829296e-05	-5.8428344	-0.019099724
318.72	5.9988065e-05	-5.842839	-0.01929788
319.36	5.9712349e-05	-5.8427927	-0.019171298
320	6.0790101e-05	-5.842818	-0.019353508
320.64	5.9849787e-05	-5.842739	-0.01904957
321.28	5.912514e-05	-5.8427855	-0.019179769
321.92	6.0126127e-05	-5.8428098	-0.019311003
322.56	5.9021366e-05	-5.8427477	-0.019143013
323.2	5.9622676e-05	-5.8427473	-0.019164492
323.84	6.0467157e-05	-5.8428123	-0.01917973
324.48	6.1521183e-05	-5.8427894	-0.019172054
325.12	6.0314943e-05	-5.8428115	-0.019160248
325.76	6.0404622e-05	-5.8428494	-0.019193339
326.4	6.1144285e-05	-5.8427906	-0.019222367
327.04	5.9536393e-05	-5.8428271	-0.019271434
327.68	5.8639514e-05	-5.8428176	-0.019292306
328.32	5.9042771e-05	-5.8427575	-0.019213796
328.96	5.9905134e-05	-5.8428323	-0.019198358
329.6	5.9054374e-05	-5.8427699	-0.019119474
330.24	6.0964841e-05	-5.8428126	-0.019050834
330.88	6.1037367e-05	-5.8427283	-0.019077509
331.52	6.1722335e-05	-5.8427802	-0.019268351
332.16	6.0833011e-05	-5.8428172	-0.019344791
332.8	5.9922454e-05	-5.8428082	-0.019079885
333.44	5.8951746e-05	-5.842785	-0.019182155
334.08	5.8891869e-05	-5.8427575	-0.019093336
334.72	6.0007249e-05	-5.8427538	-0.019254489
335.36	5.9132512e-05	-5.8428546	-0.019171614
336	6.0396825e-05	-5.8427525	-0.019234941
336.64	6.091639e-05	-5.8427613	-0.01923868
337.28	5.9298609e-05	-5.8428243	-0.019083668
337.92	6.0242413e-05	-5.8427788	-0.019225624
338.56	6.052491e-05	-5.8428263	-0.0193048
339.2	6.0124632e-05	-5.842841	-0.019169688
339.84	5.8966528e-05	-5.8428177	-0.019128959
340.48	5.9152518e-05	-5.842809	-0.018995898
341.12	5.9345361e-05	-5.8427811	-0.019256539
341.76	5.8731694e-05	-5.8428448	-0.01927549
342.4	6.0928271e-05	-5.8427761	-0.019077273
343.04	6.0793932e-05	-5.8427936	-0.019290946
343.68	6.0182668e-05	-5.8427785	-0.018995974
344.32	6.0172042e-05	-5.8427555	-0.019244741
344.96	6.0880992e-05	-5.842799	-0.019191493
345.6	5.9100769e-05	-5.8427983	-0.019137644
346.24	5.8674428e-05	-5.8427849	-0.019219933
346.88	5.9195912e-05	-5.8427952	-0.019380539
347.52	5.9743267e-05	-5.8427768	-0.019269838
348.16	5.9272838e-05	-5.8427614	-0.019120396
348.8	6.0405662e-05	-5.8428544	-0.019229968
349.44	6.0312233e-05	-5.8428906	-0.019381023
350.08	6.0693566e-05	-5.8428581	-0.019229677
350.72	6.0416189e-05	-5.8427745	-0.019192032
351.36	6.0276297e-05	-5.842752	-0.019276215
352	5.9937092e-05	-5.842818	-0.019220365
352.64	5.8611742e-05	-5.8427105	-0.019217767
353.28	5.9383341e-05	-5.8428092	-0.019183041
353.92	5.9631497e-05	-5.8427951	-0.019062648
354.56	5.9692965e-05	-5.8428128	-0.01942859
355.2	6.131042e-05	-5.8429296	-0.019216933
355.84	6.0444716e-05	-5.842779	-0.019142803
356.48	6.0618846e-05	-5.8428022	-0.019248478
357.12	5.9646897e-05	-5.8428157	-0.019089062
357.76	6.0816595e-05	-5.8428273	-0.019298617
358.4	5.9620107e-05	-5.8427668	-0.019251215
359.04	5.9177102e-05	-5.8427392	-0.019284648
359.68	5.9426206e-05	-5.8427953	-0.01920411
360.32	6.0050488e-05	-5.8427907	-0.019144279
360.96	5.9758236e-05	-5.8427754	-0.019190122
361.6	5.9664728e-05	-5.8428068	-0.019249132
362.24	5.9646313e-05	-5.842727	-0.019076392
362.88	6.0090228e-05	-5.8428018	-0.019143038
363.52	6.0854339e-05	-5.8427845	-0.019184469
364.16	5.98199e-05	-5.8427846	-0.019316681
364.8	5.8772424e-05	-5.8428312	-0.019271371
365.44	5.9578799e-05	-5.8427395	-0.019298092
366.08	5.9239155e-05	-5.842809	-0.019158272
366.72	5.9668863e-05	-5.8427715	-0.019093566
367.36	5.9539483e-05	-5.8427844	-0.019300391
368	6.0917081e-05	-5.8427893	-0.019130031
368.64	6.0782461e-05	-5.8428072	-0.019252082
369.28	6.0598738e-05	-5.8428024	-0.019132546
369.92	6.0424729e-05	-5.8427936	-0.019368377
370.56	6.0183117e-05	-5.8428549	-0.019337024
371.2	5.9036372e-05	-5.8428176	-0.019278662
371.84	5.8201791e-05	-5.8428452	-0.019141593
372.48	5.9244593e-05	-5.8428135	-0.019244397
373.12	5.9714599e-05	-5.8428179	-0.019338574
373.76	6.0591228e-05	-5.8428224	-0.019245538
374.4	6.0940357e-05	-5.8428497	-0.019237244
375.04	5.9962142e-05	-5.842853	-0.019199477
375.68	6.1341932e-05	-5.8428591	-0.019125534
376.32	5.920168e-05	-5.8427321	-0.019175335
376.96	5.9127859e-05	-5.8428168	-0.019196324
377.6	5.8558292e-05	-5.8428125	-0.019295051
378.24	5.8864839e-05	-5.8428597	-0.019139535
378.88	5.8971788e-05	-5.8428736	-0.019167161
379.52	5.9341684e-05	-5.8428501	-0.019227075
380.16	6.0120996e-05	-5.8427986	-0.019174945
380.8	6.0191101e-05	-5.8428396	-0.019155313
381.44	6.0023746e-05	-5.842718	-0.018883194
382.08	6.0949193e-05	-5.8427425	-0.01917962
382.72	5.9849319e-05	-5.8428352	-0.019232862
383.36	6.0314557e-05	-5.8427995	-0.019212852
384	6.0004921e-05	-5.8428373	-0.019280019
384.64	5.9389563e-05	-5.842837	-0.019105708
385.28	5.973778e-05	-5.8428231	-0.019249291
385.92	5.9275211e-05	-5.8427707	-0.019227624
386.56	6.0382579e-05	-5.8427336	-0.019068932
387.2	6.1040018e-05	-5.8428171	-0.019132
387.84	6.0028797e-05	-5.842839	-0.019209409
388.48	6.0087135e-05	-5.8428022	-0.019133727
389.12	5.9611061e-05	-5.8428026	-0.019279622
389.76	5.971981e-05	-5.8428083	-0.01915086
390.4	5.8989572e-05	-5.842734	-0.019236908
391.04	6.0018898e-05	-5.842726	-0.019138711
391.68	5.8874815e-05	-5.8428176	-0.018993542
392.32	6.1066369e-05	-5.8427305	-0.019230299
392.96	6.0007318e-05	-5.8428494	-0.019340261
393.6	6.0827621e-05	-5.8427657	-0.019203955
394.24	6.0973e-05	-5.8428027	-0.019265477
394.88	6.0558424e-05	-5.8427376	-0.0191971
395.52	6.06145e-05	-5.842799	-0.019092995
396.16	6.0127378e-05	-5.8427856	-0.019259798
396.8	5.9167716e-05	-5.8427808	-0.019126077
397.44	5.8377924e-05	-5.8427662	-0.019244241
398.08	5.9893117e-05	-5.8428929	-0.01923607
398.72	6.0260901e-05	-5.8428226	-0.019214242
399.36	6.0850576e-05	-5.8427989	-0.019243864
400	5.9905629e-05	-5.8428855	-0.019210762
400.64	6.0707812e-05	-5.8427839	-0.019400064
401.28	6.1083747e-05	-5.8427615	-0.019344332
401.92	6.035231e-05	-5.8428408	-0.019324739
402.56	5.9836184e-05	-5.8427342	-0.019163757
403.2	6.02822e-05	-5.8427959	-0.019198036
403.84	5.8522805e-05	-5.8428222	-0.019299099
404.48	6.0415536e-05	-5.8428004	-0.019064164
405.12	5.9449586e-05	-5.842803	-0.019297794
405.76	6.0401625e-05	-5.8427983	-0.019179204
406.4	6.0817701e-05	-5.8427469	-0.019309039
407.04	5.9678537e-05	-5.8427922	-0.019157971
407.68	6.210611e-05	-5.8428184	-0.019338196
408.32	5.9534433e-05	-5.8428261	-0.019140179
408.96	5.9582579e-05	-5.8427853	-0.019257986
409.6	5.9779209e-05	-5.8428002	-0.019181524
410.24	5.8571157e-05	-5.8428408	-0.019095159
410.88	5.9058069e-05	-5.8427755	-0.019209728
411.52	5.9408667e-05	-5.8427796	-0.019281538
412.16	5.9898013e-05	-5.8427884	-0.019276422
412.8	6.1383645e-05	-5.8428031	-0.019123573
413.44	6.0964606e-05	-5.8428539	-0.019170714
414.08	5.9682363e-05	-5.8428487	-0.019192033
414.72	5.9593977e-05	-5.8427706	-0.019254384
415.36	6.0129021e-05	-5.8428604	-0.019252076
416	5.9935833e-05	-5.8428003	-0.019268266
416.64	5.9585182e-05	-5.8428139	-0.019260972
417.28	6.002154e-05	-5.842795	-0.01935837
417.92	5.8867928e-05	-5.8427929	-0.019140047
418.56	6.0472054e-05	-5.8427469	-0.019096516
419.2	6.0594661e-05	-5.8428023	-0.019166052
419.84	6.0618916e-05	-5.8427886	-0.018986269
420.48	6.098185e-05	-5.8428083	-0.019280061
421.12	6.0176133e-05	-5.8428132	-0.019303338
421.76	5.9559354e-05	-5.8427995	-0.019198003
422.4	5.9288104e-05	-5.8427207	-0.019326408
423.04	5.9314907e-05	-5.8427763	-0.019165445
423.68	6.034706e-05	-5.8427858	-0.019231368
424.32	5.9230226e-05	-5.842793	-0.019326701
424.96	6.059769e-05	-5.8428167	-0.019285236
425.6	6.0934501e-05	-5.8427841	-0.019310473
426.24	6.0689584e-05	-5.8428399	-0.019182892
426.88	6.048346e-05	-5.8427661	-0.019335643
427.52	6.0003686e-05	-5.8427667	-0.019188444
428.16	5.9582398e-05	-5.8428137	-0.019401849
428.8	5.8514442e-05	-5.8428269	-0.019074188
429.44	5.8671041e-05	-5.8427849	-0.019084938
430.08	6.0313416e-05	-5.8427484	-0.019175556
430.72	6.1021041e-05	-5.8428085	-0.019243049
431.36	6.0987552e-05	-5.8428169	-0.019336897
432	6.0894348e-05	-5.8427515	-0.019277127
432.64	6.1134004e-05	-5.8428451	-0.019127429
433.28	6.0436767e-05	-5.8427383	-0.019297201
433.92	5.9788464e-05	-5.8427293	-0.019333314
434.56	5.8236267e-05	-5.8427938	-0.019249711
435.2	5.9000092e-05	-5.8428367	-0.01927623
435.84	5.9755554e-05	-5.8428603	-0.019176124
436.48	5.9751003e-05	-5.8428268	-0.019182399
437.12	6.0934978e-05	-5.8427897	-0.019105969
437.76	6.0636671e-05	-5.8427979	-0.019155726
438.4	6.0708757e-05	-5.8428164	-0.019196148
439.04	6.144518e-05	-5.8427851	-0.019141233
439.68	5.9167581e-05	-5.8427977	-0.019194205
440.32	5.9019535e-05	-5.8428171	-0.019174392
440.96	6.0122635e-05	-5.8428422	-0.019225116
441.6	5.9418714e-05	-5.8427813	-0.019179387
442.24	6.0419906e-05	-5.8427631	-0.019251956
442.88	6.0633754e-05	-5.8428275	-0.019194112
443.52	6.0423169e-05	-5.8428403	-0.019250254
444.16	6.0832566e-05	-5.8428074	-0.01923633
444.8	6.104946e-05	-5.8428493	-0.019295138
445.44	6.0501873e-05	-5.8427935	-0.019117272
446.08	6.0004767e-05	-5.8427568	-0.019049069
446.72	5.891855e-05	-5.8427614	-0.019172865
447.36	5.7921762e-05	-5.842775	-0.019115379
448	5.8810181e-05	-5.8427851	-0.019201296
448.64	5.9004961e-05	-5.8428081	-0.019041598
449.28	5.9862728e-05	-5.8428313	-0.019279244
449.92	6.0559094e-05	-5.8428171	-0.019406777
450.56	5.936418e-05	-5.8427826	-0.019227441
451.2	6.0926176e-05	-5.8427655	-0.019314128
451.84	5.9489148e-05	-5.8428624	-0.019297444
452.48	6.0059038e-05	-5.8428174	-0.019232654
453.12	5.9881676e-05	-5.8428136	-0.019101993
453.76	5.9314206e-05	-5.8427951	-0.019224339
454.4	5.9684721e-05	-5.8427769	-0.019160504
455.04	5.9158233e-05	-5.842878	-0.019278369
455.68	6.1565523e-05	-5.8428002	-0.019281027
456.32	6.0417418e-05	-5.8428213	-0.019311773
456.96	5.9669497e-05	-5.8428061	-0.01935295
457.6	5.9693521e-05	-5.8428341	-0.019211683
458.24	6.0167187e-05	-5.8428352	-0.019138997
458.88	5.8718542e-05	-5.8427791	-0.019164497
459.52	5.9295345e-05	-5.8427435	-0.019123641
460.16	5.9127664e-05	-5.8427624	-0.019178302
460.8	5.8833343e-05	-5.8427573	-0.019165631
461.44	5.9502327e-05	-5.8428363	-0.019192058
462.08	6.0730738e-05	-5.84279	-0.01915015
462.72	6.0568658e-05	-5.8427702	-0.019371182
463.36	6.1506797e-05	-5.8427939	-0.019118498
464	5.9997595e-05	-5.8428391	-0.019140471
464.64	6.0970884e-05	-5.8428269	-0.019171652
465.28	5.9623052e-05	-5.8428546	-0.019280011
465.92	5.9710509e-05	-5.8427904	-0.019234669
466.56	5.9988078e-05	-5.8427446	-0.019337401
467.2	5.881674e-05	-5.8427945	-0.019267897
467.84	5.9758e-05	-5.8427202	-0.019230526
468.48	5.9351522e-05	-5.8427977	-0.019170442
469.12	6.0395682e-05	-5.8428024	-0.019211051
469.76	6.2473737e-05	-5.8427855	-0.019158938
470.4	6.1008875e-05	-5.8427843	-0.019237091
471.04	6.0203261e-05	-5.8427566	-0.01902261
471.68	6.0698356e-05	-5.8427907	-0.01911647
472.32	5.9522962e-05	-5.8428044	-0.019253171
472.96	5.8710439e-05	-5.8427853	-0.019291535
473.6	5.8761283e-05	-5.8428315	-0.019174367
474.24	6.028676e-05	-5.8427484	-0.019316772
474.88	6.0059372e-05	-5.8427378	-0.01913748
475.52	6.221415e-05	-5.8428414	-0.019280908
476.16	6.1085435e-05	-5.8428074	-0.01913003
476.8	6.0877912e-05	-5.8427285	-0.019053668
477.44	6.0080395e-05	-5.8428542	-0.019260489
478.08	5.9784862e-05	-5.8427574	-0.019193533
478.72	5.9883578e-05	-5.8427722	-0.019189994
479.36	5.9331544e-05	-5.8427812	-0.019200049
480	5.9569745e-05	-5.8428787	-0.019275865
480.64	6.0306807e-05	-5.8427483	-0.019253366
481.28	5.9796075e-05	-5.8427793	-0.019193345
481.92	6.0990373e-05	-5.8427749	-0.019224575
482.56	6.1065987e-05	-5.8427562	-0.019159748
483.2	6.0806395e-05	-5.8428076	-0.019225772
483.84	5.9631804e-05	-5.8427703	-0.019315733
484.48	5.9073979e-05	-5.8428313	-0.01918321
485.12	5.9635179e-05	-5.8428093	-0.019303263
485.76	5.8239533e-05	-5.8428127	-0.019169696
486.4	5.9399902e-05	-5.842818	-0.019300664
487.04	5.896875e-05	-5.8427794	-0.019114426
487.68	6.0413739e-05	-5.8428076	-0.01927346
488.32	6.1839014e-05	-5.8428315	-0.019188806
488.96	6.0106976e-05	-5.8427832	-0.019256239
489.6	6.1215286e-05	-5.8427663	-0.01927555
490.24	5.9937073e-05	-5.8428172	-0.019178834
490.88	6.0196916e-05	-5.8428511	-0.019211221
491.52	5.9286349e-05	-5.8428136	-0.019309914
492.16	5.9622668e-05	-5.842707	-0.019204357
492.8	5.995715e-05	-5.8427952	-0.019000108
493.44	6.0203519e-05	-5.8428131	-0.019126446
494.08	6.0000201e-05	-5.8428583	-0.019227852
494.72	6.1952044e-05	-5.8427758	-0.019292809
495.36	6.1240503e-05	-5.842803	-0.019192207
496	6.1067021e-05	-5.8427383	-0.019171692
496.64	6.016809e-05	-5.8428734	-0.01924351
497.28	5.8938008e-05	-5.842822	-0.019199641
497.92	5.8479549e-05	-5.8427524	-0.019202417
498.56	5.9756863e-05	-5.8428327	-0.019281162
499.2	5.989811e-05	-5.842781	-0.019260863
499.84	5.9538495e-05	-5.8428448	-0.019172662
