0	2.9705765e-05	-5.8544487	-0.029755389
0.64	2.9800662e-05	-5.8544579	-0.029710757
1.28	2.9801581e-05	-5.8544389	-0.029628788
1.92	3.002632e-05	-5.8544432	-0.029779423
2.56	3.0053423e-05	-5.8544335	-0.029577963
3.2	3.0652927e-05	-5.8544525	-0.029639484
3.84	3.0273372e-05	-5.8544988	-0.029793773
4.48	2.9609705e-05	-5.8545312	-0.029585944
5.12	2.9872554e-05	-5.8545134	-0.029565042
5.76	2.9423664e-05	-5.854504	-0.029698749
6.4	2.9503451e-05	-5.8544624	-0.029663989
7.04	2.9424715e-05	-5.8544621	-0.02964178
7.68	3.0061905e-05	-5.854425	-0.029683389
8.32	3.0428589e-05	-5.8544714	-0.029702217
8.96	3.0246118e-05	-5.8545127	-0.029658043
9.6	3.048084e-05	-5.8544338	-0.029541082
10.24	2.9565675e-05	-5.8544843	-0.029645201
10.88	2.9694914e-05	-5.854457	-0.029646893
11.52	2.9843254e-05	-5.8544716	-0.029666196
12.16	2.9595743e-05	-5.8544066	-0.029523706
12.8	2.9564291e-05	-5.8544344	-0.02972995
13.44	3.0016882e-05	-5.8544253	-0.029544599
14.08	3.0107028e-05	-5.8545086	-0.029560322
14.72	3.0271051e-05	-5.8544525	-0.029496599
15.36	3.0709826e-05	-5.8544759	-0.029551619
16	3.0614523e-05	-5.8544665	-0.029548312
16.64	3.0237544e-05	-5.8544479	-0.029517902
17.28	3.0398823e-05	-5.8545509	-0.029619781
17.92	3.0220394e-05	-5.8545373	-0.029574592
18.56	2.9549203e-05	-5.8544392	-0.029592235
19.2	2.9727102e-05	-5.8544905	-0.029607755
19.84	2.9613497e-05	-5.8544947	-0.029701664
20.48	2.952531e-05	-5.8544429	-0.029765525
21.12	3.028021e-05	-5.8544756	-0.029668867
21.76	3.0610818e-05	-5.854471	-0.029757234
22.4	3.0059875e-05	-5.8544194	-0.029613561
23.04	3.0081298e-05	-5.8544198	-0.029602558
23.68	2.9860085e-05	-5.8544202	-0.029715153
24.32	2.9419531e-05	-5.8544528	-0.029786989
24.96	2.987095e-05	-5.8544674	-0.029617837
25.6	2.9446609e-05	-5.854439	-0.029678015
26.24	2.9234455e-05	-5.8544198	-0.029653604
26.88	2.9873722e-05	-5.8544152	-0.029615458
27.52	2.9860566e-05	-5.8543914	-0.029692852
28.16	3.0230413e-05	-5.8544706	-0.02968292
28.8	3.0205752e-05	-5.8544567	-0.0296654
29.44	3.0320296e-05	-5.8545178	-0.029565463
30.08	2.9709479e-05	-5.8544759	-0.029499568
30.72	2.9408206e-05	-5.8544807	-0.029714188
31.36	2.9649977e-05	-5.8544115	-0.029595242
32	2.9575987e-05	-5.8544392	-0.029708629
32.64	2.9270519e-05	-5.8544338	-0.029603215
33.28	2.9669058e-05	-5.8544383	-0.029686954
33.92	3.0256471e-05	-5.8545081	-0.029608567
34.56	3.0527665e-05	-5.8544988	-0.029666608
35.2	3.0254287e-05	-5.8544894	-0.02966837
35.84	3.0328004e-05	-5.8545178	-0.029668419
36.48	2.9784713e-05	-5.8544155	-0.029581088
37.12	2.9618602e-05	-5.8544112	-0.02965199
37.76	3.0012673e-05	-5.8544723	-0.02967197
38.4	3.0117187e-05	-5.8545374	-0.029644709
39.04	2.9634244e-05	-5.8544435	-0.029619553
39.68	3.0005797e-05	-5.8544944	-0.029626346
40.32	3.0399361e-05	-5.8544571	-0.02969654
40.96	3.0413487e-05	-5.8544661	-0.02972117
41.6	3.0178537e-05	-5.85448	-0.029659309
42.24	3.0038819e-05	-5.8544059	-0.029692288
42.88	2.9955802e-05	-5.8544855	-0.029738474
43.52	2.9714216e-05	-5.8544439	-0.029574832
44.16	2.9553707e-05	-5.854509	-0.029788204
44.8	2.9296269e-05	-5.8544947	-0.029642961
45.44	3.0181343e-05	-5.8544672	-0.029566321
46.08	3.0406163e-05	-5.8544529	-0.029729119
46.72	2.9941342e-05	-5.8544799	-0.029595106
47.36	2.9884337e-05	-5.8544657	-0.029705491
48	3.009173e-05	-5.85448	-0.029658107
48.64	2.9807265e-05	-5.8544848	-0.029639322
49.28	2.9750382e-05	-5.854476	-0.02956102
49.92	2.9668118e-05	-5.8544857	-0.029742566
50.56	2.9411325e-05	-5.8544623	-0.029644111
51.2	2.9628446e-05	-5.8544995	-0.02973982
51.84	2.9925789e-05	-5.8544389	-0.029594373
52.48	2.9793937e-05	-5.8544569	-0.029606162
53.12	3.0021276e-05	-5.8544614	-0.029649878
53.76	3.0382668e-05	-5.8544523	-0.029632025
54.4	3.0165976e-05	-5.8544941	-0.029683713
55.04	2.9403852e-05	-5.8544938	-0.029609331
55.68	2.9466163e-05	-5.8545316	-0.029622498
56.32	2.9971357e-05	-5.8544627	-0.029586657
56.96	2.962613e-05	-5.8544717	-0.029618835
57.6	2.9436763e-05	-5.8545318	-0.029587526
58.24	2.9712889e-05	-5.8544154	-0.02957626
58.88	3.0444395e-05	-5.85449	-0.029596562
59.52	3.0415422e-05	-5.8544757	-0.029685414
60.16	3.027635e-05	-5.854429	-0.029654712
60.8	3.0800997e-05	-5.8545042	-0.029622639
61.44	3.0043248e-05	-5.8545085	-0.029659836
62.08	2.9958006e-05	-5.8544438	-0.029764983
62.72	2.9290552e-05	-5.8544993	-0.029624469
63.36	2.9551774e-05	-5.8545135	-0.029632727
64	2.9975223e-05	-5.8544764	-0.029700216
64.64	3.0552289e-05	-5.8544719	-0.029662651
65.28	3.0262473e-05	-5.854499	-0.029803991
65.92	2.9934264e-05	-5.8544845	-0.029608276
66.56	2.9813439e-05	-5.8544565	-0.029601451
67.2	3.0224006e-05	-5.8544386	-0.029627226
67.84	2.9832839e-05	-5.8544015	-0.029660012
68.48	3.0168257e-05	-5.8544488	-0.029542397
69.12	2.9260108e-05	-5.8544575	-0.029772271
69.76	2.9066113e-05	-5.8544898	-0.029696622
70.4	3.0102573e-05	-5.8544718	-0.029727791
71.04	3.0209124e-05	-5.8544993	-0.029717884
71.68	3.042853e-05	-5.8544572	-0.029586627
72.32	3.0327122e-05	-5.8544476	-0.029663301
72.96	3.044841e-05	-5.8544896	-0.02958651
73.6	3.0339247e-05	-5.8544667	-0.029604408
74.24	2.9955357e-05	-5.8544064	-0.029706861
74.88	2.9495269e-05	-5.8544854	-0.029586861
75.52	2.9924784e-05	-5.8544535	-0.02972058
76.16	2.9518409e-05	-5.8545135	-0.029634039
76.8	2.9745508e-05	-5.8545365	-0.029589572
77.44	3.0075598e-05	-5.8544619	-0.029514831
78.08	3.0301394e-05	-5.8544896	-0.029521342
78.72	3.0276523e-05	-5.8544986	-0.029646423
79.36	3.0462713e-05	-5.8545222	-0.029692183
80	3.0406235e-05	-5.8545086	-0.0297248
80.64	2.9527638e-05	-5.8544851	-0.029682424
81.28	2.9379235e-05	-5.8544203	-0.029668261
81.92	2.9947333e-05	-5.8544582	-0.029683375
82.56	2.974382e-05	-5.8544718	-0.029595674
83.2	2.9426577e-05	-5.8545036	-0.029656304
83.84	2.9888307e-05	-5.8544291	-0.029733682
84.48	3.0214533e-05	-5.8544522	-0.029583691
85.12	3.1009555e-05	-5.8544156	-0.029757572
85.76	2.9965511e-05	-5.8544426	-0.029593495
86.4	3.0046539e-05	-5.8544897	-0.029713205
87.04	2.9517513e-05	-5.854406	-0.029641073
87.68	2.9603534e-05	-5.854467	-0.029620927
88.32	2.9515069e-05	-5.8545043	-0.029734115
88.96	2.9334605e-05	-5.8544296	-0.029636746
89.6	2.9933959e-05	-5.8543925	-0.029662597
90.24	3.0058447e-05	-5.8544385	-0.029717845
90.88	3.0798902e-05	-5.8545272	-0.029663814
91.52	3.0491348e-05	-5.8544523	-0.029553085
92.16	3.0008134e-05	-5.8544474	-0.029593093
92.8	2.9701759e-05	-5.8545452	-0.029756307
93.44	2.970142e-05	-5.8544946	-0.029667354
94.08	2.9774472e-05	-5.8545044	-0.029709916
94.72	2.9349637e-05	-5.8544902	-0.02961592
95.36	2.9963639e-05	-5.8544813	-0.029700485
96	2.9850653e-05	-5.8544993	-0.029574833
96.64	3.0366263e-05	-5.8544899	-0.029692846
97.28	2.997471e-05	-5.8545124	-0.029686245
97.92	3.0643637e-05	-5.854471	-0.029599273
98.56	2.9986135e-05	-5.8544892	-0.029571473
99.2	2.9676863e-05	-5.854443	-0.029585936
99.84	2.958097e-05	-5.8544899	-0.029660713
100.48	2.9084523e-05	-5.8544108	-0.029525711
101.12	2.9433378e-05	-5.854453	-0.029582591
101.76	2.9873021e-05	-5.8544858	-0.029633694
102.4	2.9585978e-05	-5.8544013	-0.02952254
103.04	3.058833e-05	-5.8544715	-0.029677472
103.68	3.0308761e-05	-5.8544895	-0.029676879
104.32	3.0211644e-05	-5.8545358	-0.029777481
104.96	3.0459666e-05	-5.854448	-0.02962311
105.6	2.9674186e-05	-5.8544616	-0.029641814
106.24	2.9560314e-05	-5.854476	-0.029696146
106.88	2.9453922e-05	-5.854453	-0.02966493
107.52	2.9766337e-05	-5.854444	-0.029793138
108.16	2.9717778e-05	-5.8544577	-0.029666733
108.8	2.9944817e-05	-5.8544434	-0.029659653
109.44	3.0035831e-05	-5.8544104	-0.029625644
110.08	3.0070786e-05	-5.8544101	-0.029679921
110.72	3.0098609e-05	-5.8544893	-0.029651739
111.36	3.0028738e-05	-5.8544523	-0.029675074
112	2.9414005e-05	-5.8545219	-0.029591105
112.64	3.0173748e-05	-5.8545278	-0.029724003
113.28	2.9299313e-05	-5.8544575	-0.029575711
113.92	2.9750029e-05	-5.8544765	-0.029679873
114.56	2.9573148e-05	-5.854476	-0.029732153
115.2	3.0240094e-05	-5.8544622	-0.029571352
115.84	3.0825168e-05	-5.8544902	-0.029534625
116.48	3.0690874e-05	-5.8544898	-0.029615651
117.12	3.0619741e-05	-5.8545037	-0.029549051
117.76	3.0084853e-05	-5.854471	-0.029574902
118.4	2.9738166e-05	-5.8544991	-0.029749282
119.04	2.9241231e-05	-5.854541	-0.029683092
119.68	2.9586352e-05	-5.8545183	-0.029585091
120.32	3.0033986e-05	-5.8544581	-0.029571726
120.96	2.9855047e-05	-5.8544715	-0.029614254
121.6	3.0431973e-05	-5.8544065	-0.029619225
122.24	3.0293225e-05	-5.854471	-0.029621707
122.88	3.0200475e-05	-5.854466	-0.029583071
123.52	2.9870512e-05	-5.8543914	-0.029587661
124.16	2.9965862e-05	-5.8544571	-0.029669925
124.8	2.9806583e-05	-5.8545272	-0.029762008
125.44	2.9536172e-05	-5.854453	-0.0296234
126.08	2.9751764e-05	-5.8544301	-0.029679388
126.72	2.9576392e-05	-5.8544344	-0.029734355
127.36	2.981043e-05	-5.8544807	-0.029616873
128	2.9977732e-05	-5.854471	-0.029540414
128.64	2.9934478e-05	-5.8544612	-0.029478682
129.28	3.0075216e-05	-5.8544612	-0.029663346
129.92	3.0058666e-05	-5.8545033	-0.029675153
130.56	3.0432415e-05	-5.8544111	-0.029706246
131.2	3.0140801e-05	-5.8544904	-0.029683236
131.84	2.9939312e-05	-5.854486	-0.029736523
132.48	2.9490207e-05	-5.854495	-0.029666637
133.12	2.9102916e-05	-5.8544758	-0.029726428
133.76	2.9977581e-05	-5.8544855	-0.029562142
134.4	2.9844107e-05	-5.8545592	-0.029664987
135.04	3.0835766e-05	-5.8545086	-0.029675391
135.68	3.0530693e-05	-5.8544756	-0.029711336
136.32	3.0083312e-05	-5.8545359	-0.02980601
136.96	3.0183627e-05	-5.8544667	-0.029737478
137.6	2.9384684e-05	-5.8544757	-0.029596175
138.24	2.9738185e-05	-5.8544532	-0.0297112
138.88	2.9445755e-05	-5.8544902	-0.02947801
139.52	2.9165217e-05	-5.8545083	-0.029598908
140.16	2.9943053e-05	-5.8544435	-0.029701283
140.8	3.0529842e-05	-5.8545366	-0.029621038
141.44	3.0575513e-05	-5.8544572	-0.029744502
142.08	3.0028419e-05	-5.8544985	-0.029621829
142.72	3.0392132e-05	-5.854434	-0.0295842
143.36	2.9962237e-05	-5.854448	-0.029579299
144	2.9932788e-05	-5.8544996	-0.029664028
144.64	2.9257502e-05	-5.8544388	-0.029644763
145.28	2.9623844e-05	-5.8544206	-0.029562738
145.92	2.9493284e-05	-5.854476	-0.029500704
146.56	2.9854984e-05	-5.8544852	-0.029749143
147.2	3.0017878e-05	-5.8544569	-0.029691923
147.84	3.0289382e-05	-5.8544615	-0.029609829
148.48	3.042866e-05	-5.854471	-0.029804499
149.12	3.0166972e-05	-5.8544339	-0.029635972
149.76	2.9848421e-05	-5.8544991	-0.029693742
150.4	2.9592558e-05	-5.8544482	-0.029692866
151.04	2.9691596e-05	-5.8544718	-0.029734631
151.68	2.9459826e-05	-5.8544111	-0.029771542
152.32	2.9713731e-05	-5.8544808	-0.029690631
152.96	2.9995383e-05	-5.8544899	-0.029552103
153.6	3.0414126e-05	-5.8545038	-0.029604153
154.24	3.056831e-05	-5.8544246	-0.02950084
154.88	3.0585214e-05	-5.8543875	-0.029590894
155.52	3.0360526e-05	-5.8545085	-0.029683144
156.16	2.9513593e-05	-5.8544942	-0.02971465
156.8	2.9956645e-05	-5.8544811	-0.029668493
157.44	2.9842462e-05	-5.8544766	-0.029621929
158.08	2.9221585e-05	-5.8544062	-0.029533561
158.72	3.0097342e-05	-5.8544346	-0.029749168
159.36	2.9950209e-05	-5.8545595	-0.029606958
160	3.0215644e-05	-5.854471	-0.029640538
160.64	3.0026484e-05	-5.8544613	-0.029600043
161.28	3.0237297e-05	-5.8543825	-0.029682669
161.92	3.0501676e-05	-5.8544575	-0.029655638
162.56	2.9806069e-05	-5.8545085	-0.029657367
163.2	2.9985318e-05	-5.8545138	-0.029766846
163.84	3.0059685e-05	-5.8544722	-0.029600283
164.48	2.9938977e-05	-5.8544998	-0.029526925
165.12	2.9395451e-05	-5.8544478	-0.029731095
165.76	2.9798187e-05	-5.854471	-0.029593527
166.4	3.0195035e-05	-5.8544709	-0.029605133
167.04	3.0709795e-05	-5.854462	-0.029621748
167.68	3.0045784e-05	-5.8544475	-0.029604837
168.32	2.9838492e-05	-5.8544104	-0.029661767
168.96	2.9678447e-05	-5.8544201	-0.029652366
169.6	2.9518116e-05	-5.8544528	-0.029705628
170.24	2.9271655e-05	-5.8544528	-0.029683107
170.88	2.9527357e-05	-5.8544575	-0.029635766
171.52	2.9911868e-05	-5.8544435	-0.029761511
172.16	3.0069324e-05	-5.8544246	-0.029619943
172.8	2.964541e-05	-5.8545029	-0.02967927
173.44	2.9928465e-05	-5.8544659	-0.029644834
174.08	3.0022535e-05	-5.854508	-0.029712985
174.72	3.0476071e-05	-5.8544484	-0.029579559
175.36	2.9601827e-05	-5.8544759	-0.029652355
176	3.0002391e-05	-5.8544534	-0.029626676
176.64	2.9687951e-05	-5.8544392	-0.029661086
177.28	2.9669484e-05	-5.8544948	-0.029612588
177.92	2.9619023e-05	-5.8545268	-0.029620055
178.56	3.0273314e-05	-5.854541	-0.029600123
179.2	2.9955537e-05	-5.8545218	-0.029634947
179.84	3.016065e-05	-5.8544615	-0.029556017
180.48	3.0042317e-05	-5.8544476	-0.029729023
181.12	3.0204808e-05	-5.8544668	-0.029572244
181.76	2.9889468e-05	-5.8545274	-0.029603248
182.4	2.9454696e-05	-5.8544668	-0.029581117
183.04	2.9718638e-05	-5.8544439	-0.029552383
183.68	2.9944511e-05	-5.8544345	-0.029667988
184.32	3.0165326e-05	-5.8543831	-0.029674066
184.96	3.0449437e-05	-5.8544388	-0.029716017
185.6	2.9967213e-05	-5.854466	-0.029703673
186.24	3.0379283e-05	-5.8545129	-0.029686955
186.88	3.040951e-05	-5.8544388	-0.029585248
187.52	3.0002312e-05	-5.85449	-0.029755433
188.16	2.9646199e-05	-5.8544575	-0.029645174
188.8	2.8926518e-05	-5.8544338	-0.029630583
189.44	2.9649981e-05	-5.8544577	-0.029643619
190.08	2.969112e-05	-5.8544807	-0.029671952
190.72	2.9884428e-05	-5.8544712	-0.029609444
191.36	3.0601145e-05	-5.8544854	-0.029801548
192	3.0671697e-05	-5.8544573	-0.029675026
192.64	2.9919399e-05	-5.8544613	-0.029568133
193.28	3.0571348e-05	-5.8544948	-0.029542325
193.92	2.9543891e-05	-5.854457	-0.02969486
194.56	2.9728142e-05	-5.8544948	-0.029590792
195.2	2.9459707e-05	-5.8545227	-0.029576125
195.84	2.9697518e-05	-5.8544066	-0.029554149
196.48	2.9212854e-05	-5.8544337	-0.029615758
197.12	2.9625061e-05	-5.8544522	-0.029709337
197.76	3.0331479e-05	-5.8545176	-0.029631724
198.4	3.0382273e-05	-5.8545082	-0.029496063
199.04	3.0192134e-05	-5.8544616	-0.029565594
199.68	2.9802346e-05	-5.8544616	-0.029587449
200.32	2.9869082e-05	-5.854504	-0.029810314
200.96	2.9489979e-05	-5.85449	-0.029734617
201.6	2.9631718e-05	-5.8545136	-0.029780471
202.24	2.9875485e-05	-5.8545369	-0.029682905
202.88	3.0163881e-05	-5.8544764	-0.029698615
203.52	3.0100146e-05	-5.8545085	-0.029684648
204.16	3.0896724e-05	-5.8544996	-0.029709399
204.8	2.9684326e-05	-5.854461	-0.029560873
205.44	2.9758739e-05	-5.8544659	-0.029768453
206.08	3.0350109e-05	-5.8544622	-0.029714354
206.72	3.0363745e-05	-5.854458	-0.02968373
207.36	2.9408844e-05	-5.8544992	-0.029693557
208	2.9299784e-05	-5.8544667	-0.029602684
208.64	2.9824803e-05	-5.8544531	-0.029696489
209.28	3.0101633e-05	-5.8544949	-0.029675076
209.92	3.0150975e-05	-5.8544713	-0.029579715
210.56	3.0898732e-05	-5.8543786	-0.029641235
211.2	3.0898762e-05	-5.8544343	-0.029700654
211.84	3.0126074e-05	-5.8544244	-0.029801223
212.48	3.0609605e-05	-5.8544392	-0.029610447
213.12	2.9611259e-05	-5.8545177	-0.02968048
213.76	2.9825989e-05	-5.8544578	-0.029593469
214.4	2.9525685e-05	-5.8544809	-0.029627138
215.04	2.9037437e-05	-5.8544477	-0.02957719
215.68	2.9644414e-05	-5.8545409	-0.029619456
216.32	2.9783625e-05	-5.8545593	-0.029524837
216.96	3.0401982e-05	-5.8545363	-0.02958986
217.6	3.0382804e-05	-5.8544384	-0.029668156
218.24	2.991504e-05	-5.8545033	-0.029683815
218.88	2.9854118e-05	-5.8545687	-0.029629372
219.52	2.9907649e-05	-5.8544622	-0.029551754
220.16	2.9729328e-05	-5.8544437	-0.029628887
220.8	2.9291868e-05	-5.8544852	-0.029608256
221.44	2.993292e-05	-5.8545322	-0.029741195
222.08	3.0050327e-05	-5.8544576	-0.029585566
222.72	3.0025558e-05	-5.8544572	-0.029726941
223.36	3.0526594e-05	-5.8544434	-0.029611154
224	3.0645511e-05	-5.8544202	-0.02972108
224.64	3.014241e-05	-5.8544384	-0.029707155
225.28	2.9631393e-05	-5.8544522	-0.029752228
225.92	2.998199e-05	-5.8544623	-0.029617627
226.56	2.9006368e-05	-5.8544756	-0.029682734
227.2	2.9245463e-05	-5.8543782	-0.029529549
227.84	2.9349965e-05	-5.8544339	-0.029666739
228.48	2.9697098e-05	-5.8544432	-0.029649236
229.12	2.9516354e-05	-5.8545543	-0.029723497
229.76	3.0317322e-05	-5.8544385	-0.02969774
230.4	2.9984961e-05	-5.8544707	-0.02961838
231.04	2.9870599e-05	-5.8544661	-0.02945721
231.68	3.0782435e-05	-5.8544534	-0.029758531
232.32	3.0265764e-05	-5.8544208	-0.029538111
232.96	2.9803827e-05	-5.8545183	-0.029656088
233.6	3.0068655e-05	-5.8545186	-0.029667481
234.24	2.968594e-05	-5.8544436	-0.029617078
234.88	2.9716733e-05	-5.8545037	-0.029611041
235.52	3.0167036e-05	-5.8544897	-0.029614117
236.16	2.9711915e-05	-5.8545123	-0.029677845
236.8	3.005406e-05	-5.8545452	-0.029777598
237.44	3.0332533e-05	-5.8544945	-0.029635707
238.08	3.0070252e-05	-5.8544016	-0.029502259
238.72	2.9809588e-05	-5.8544482	-0.029602571
239.36	2.9550468e-05	-5.8544482	-0.029654556
240	2.9312516e-05	-5.8544759	-0.029550775
240.64	2.975459e-05	-5.8544808	-0.029658517
241.28	2.9785534e-05	-5.8545362	-0.029612211
241.92	3.0174233e-05	-5.8544153	-0.029535518
242.56	3.0376837e-05	-5.8544572	-0.029680862
243.2	3.0171681e-05	-5.8544942	-0.029568096
243.84	3.0058227e-05	-5.8544478	-0.029786824
244.48	3.0416983e-05	-5.8544485	-0.029725978
245.12	3.0350896e-05	-5.8545186	-0.029829075
245.76	2.9633732e-05	-5.8544669	-0.029547378
246.4	3.0022733e-05	-5.8544626	-0.029721586
247.04	2.9487007e-05	-5.8544572	-0.029674217
247.68	3.008137e-05	-5.8544109	-0.029560533
248.32	3.0002703e-05	-5.8544291	-0.029705438
248.96	3.0403767e-05	-5.854499	-0.029771122
249.6	2.9884657e-05	-5.8544241	-0.029512125
250.24	2.9768184e-05	-5.8544848	-0.029669848
250.88	2.9563719e-05	-5.8544431	-0.029661171
251.52	2.9665448e-05	-5.854397	-0.029714223
252.16	2.9098754e-05	-5.8544013	-0.0297061
252.8	2.9900742e-05	-5.8544904	-0.02962296
253.44	3.0138765e-05	-5.8544671	-0.029554052
254.08	3.0132109e-05	-5.8544528	-0.029631047
254.72	3.0087482e-05	-5.8544802	-0.029707207
255.36	3.0588818e-05	-5.8544712	-0.029622924
256	2.9808479e-05	-5.8544566	-0.029618482
256.64	3.0256313e-05	-5.8545458	-0.029637456
257.28	3.0484635e-05	-5.8545418	-0.02964301
257.92	2.9751012e-05	-5.8544763	-0.029709499
258.56	2.9792749e-05	-5.8545415	-0.029531389
259.2	2.9644688e-05	-5.8544761	-0.029749267
259.84	3.0067172e-05	-5.8544576	-0.029644925
260.48	3.0280958e-05	-5.8544714	-0.02960923
261.12	3.0340874e-05	-5.8544991	-0.029582479
261.76	3.0703518e-05	-5.8544482	-0.02962251
262.4	3.0504502e-05	-5.8544714	-0.029707231
263.04	3.0215886e-05	-5.8544529	-0.02974369
263.68	2.9829322e-05	-5.8544017	-0.029561246
264.32	2.9776648e-05	-5.8544252	-0.029573284
264.96	2.9772722e-05	-5.8544205	-0.029608249
265.6	2.9245131e-05	-5.8545268	-0.029672364
266.24	3.0190073e-05	-5.8544809	-0.029720876
266.88	3.0046e-05	-5.8544432	-0.029717171
267.52	3.0542658e-05	-5.8544294	-0.029624549
268.16	3.013996e-05	-5.8544243	-0.029747974
268.8	3.0143615e-05	-5.8544245	-0.029743608
269.44	2.9447551e-05	-5.8544195	-0.029586354
270.08	2.9991559e-05	-5.8544298	-0.029690805
270.72	2.9591872e-05	-5.8544622	-0.029663872
271.36	2.950954e-05	-5.8544715	-0.029690581
272	2.9767469e-05	-5.8544576	-0.029631819
272.64	2.9761553e-05	-5.854499	-0.029545132
273.28	3.0062011e-05	-5.8544664	-0.029696684
273.92	3.0480728e-05	-5.854527	-0.02964353
274.56	3.0353531e-05	-5.8544571	-0.029650618
275.2	2.9964961e-05	-5.854443	-0.029579391
275.84	2.9780152e-05	-5.8544246	-0.029569792
276.48	2.9781041e-05	-5.8544994	-0.029603622
277.12	2.9566294e-05	-5.8544762	-0.029689686
277.76	3.0139748e-05	-5.8544814	-0.029595236
278.4	2.9603954e-05	-5.8544852	-0.029589096
279.04	3.0540492e-05	-5.8544904	-0.029637933
279.68	2.9760206e-05	-5.8545032	-0.029597692
280.32	3.0106061e-05	-5.8545219	-0.029565176
280.96	3.0285183e-05	-5.8545175	-0.029542538
281.6	2.9777612e-05	-5.8544569	-0.029671049
282.24	2.9811494e-05	-5.8544248	-0.029674005
282.88	3.0035783e-05	-5.8544765	-0.029727805
283.52	2.9189618e-05	-5.8545038	-0.029744817
284.16	2.964626e-05	-5.8544949	-0.029609792
284.8	3.0093448e-05	-5.8543927	-0.02965835
285.44	3.0354397e-05	-5.8544669	-0.029577758
286.08	2.9865267e-05	-5.8544753	-0.029727343
286.72	3.021004e-05	-5.8544197	-0.029648859
287.36	3.0742089e-05	-5.8544808	-0.029668058
288	3.0570322e-05	-5.8544716	-0.029724789
288.64	3.0071684e-05	-5.8544483	-0.029704941
289.28	3.0255603e-05	-5.8544349	-0.029731583
289.92	2.9306846e-05	-5.854462	-0.029715091
290.56	2.9616521e-05	-5.8544622	-0.029767592
291.2	2.9580551e-05	-5.8544991	-0.029602477
291.84	3.0258838e-05	-5.854504	-0.029739823
292.48	3.028099e-05	-5.8545129	-0.029592154
293.12	3.0037651e-05	-5.8543916	-0.029540299
293.76	3.0386434e-05	-5.8544805	-0.029669548
294.4	3.0429754e-05	-5.8544343	-0.029656283
295.04	2.9501541e-05	-5.8545362	-0.029820475
295.68	3.0291775e-05	-5.8544536	-0.029569886
296.32	2.9802057e-05	-5.8544626	-0.029659505
296.96	2.9343193e-05	-5.8544573	-0.029606729
297.6	3.0331828e-05	-5.8544579	-0.029575135
298.24	2.9321998e-05	-5.8545169	-0.029530697
298.88	3.0009618e-05	-5.8544846	-0.029681153
299.52	2.9765167e-05	-5.8544657	-0.029666937
300.16	3.0042835e-05	-5.8544243	-0.029571001
300.8	3.0068023e-05	-5.8544899	-0.029642378
301.44	2.971881e-05	-5.8544574	-0.0295942
302.08	2.9357078e-05	-5.8545411	-0.02970545
302.72	2.9623489e-05	-5.8544903	-0.029629838
303.36	2.9870854e-05	-5.8544625	-0.029670323
304	2.9858197e-05	-5.854476	-0.029801882
304.64	3.0342647e-05	-5.8544481	-0.029716188
305.28	3.0402031e-05	-5.8544153	-0.029789798
305.92	3.0329831e-05	-5.8544895	-0.029814716
306.56	3.0843669e-05	-5.8544251	-0.029738368
307.2	3.0046826e-05	-5.8544619	-0.029542117
307.84	2.9796996e-05	-5.8544017	-0.029692894
308.48	2.938841e-05	-5.8544109	-0.02961606
309.12	2.9349213e-05	-5.8544202	-0.029656815
309.76	2.9624554e-05	-5.8544389	-0.029679344
310.4	2.9775135e-05	-5.8544758	-0.029737491
311.04	2.9813782e-05	-5.854508	-0.029789099
311.68	2.9951846e-05	-5.8544614	-0.029740098
312.32	3.0525874e-05	-5.8544758	-0.029622914
312.96	3.0046478e-05	-5.8544941	-0.029629672
313.6	3.0362549e-05	-5.8544391	-0.029620235
314.24	3.0000516e-05	-5.8544904	-0.029597312
314.88	2.965061e-05	-5.8544857	-0.029607081
315.52	2.9259242e-05	-5.8545178	-0.0295893
316.16	3.0466902e-05	-5.8544769	-0.029751491
316.8	3.0330241e-05	-5.8544856	-0.029573171
317.44	2.9991628e-05	-5.8544941	-0.029707675
318.08	2.9765661e-05	-5.8544611	-0.029652488
318.72	3.0509348e-05	-5.8544897	-0.029635196
319.36	3.0049128e-05	-5.8545361	-0.029632918
320	3.0000944e-05	-5.8545458	-0.029646449
320.64	2.9416644e-05	-5.8545364	-0.029615035
321.28	2.9385719e-05	-5.8544622	-0.029528674
321.92	2.9213034e-05	-5.8543969	-0.029559744
322.56	2.9914047e-05	-5.854467	-0.029634777
323.2	2.9868253e-05	-5.8544386	-0.029709861
323.84	3.0102424e-05	-5.8545035	-0.029713798
324.48	3.046221e-05	-5.854485	-0.029583712
325.12	3.0343344e-05	-5.8544477	-0.029734548
325.76	2.9955531e-05	-5.854443	-0.029576999
326.4	3.0114478e-05	-5.8544669	-0.029648309
327.04	3.0060973e-05	-5.8544812	-0.02972762
327.68	3.0001585e-05	-5.8544674	-0.029674478
328.32	2.9654658e-05	-5.8544391	-0.029533904
328.96	2.9802733e-05	-5.8544529	-0.02978335
329.6	2.998791e-05	-5.8544851	-0.029720427
330.24	3.0276701e-05	-5.8544478	-0.029645624
330.88	3.0812514e-05	-5.854462	-0.029641686
331.52	3.0318143e-05	-5.8544291	-0.029631912
332.16	3.0269258e-05	-5.8544527	-0.029607141
332.8	2.9868295e-05	-5.8544575	-0.029641977
333.44	2.9947362e-05	-5.8545044	-0.029488717
334.08	2.9733932e-05	-5.8544254	-0.029635337
334.72	2.9599138e-05	-5.8545507	-0.029661327
335.36	2.9667202e-05	-5.8545039	-0.029677317
336	3.0184952e-05	-5.8544341	-0.029514879
336.64	3.0534803e-05	-5.8544944	-0.029617157
337.28	3.0873507e-05	-5.8544667	-0.029603566
337.92	3.0452855e-05	-5.8544711	-0.029614998
338.56	2.9935178e-05	-5.8544711	-0.029478744
339.2	3.0082104e-05	-5.8545089	-0.029690263
339.84	2.9609472e-05	-5.8545088	-0.029691386
340.48	3.0104548e-05	-5.8545095	-0.029741761
341.12	2.966446e-05	-5.8544996	-0.029566924
341.76	3.0150385e-05	-5.8544438	-0.029675644
342.4	2.9705348e-05	-5.8544615	-0.029790096
343.04	3.0428228e-05	-5.8544943	-0.02954144
343.68	3.0609294e-05	-5.8545502	-0.02965587
344.32	3.0230542e-05	-5.8544244	-0.029638187
344.96	3.0113899e-05	-5.8544527	-0.02968584
345.6	3.023447e-05	-5.8544626	-0.02961006
346.24	2.9857857e-05	-5.8544626	-0.029695106
346.88	2.9061383e-05	-5.8544433	-0.02960804
347.52	2.949055e-05	-5.8544482	-0.029743539
348.16	2.9575927e-05	-5.8544711	-0.029740091
348.8	2.9780444e-05	-5.8544661	-0.029706753
349.44	3.0769497e-05	-5.85449	-0.029706071
350.08	3.0550283e-05	-5.8544757	-0.029596836
350.72	3.0080862e-05	-5.8544755	-0.029729037
351.36	2.9639721e-05	-5.8544243	-0.029576356
352	3.0151003e-05	-5.8544347	-0.02963291
352.64	2.9379433e-05	-5.8544855	-0.029572415
353.28	2.9545136e-05	-5.8545229	-0.029657959
353.92	2.9570837e-05	-5.8544715	-0.02969297
354.56	2.9919401e-05	-5.854476	-0.029636342
355.2	2.9832852e-05	-5.8544893	-0.029676142
355.84	3.0336404e-05	-5.8544663	-0.029546415
356.48	3.0838423e-05	-5.8545364	-0.029619313
357.12	3.0049876e-05	-5.8544894	-0.029738052
357.76	2.9734568e-05	-5.8544617	-0.029622371
358.4	2.9783028e-05	-5.8545088	-0.0295746
359.04	2.9656805e-05	-5.8544393	-0.029644193
359.68	2.926815e-05	-5.8544668	-0.029604662
360.32	2.9693138e-05	-5.8544762	-0.029599825
360.96	3.0001571e-05	-5.8545504	-0.029777836
361.6	2.9874145e-05	-5.8544567	-0.029653413
362.24	3.0203149e-05	-5.8544568	-0.029530101
362.88	3.0436132e-05	-5.8544989	-0.029707487
363.52	3.0186346e-05	-5.8544943	-0.029583995
364.16	2.9922572e-05	-5.8544759	-0.029672547
364.8	2.9702602e-05	-5.8544716	-0.029639978
365.44	2.9404551e-05	-5.8544716	-0.029692201
366.08	2.9749334e-05	-5.8544765	-0.029741675
366.72	2.9539253e-05	-5.8544295	-0.029696971
367.36	3.0146454e-05	-5.85449	-0.029704362
368	3.0426669e-05	-5.8545037	-0.029617005
368.64	3.0506921e-05	-5.8544617	-0.029685802
369.28	3.0155359e-05	-5.8544242	-0.029624686
369.92	2.9811012e-05	-5.8544428	-0.029693555
370.56	3.0415362e-05	-5.8544672	-0.029591974
371.2	2.9367512e-05	-5.8545039	-0.02977398
371.84	2.9396488e-05	-5.854453	-0.02969202
372.48	2.9197659e-05	-5.8544295	-0.029599923
373.12	3.005328e-05	-5.8544253	-0.02960738
373.76	2.9964325e-05	-5.8544945	-0.029634326
374.4	3.0192237e-05	-5.8545407	-0.029533257
375.04	3.0114115e-05	-5.8544101	-0.029601638
375.68	3.0160104e-05	-5.8544986	-0.029568601
376.32	3.0285361e-05	-5.8545085	-0.029512679
376.96	2.9695444e-05	-5.8545456	-0.029695382
377.6	2.9328637e-05	-5.8544852	-0.029625491
378.24	2.9240972e-05	-5.8544761	-0.029535864
378.88	2.9770811e-05	-5.854416	-0.029647678
379.52	3.0304984e-05	-5.8544487	-0.029634087
380.16	3.0395304e-05	-5.8544855	-0.029688358
380.8	3.0374818e-05	-5.8544803	-0.029657311
381.44	3.0611846e-05	-5.8544571	-0.029724957
382.08	3.0880551e-05	-5.8545413	-0.029719962
382.72	2.973949e-05	-5.8544429	-0.029705999
383.36	3.0171543e-05	-5.8544904	-0.029647615
384	3.0004198e-05	-5.8544394	-0.029682673
384.64	2.9613692e-05	-5.854523	-0.029707229
385.28	2.9974936e-05	-5.854472	-0.029785133
385.92	2.9953779e-05	-5.8544809	-0.029702157
386.56	3.0342717e-05	-5.8544295	-0.02955064
387.2	2.9928352e-05	-5.8544845	-0.029685855
387.84	3.0253557e-05	-5.854387	-0.029556127
388.48	3.0560643e-05	-5.8544386	-0.029660234
389.12	3.0048589e-05	-5.8544572	-0.029628755
389.76	2.9973164e-05	-5.8544996	-0.029700101
390.4	2.9388414e-05	-5.8544389	-0.029755818
391.04	2.9125829e-05	-5.8544713	-0.029628414
391.68	2.9464288e-05	-5.8544621	-0.029590945
392.32	2.9905488e-05	-5.8544668	-0.029633858
392.96	2.984596e-05	-5.8544941	-0.029693218
393.6	3.0118025e-05	-5.8544567	-0.029635532
394.24	3.042798e-05	-5.8544011	-0.029645745
394.88	3.0519435e-05	-5.8545177	-0.029641476
395.52	2.9803918e-05	-5.8544896	-0.029608478
396.16	3.0362987e-05	-5.8545001	-0.029673517
396.8	2.9587254e-05	-5.8545043	-0.029714519
397.44	2.9142429e-05	-5.8545225	-0.029607841
398.08	2.9420514e-05	-5.8544294	-0.029613259
398.72	2.9968286e-05	-5.8544993	-0.029718673
399.36	3.0180506e-05	-5.8545083	-0.02968642
400	3.0140315e-05	-5.854466	-0.029636658
400.64	2.994498e-05	-5.8544844	-0.029709978
401.28	3.1007131e-05	-5.8544625	-0.029786521
401.92	2.995452e-05	-5.8544853	-0.029663077
402.56	2.9040263e-05	-5.8544895	-0.029714066
403.2	2.906125e-05	-5.8544852	-0.02968453
403.84	2.980606e-05	-5.8544347	-0.029623287
404.48	2.9876512e-05	-5.8545368	-0.02976805
405.12	2.992305e-05	-5.8543735	-0.029688713
405.76	3.0308773e-05	-5.8544431	-0.029732946
406.4	3.0211535e-05	-5.8545033	-0.029659558
407.04	3.0601403e-05	-5.8544293	-0.029635817
407.68	3.017028e-05	-5.8544804	-0.029663359
408.32	3.0027544e-05	-5.8544436	-0.029665947
408.96	2.9427053e-05	-5.8545039	-0.029739973
409.6	2.9600538e-05	-5.8544951	-0.029640757
410.24	2.9259333e-05	-5.8544435	-0.029660835
410.88	2.9210088e-05	-5.8544663	-0.029624397
411.52	3.0217286e-05	-5.8545133	-0.029730284
412.16	3.0274113e-05	-5.8545128	-0.029581707
412.8	3.03242e-05	-5.8544289	-0.029530851
413.44	3.0086743e-05	-5.8544893	-0.029605656
414.08	3.0595166e-05	-5.8545088	-0.029628172
414.72	2.9955988e-05	-5.8545087	-0.029610621
415.36	2.9660225e-05	-5.8545182	-0.029563416
416	2.9630379e-05	-5.8544905	-0.029581011
416.64	2.9826148e-05	-5.8544812	-0.029649537
417.28	2.9385467e-05	-5.8545269	-0.02963395
417.92	3.0088936e-05	-5.8544107	-0.029547072
418.56	3.0530197e-05	-5.8545408	-0.029622727
419.2	3.0050135e-05	-5.8544983	-0.029618255
419.84	3.0011624e-05	-5.8544753	-0.029644539
420.48	2.9849389e-05	-5.8544105	-0.029668647
421.12	2.9573144e-05	-5.8544899	-0.029631131
421.76	2.9058676e-05	-5.8544665	-0.029716205
422.4	2.9722198e-05	-5.854379	-0.029607638
423.04	2.933934e-05	-5.8544528	-0.029596181
423.68	3.0623691e-05	-5.8544954	-0.029656474
424.32	3.001216e-05	-5.8544477	-0.029651823
424.96	3.0288696e-05	-5.8544661	-0.029702751
425.6	3.0800882e-05	-5.8544851	-0.029687784
426.24	3.0500687e-05	-5.8544014	-0.029628922
426.88	2.9893303e-05	-5.8544571	-0.029759968
427.52	2.9801093e-05	-5.8544855	-0.029626197
428.16	2.9319781e-05	-5.854425	-0.029606741
428.8	3.0150223e-05	-5.8544631	-0.029670211
429.44	2.9447631e-05	-5.8544622	-0.029613777
430.08	3.0036182e-05	-5.8545459	-0.029713744
430.72	3.0292376e-05	-5.8544433	-0.029551875
431.36	3.0081288e-05	-5.8544333	-0.029548693
432	2.9908343e-05	-5.8544656	-0.029565997
432.64	3.0472666e-05	-5.8544758	-0.029598021
433.28	3.0168707e-05	-5.8544761	-0.029777405
433.92	2.9427574e-05	-5.8545085	-0.029658452
434.56	2.9777801e-05	-5.8544906	-0.029593688
435.2	2.9580345e-05	-5.854537	-0.029622331
435.84	2.9906652e-05	-5.8543974	-0.029591538
436.48	3.0362134e-05	-5.8544392	-0.029665808
437.12	3.0127236e-05	-5.8544802	-0.029607662
437.76	3.029312e-05	-5.8544986	-0.02972433
438.4	2.9853264e-05	-5.8544144	-0.02948446
439.04	3.0228524e-05	-5.8545408	-0.029640564
439.68	2.9433193e-05	-5.854522	-0.029659423
440.32	2.9922672e-05	-5.8544905	-0.0297144
440.96	2.9541345e-05	-5.8544625	-0.029601484
441.6	2.9935749e-05	-5.8543838	-0.029694514
442.24	2.9492553e-05	-5.8544993	-0.029605563
442.88	2.9765634e-05	-5.8544571	-0.029671611
443.52	3.0631998e-05	-5.8544713	-0.029702168
444.16	3.0507974e-05	-5.8544569	-0.029705844
444.8	2.9847125e-05	-5.8544703	-0.029526011
445.44	3.044549e-05	-5.8544759	-0.029804412
446.08	2.9873659e-05	-5.8544295	-0.02969475
446.72	2.9426573e-05	-5.8544482	-0.029614635
447.36	2.9157521e-05	-5.8544761	-0.029716438
448	2.9756834e-05	-5.8544999	-0.029687447
448.64	2.9606225e-05	-5.8544342	-0.029648942
449.28	3.0127116e-05	-5.8544387	-0.029683197
449.92	3.0258431e-05	-5.8544662	-0.029631979
450.56	3.0269424e-05	-5.8544567	-0.029657306
451.2	3.0426843e-05	-5.8544942	-0.029629348
451.84	3.1062681e-05	-5.8544999	-0.029645957
452.48	3.0224441e-05	-5.8544997	-0.02965541
453.12	2.9855753e-05	-5.8544766	-0.029656641
453.76	2.9415671e-05	-5.8544578	-0.029665098
454.4	2.9286155e-05	-5.8544808	-0.02971203
455.04	2.9770094e-05	-5.8544481	-0.029648779
455.68	3.0450247e-05	-5.8544668	-0.02964614
456.32	3.0178436e-05	-5.8545312	-0.029628948
456.96	3.042071e-05	-5.8544569	-0.029560612
457.6	3.002045e-05	-5.8544893	-0.029652046
458.24	2.99742e-05	-5.854471	-0.029494621
458.88	2.9295641e-05	-5.8544616	-0.02969641
459.52	2.9510158e-05	-5.8544344	-0.029730467
460.16	2.9837915e-05	-5.8544442	-0.029674737
460.8	2.967153e-05	-5.854509	-0.029569343
461.44	2.9936478e-05	-5.8545134	-0.029654684
462.08	3.0851825e-05	-5.8544067	-0.029616502
462.72	3.0019667e-05	-5.8544705	-0.029529614
463.36	3.0476005e-05	-5.8544848	-0.029668473
464	3.0355487e-05	-5.8544431	-0.029775993
464.64	3.0157044e-05	-5.8544527	-0.029758547
465.28	2.9687689e-05	-5.8544854	-0.02964097
465.92	2.9297489e-05	-5.8544343	-0.029629994
466.56	2.9483671e-05	-5.8544624	-0.029708749
467.2	2.9381348e-05	-5.85449	-0.029740078
467.84	3.0279674e-05	-5.8544578	-0.029680592
468.48	3.0826195e-05	-5.8544484	-0.029566526
469.12	3.069593e-05	-5.8544758	-0.02967722
469.76	3.0129749e-05	-5.8545496	-0.029732514
470.4	3.0150542e-05	-5.8544477	-0.029608595
471.04	3.0109562e-05	-5.8544714	-0.029531714
471.68	2.9214509e-05	-5.8545037	-0.029619308
472.32	2.965248e-05	-5.8544858	-0.02961501
472.96	2.9913401e-05	-5.8544395	-0.029507705
473.6	2.9416679e-05	-5.8544294	-0.029599003
474.24	2.9965085e-05	-5.8544108	-0.029530613
474.88	3.0484531e-05	-5.8545131	-0.029631923
475.52	3.055742e-05	-5.854485	-0.029753146
476.16	3.0406212e-05	-5.854536	-0.029684913
476.8	3.0259756e-05	-5.854499	-0.029679773
477.44	2.9890839e-05	-5.854462	-0.029582743
478.08	2.9294013e-05	-5.854462	-0.029599214
478.72	2.971853e-05	-5.8545045	-0.029715988
479.36	2.9818143e-05	-5.8544673	-0.029790267
480	3.0265687e-05	-5.854472	-0.029580508
480.64	2.9997869e-05	-5.8544154	-0.029715254
481.28	3.0574375e-05	-5.8544759	-0.029629904
481.92	3.0183147e-05	-5.8544753	-0.029654123
482.56	3.0379484e-05	-5.854457	-0.029678689
483.2	3.0085533e-05	-5.854471	-0.029791252
483.84	3.0035599e-05	-5.854439	-0.029624259
484.48	2.9977766e-05	-5.8544627	-0.029649134
485.12	2.966818e-05	-5.8544626	-0.029779847
485.76	2.9914138e-05	-5.8545046	-0.029647571
486.4	2.9703237e-05	-5.8544063	-0.029543313
487.04	3.0102098e-05	-5.8543828	-0.029716377
487.68	3.0477408e-05	-5.8544711	-0.029592177
488.32	3.0958068e-05	-5.8544295	-0.029496457
488.96	3.0244062e-05	-5.8544615	-0.029643116
489.6	3.056435e-05	-5.8545228	-0.029710249
490.24	2.974543e-05	-5.8544016	-0.029704905
490.88	2.9599923e-05	-5.8544717	-0.029617932
491.52	2.8998525e-05	-5.8545178	-0.029703938
492.16	2.9893478e-05	-5.8544999	-0.029666431
492.8	2.9671047e-05	-5.8544433	-0.02956728
493.44	3.0421233e-05	-5.8545039	-0.029672683
494.08	3.0388889e-05	-5.8545128	-0.029768013
494.72	3.0588732e-05	-5.8544803	-0.029570477
495.36	3.028656e-05	-5.8543779	-0.029561949
496	3.0273386e-05	-5.85449	-0.029605878
496.64	3.005672e-05	-5.854509	-0.029713339
497.28	2.9722874e-05	-5.8544393	-0.029628626
497.92	2.9463894e-05	-5.8545182	-0.029687531
498.56	2.929437e-05	-5.8544899	-0.029573704
499.2	3.000274e-05	-5.8544343	-0.029685728
499.84	3.0154738e-05	-5.8544292	-0.029484725
