0	7.2937972e-06	-5.849653	-0.03053914
0.64	7.3641098e-06	-5.849667	-0.030533373
1.28	7.4204509e-06	-5.8496576	-0.030443826
1.92	7.508673e-06	-5.8496343	-0.030556678
2.56	7.4515279e-06	-5.849662	-0.030543877
3.2	7.6031707e-06	-5.8496575	-0.030595556
3.84	7.6155851e-06	-5.8496715	-0.030511772
4.48	7.4205702e-06	-5.8496435	-0.03050938
5.12	7.4696233e-06	-5.8496484	-0.030507008
5.76	7.2762776e-06	-5.8496344	-0.030522822
6.4	7.3669442e-06	-5.8496252	-0.030535408
7.04	7.4152908e-06	-5.8496345	-0.030474431
7.68	7.4031633e-06	-5.8496669	-0.030493348
8.32	7.545142e-06	-5.8496436	-0.030521195
8.96	7.6675714e-06	-5.8496808	-0.030524004
9.6	7.6671942e-06	-5.8496343	-0.030467411
10.24	7.584564e-06	-5.8496575	-0.030472479
10.88	7.5059216e-06	-5.8496529	-0.030562468
11.52	7.4184987e-06	-5.849667	-0.03050717
12.16	7.3301429e-06	-5.8496437	-0.030502053
12.8	7.3138317e-06	-5.849653	-0.030518959
13.44	7.3618989e-06	-5.8496856	-0.030530085
14.08	7.4496094e-06	-5.8496716	-0.030540058
14.72	7.4655503e-06	-5.8496528	-0.030511766
15.36	7.5304437e-06	-5.8496853	-0.030546473
16	7.5479768e-06	-5.8496574	-0.03044416
16.64	7.3869087e-06	-5.8496574	-0.030515484
17.28	7.452777e-06	-5.8496483	-0.03057649
17.92	7.4767538e-06	-5.8496298	-0.030490652
18.56	7.4731594e-06	-5.8496532	-0.030566103
19.2	7.3779974e-06	-5.8496996	-0.030557974
19.84	7.3853933e-06	-5.849653	-0.030556418
20.48	7.5780102e-06	-5.8496856	-0.030542471
21.12	7.5860379e-06	-5.8496297	-0.03049913
21.76	7.6273821e-06	-5.8496389	-0.030454021
22.4	7.5266894e-06	-5.8496807	-0.030545863
23.04	7.4638003e-06	-5.8496482	-0.030530368
23.68	7.4951853e-06	-5.8496762	-0.030521464
24.32	7.5661789e-06	-5.8496485	-0.03050098
24.96	7.2961058e-06	-5.8496065	-0.030422469
25.6	7.4476456e-06	-5.8496671	-0.030498739
26.24	7.3834094e-06	-5.8496763	-0.030551504
26.88	7.4905055e-06	-5.8496809	-0.030578615
27.52	7.5391451e-06	-5.8496529	-0.03050852
28.16	7.726204e-06	-5.8496762	-0.030592298
28.8	7.5228037e-06	-5.8496342	-0.030437903
29.44	7.5846961e-06	-5.8496669	-0.030568808
30.08	7.5565361e-06	-5.8496717	-0.03051789
30.72	7.3030083e-06	-5.8496623	-0.030493834
31.36	7.4009292e-06	-5.8496531	-0.03059438
32	7.23772e-06	-5.8496669	-0.030575221
32.64	7.5078295e-06	-5.8496764	-0.03051944
33.28	7.5050253e-06	-5.849625	-0.030477507
33.92	7.6905611e-06	-5.849653	-0.03046923
34.56	7.4410424e-06	-5.8496852	-0.030552012
35.2	7.5284879e-06	-5.8496435	-0.030522068
35.84	7.454209e-06	-5.8496203	-0.030514107
36.48	7.5027253e-06	-5.8496484	-0.03048116
37.12	7.3308068e-06	-5.8496577	-0.030509777
37.76	7.3826949e-06	-5.8496531	-0.030609821
38.4	7.4159738e-06	-5.8496345	-0.030519854
39.04	7.4099342e-06	-5.8497135	-0.030554107
39.68	7.4751023e-06	-5.8496761	-0.030476417
40.32	7.7460636e-06	-5.8496577	-0.030532205
40.96	7.6203986e-06	-5.8496761	-0.030530957
41.6	7.5512125e-06	-5.8496528	-0.030560413
42.24	7.5608818e-06	-5.8496669	-0.030504227
42.88	7.5267768e-06	-5.8496438	-0.030461068
43.52	7.3325342e-06	-5.8496763	-0.030485606
44.16	7.3517598e-06	-5.849681	-0.030507036
44.8	7.4293747e-06	-5.8496485	-0.030543409
45.44	7.5394054e-06	-5.8496903	-0.030467418
46.08	7.516004e-06	-5.8496576	-0.030511296
46.72	7.5980785e-06	-5.8496808	-0.030553282
47.36	7.6599171e-06	-5.8496482	-0.030509424
48	7.530006e-06	-5.8496435	-0.030509616
48.64	7.6246266e-06	-5.8496717	-0.030516731
49.28	7.4673925e-06	-5.8496344	-0.030509619
49.92	7.3603591e-06	-5.8496391	-0.030533146
50.56	7.4013522e-06	-5.8496531	-0.030441552
51.2	7.2971845e-06	-5.849639	-0.030532465
51.84	7.4448851e-06	-5.8496297	-0.030492288
52.48	7.4970932e-06	-5.8496529	-0.030509198
53.12	7.636393e-06	-5.8496855	-0.030546605
53.76	7.6662265e-06	-5.8496762	-0.030577456
54.4	7.570421e-06	-5.8496296	-0.030485423
55.04	7.5956088e-06	-5.8496344	-0.030539629
55.68	7.4305314e-06	-5.8496577	-0.030510533
56.32	7.3122613e-06	-5.849653	-0.030531924
56.96	7.300857e-06	-5.8496391	-0.03054072
57.6	7.4373106e-06	-5.8496717	-0.030527531
58.24	7.4000321e-06	-5.8496622	-0.030533551
58.88	7.5361983e-06	-5.8496017	-0.030515865
59.52	7.6132107e-06	-5.8496436	-0.03051607
60.16	7.5355306e-06	-5.8496574	-0.030504613
60.8	7.6426048e-06	-5.849653	-0.03051576
61.44	7.4331446e-06	-5.8496762	-0.030499902
62.08	7.424323e-06	-5.8496763	-0.030557641
62.72	7.357762e-06	-5.8496438	-0.030538343
63.36	7.4476688e-06	-5.8496625	-0.030519185
64	7.3992973e-06	-5.8496577	-0.030481981
64.64	7.6009406e-06	-5.8496298	-0.030500671
65.28	7.5945159e-06	-5.8496483	-0.030515903
65.92	7.5491288e-06	-5.8496388	-0.030510793
66.56	7.5567455e-06	-5.8496575	-0.030486446
67.2	7.6251225e-06	-5.8496809	-0.030529806
67.84	7.4458253e-06	-5.8496529	-0.030533575
68.48	7.301422e-06	-5.8496669	-0.030516427
69.12	7.4111833e-06	-5.8496438	-0.030490033
69.76	7.3373413e-06	-5.8496763	-0.030516702
70.4	7.4409002e-06	-5.8496856	-0.030557062
71.04	7.4373755e-06	-5.849625	-0.030523081
71.68	7.5137482e-06	-5.8496575	-0.030555793
72.32	7.4801836e-06	-5.849676	-0.030474158
72.96	7.7061224e-06	-5.8496344	-0.030562182
73.6	7.5291616e-06	-5.8496436	-0.030512457
74.24	7.499813e-06	-5.8496344	-0.030454894
74.88	7.2933006e-06	-5.8496716	-0.030547371
75.52	7.3100017e-06	-5.8496298	-0.030523531
76.16	7.2973587e-06	-5.8496762	-0.03056762
76.8	7.5239252e-06	-5.8497136	-0.030518282
77.44	7.4797108e-06	-5.8496668	-0.030530576
78.08	7.5458078e-06	-5.8496389	-0.03044281
78.72	7.5098569e-06	-5.8496341	-0.030567466
79.36	7.6669739e-06	-5.8496297	-0.030481259
80	7.512093e-06	-5.8496483	-0.030510607
80.64	7.453392e-06	-5.849667	-0.030585137
81.28	7.3363169e-06	-5.8496623	-0.030532065
81.92	7.3397194e-06	-5.8496624	-0.030507883
82.56	7.3255254e-06	-5.8496391	-0.030515428
83.2	7.4451257e-06	-5.849667	-0.030511084
83.84	7.477202e-06	-5.8496436	-0.03045799
84.48	7.6778128e-06	-5.8496157	-0.030557613
85.12	7.7149567e-06	-5.8496576	-0.030523466
85.76	7.7309973e-06	-5.8496437	-0.030530467
86.4	7.4906002e-06	-5.8496669	-0.030517153
87.04	7.4917755e-06	-5.8496717	-0.030546817
87.68	7.3657024e-06	-5.8496391	-0.030492676
88.32	7.2617971e-06	-5.8496809	-0.030524248
88.96	7.5461004e-06	-5.8496858	-0.030500178
89.6	7.4580856e-06	-5.849653	-0.030580065
90.24	7.5149666e-06	-5.8496575	-0.030564823
90.88	7.6407433e-06	-5.8496762	-0.030554934
91.52	7.6316354e-06	-5.8496761	-0.030516167
92.16	7.5947361e-06	-5.8496855	-0.030525415
92.8	7.5759868e-06	-5.8496484	-0.030531724
93.44	7.5062004e-06	-5.8496438	-0.030487822
94.08	7.3484408e-06	-5.8496205	-0.030510132
94.72	7.3992902e-06	-5.8496578	-0.030508003
95.36	7.3460688e-06	-5.8496484	-0.030491099
96	7.497623e-06	-5.8496763	-0.030530696
96.64	7.5479187e-06	-5.8496575	-0.030525489
97.28	7.6090076e-06	-5.8496435	-0.030476161
97.92	7.5063766e-06	-5.849662	-0.03055908
98.56	7.617465e-06	-5.8496157	-0.030505728
99.2	7.3842079e-06	-5.8496529	-0.030554279
99.84	7.3337429e-06	-5.8496669	-0.030569504
100.48	7.4103007e-06	-5.8496624	-0.030500324
101.12	7.3598652e-06	-5.849667	-0.030546891
101.76	7.4520756e-06	-5.8496717	-0.030446308
102.4	7.4847849e-06	-5.8496716	-0.030544061
103.04	7.4968056e-06	-5.8496435	-0.030508754
103.68	7.6066533e-06	-5.8496575	-0.030514392
104.32	7.6459551e-06	-5.849718	-0.03055211
104.96	7.6804035e-06	-5.8496716	-0.03052444
105.6	7.5771438e-06	-5.8496205	-0.030511834
106.24	7.3190579e-06	-5.8496297	-0.030530165
106.88	7.3438542e-06	-5.8496763	-0.030504121
107.52	7.4843571e-06	-5.8496346	-0.030502774
108.16	7.3977233e-06	-5.8496065	-0.030540764
108.8	7.5299944e-06	-5.8496716	-0.030514562
109.44	7.549283e-06	-5.8496621	-0.030572596
110.08	7.7633956e-06	-5.8496809	-0.030502909
110.72	7.5672326e-06	-5.8496435	-0.030471547
111.36	7.5970748e-06	-5.8496576	-0.030487869
112	7.4322935e-06	-5.8496995	-0.030509791
112.64	7.3505221e-06	-5.8496623	-0.030536709
113.28	7.3981892e-06	-5.8496624	-0.030537818
113.92	7.3536323e-06	-5.8496577	-0.030458958
114.56	7.4009914e-06	-5.8496483	-0.030559601
115.2	7.463077e-06	-5.8496389	-0.030452476
115.84	7.5755427e-06	-5.8496715	-0.030521329
116.48	7.5699431e-06	-5.8496435	-0.030473723
117.12	7.6062111e-06	-5.8496343	-0.030558393
117.76	7.5270409e-06	-5.8496018	-0.030489966
118.4	7.391609e-06	-5.849639	-0.030514756
119.04	7.4992349e-06	-5.8496485	-0.030524069
119.68	7.3980472e-06	-5.8496857	-0.030509893
120.32	7.509243e-06	-5.8496486	-0.030488813
120.96	7.4996549e-06	-5.8496438	-0.030515695
121.6	7.5869601e-06	-5.849653	-0.030497095
122.24	7.6987957e-06	-5.8496669	-0.030519087
122.88	7.6983316e-06	-5.8496901	-0.030616986
123.52	7.6509213e-06	-5.8496204	-0.030518113
124.16	7.489767e-06	-5.8496715	-0.030487876
124.8	7.4787852e-06	-5.8496577	-0.030556039
125.44	7.3764218e-06	-5.8496345	-0.030539283
126.08	7.3683062e-06	-5.8496438	-0.030533316
126.72	7.4612252e-06	-5.8496531	-0.030559948
127.36	7.442245e-06	-5.8496669	-0.030509062
128	7.6062381e-06	-5.8496483	-0.030512851
128.64	7.6946893e-06	-5.8496483	-0.030485388
129.28	7.645073e-06	-5.8496668	-0.030554759
129.92	7.5948405e-06	-5.8496436	-0.030456658
130.56	7.466645e-06	-5.8496855	-0.030440475
131.2	7.4373703e-06	-5.8496577	-0.030583713
131.84	7.2170042e-06	-5.8496622	-0.03051472
132.48	7.3869271e-06	-5.8496764	-0.030548972
133.12	7.539177e-06	-5.8496393	-0.030509101
133.76	7.4988944e-06	-5.8496763	-0.030616682
134.4	7.5783593e-06	-5.8496343	-0.030506483
135.04	7.5981734e-06	-5.8496528	-0.030546427
135.68	7.6734082e-06	-5.8496762	-0.030525722
136.32	7.641253e-06	-5.8496157	-0.030539525
136.96	7.5922873e-06	-5.8496531	-0.030483422
137.6	7.3927623e-06	-5.8496856	-0.030532703
138.24	7.3416628e-06	-5.849667	-0.030530663
138.88	7.3645763e-06	-5.8496578	-0.030552033
139.52	7.5941043e-06	-5.8496718	-0.030478532
140.16	7.5387054e-06	-5.8496344	-0.030470883
140.8	7.5638985e-06	-5.8496436	-0.030525346
141.44	7.6166242e-06	-5.8496529	-0.030588704
142.08	7.6146185e-06	-5.8496529	-0.030523827
142.72	7.549873e-06	-5.8496622	-0.030530077
143.36	7.5323922e-06	-5.849667	-0.030583567
144	7.2384953e-06	-5.8496854	-0.03050212
144.64	7.4183835e-06	-5.8496578	-0.030511705
145.28	7.41994e-06	-5.8496671	-0.030519481
145.92	7.3876382e-06	-5.8496809	-0.030574121
146.56	7.6210401e-06	-5.8496624	-0.030559762
147.2	7.5085183e-06	-5.8496528	-0.03056979
147.84	7.6552017e-06	-5.8496668	-0.03049093
148.48	7.4620791e-06	-5.8496667	-0.030538122
149.12	7.6625267e-06	-5.8496623	-0.030562028
149.76	7.5073801e-06	-5.849653	-0.030441178
150.4	7.3764672e-06	-5.849681	-0.030540155
151.04	7.4261526e-06	-5.8497043	-0.030483768
151.68	7.3400271e-06	-5.8496717	-0.030511072
152.32	7.4906668e-06	-5.8496763	-0.030529115
152.96	7.3684283e-06	-5.8496761	-0.0305646
153.6	7.540194e-06	-5.8496389	-0.030507672
154.24	7.6685095e-06	-5.8496017	-0.030467265
154.88	7.6331188e-06	-5.8496296	-0.030538548
155.52	7.4848672e-06	-5.8496482	-0.03053518
156.16	7.4643625e-06	-5.8496484	-0.030555345
156.8	7.2872939e-06	-5.8496344	-0.030510455
157.44	7.3556051e-06	-5.8496996	-0.030638329
158.08	7.3457863e-06	-5.8496763	-0.030513582
158.72	7.4408666e-06	-5.8496577	-0.030537983
159.36	7.3789746e-06	-5.8496528	-0.030581153
160	7.5558736e-06	-5.8496528	-0.030490365
160.64	7.7392149e-06	-5.8496623	-0.030493996
161.28	7.5507096e-06	-5.8496528	-0.030533051
161.92	7.4078419e-06	-5.8496621	-0.030576593
162.56	7.5032281e-06	-5.8496438	-0.030497208
163.2	7.3647691e-06	-5.8496996	-0.030520161
163.84	7.4516348e-06	-5.8496858	-0.030528925
164.48	7.3640036e-06	-5.8496949	-0.030484076
165.12	7.4419658e-06	-5.8496623	-0.030500821
165.76	7.4757131e-06	-5.8496389	-0.030508946
166.4	7.6459136e-06	-5.8496482	-0.030550964
167.04	7.4298577e-06	-5.8496387	-0.030440464
167.68	7.565642e-06	-5.8496947	-0.03053691
168.32	7.469972e-06	-5.8496622	-0.030509322
168.96	7.5088984e-06	-5.8496857	-0.030566937
169.6	7.4477619e-06	-5.8496392	-0.030488415
170.24	7.3405291e-06	-5.8496205	-0.030571411
170.88	7.4523421e-06	-5.8496764	-0.030552012
171.52	7.4188361e-06	-5.849639	-0.030464019
172.16	7.5600328e-06	-5.8496762	-0.03055195
172.8	7.5308137e-06	-5.8496481	-0.030536664
173.44	7.5736108e-06	-5.8496481	-0.030492888
174.08	7.5806052e-06	-5.8496296	-0.030539184
174.72	7.5604677e-06	-5.8496298	-0.030480815
175.36	7.4762365e-06	-5.8496205	-0.030526626
176	7.3555454e-06	-5.8496763	-0.030559003
176.64	7.3315313e-06	-5.849667	-0.030510332
177.28	7.3346096e-06	-5.849639	-0.03051991
177.92	7.3970258e-06	-5.8496436	-0.030501888
178.56	7.7015182e-06	-5.8496623	-0.030559754
179.2	7.625961e-06	-5.8496994	-0.030582889
179.84	7.6672449e-06	-5.8496576	-0.030561177
180.48	7.6014693e-06	-5.8496436	-0.030486661
181.12	7.4015717e-06	-5.8496296	-0.03049227
181.76	7.441795e-06	-5.8496577	-0.030495552
182.4	7.3851734e-06	-5.8496392	-0.030498597
183.04	7.4616708e-06	-5.8496578	-0.030523025
183.68	7.3564384e-06	-5.849653	-0.030506223
184.32	7.4799583e-06	-5.8496437	-0.030475915
184.96	7.582106e-06	-5.8496482	-0.030548085
185.6	7.7211898e-06	-5.8496762	-0.030577334
186.24	7.5428867e-06	-5.8496853	-0.030498364
186.88	7.5836128e-06	-5.8496436	-0.030469373
187.52	7.4472144e-06	-5.8496902	-0.030531908
188.16	7.4086446e-06	-5.8496624	-0.03050071
188.8	7.2926199e-06	-5.8496809	-0.03054624
189.44	7.2772095e-06	-5.8496344	-0.030527836
190.08	7.2854691e-06	-5.8496669	-0.030486801
190.72	7.4331506e-06	-5.8496854	-0.030543859
191.36	7.6705984e-06	-5.849653	-0.030467929
192	7.7221289e-06	-5.849653	-0.030442419
192.64	7.6291549e-06	-5.8496575	-0.030579457
193.28	7.6003535e-06	-5.849639	-0.030524853
193.92	7.4064325e-06	-5.8496762	-0.030530198
194.56	7.5116078e-06	-5.8496439	-0.030543005
195.2	7.3789656e-06	-5.8496578	-0.030573825
195.84	7.43656e-06	-5.8496532	-0.030522182
196.48	7.3080933e-06	-5.8496669	-0.030527233
197.12	7.4148022e-06	-5.8496435	-0.030506281
197.76	7.6821024e-06	-5.849653	-0.030514055
198.4	7.6299692e-06	-5.8496296	-0.030466861
199.04	7.3268587e-06	-5.8496619	-0.030519011
199.68	7.7265972e-06	-5.8496485	-0.030575123
200.32	7.4885556e-06	-5.8496763	-0.030449384
200.96	7.4392268e-06	-5.8496206	-0.030518898
201.6	7.2951416e-06	-5.8496484	-0.030551678
202.24	7.4060766e-06	-5.8496531	-0.030505486
202.88	7.4545724e-06	-5.8496809	-0.030503943
203.52	7.5897432e-06	-5.8496809	-0.030542857
204.16	7.5420993e-06	-5.8496575	-0.030508819
204.8	7.625664e-06	-5.8496342	-0.030596606
205.44	7.6426678e-06	-5.8496948	-0.030510314
206.08	7.4227245e-06	-5.8496528	-0.030513552
206.72	7.4258888e-06	-5.8496716	-0.030531962
207.36	7.3086778e-06	-5.8496995	-0.030522205
208	7.3131084e-06	-5.8496251	-0.03050586
208.64	7.4457049e-06	-5.8496438	-0.030561334
209.28	7.6051701e-06	-5.8496345	-0.030518402
209.92	7.5712454e-06	-5.8496669	-0.030541453
210.56	7.5097752e-06	-5.8496435	-0.030488881
211.2	7.5186046e-06	-5.8496574	-0.030564905
211.84	7.6917257e-06	-5.8496437	-0.030530429
212.48	7.5563841e-06	-5.8496949	-0.030508265
213.12	7.3993141e-06	-5.8496344	-0.030530269
213.76	7.3588736e-06	-5.8496624	-0.030526568
214.4	7.4216946e-06	-5.8496624	-0.030515434
215.04	7.4253844e-06	-5.8496949	-0.030592859
215.68	7.5412114e-06	-5.8496438	-0.030500465
216.32	7.4802855e-06	-5.8496668	-0.030529482
216.96	7.562406e-06	-5.8496621	-0.030476119
217.6	7.6543669e-06	-5.849625	-0.030536417
218.24	7.460766e-06	-5.8496667	-0.030563361
218.88	7.6121035e-06	-5.8496345	-0.030514587
219.52	7.2524125e-06	-5.8496157	-0.030473233
220.16	7.3778623e-06	-5.8496624	-0.030470972
220.8	7.2842695e-06	-5.8496763	-0.030520258
221.44	7.4023732e-06	-5.8497135	-0.030541784
222.08	7.4959152e-06	-5.8496297	-0.030530909
222.72	7.5068419e-06	-5.8496854	-0.030609344
223.36	7.5491456e-06	-5.8496156	-0.0304934
224	7.6770241e-06	-5.8496808	-0.030589326
224.64	7.5415771e-06	-5.849625	-0.030469902
225.28	7.4512147e-06	-5.8496343	-0.030495795
225.92	7.253353e-06	-5.8496948	-0.030558478
226.56	7.254504e-06	-5.8496576	-0.030532013
227.2	7.2731211e-06	-5.8496483	-0.030521385
227.84	7.4087924e-06	-5.8496298	-0.030556482
228.48	7.5011795e-06	-5.8496716	-0.030538693
229.12	7.5898881e-06	-5.8496529	-0.030502543
229.76	7.6464676e-06	-5.8496482	-0.030543854
230.4	7.5084791e-06	-5.8496621	-0.030587013
231.04	7.4386189e-06	-5.8496528	-0.030464735
231.68	7.3923911e-06	-5.8496855	-0.030509646
232.32	7.3034087e-06	-5.8496437	-0.030569417
232.96	7.3864549e-06	-5.8496578	-0.030542659
233.6	7.3207619e-06	-5.8497042	-0.030480682
234.24	7.4294781e-06	-5.849653	-0.03051119
234.88	7.4601113e-06	-5.8496436	-0.03050813
235.52	7.5953436e-06	-5.8497041	-0.030545404
236.16	7.7123457e-06	-5.8496297	-0.030516936
236.8	7.500865e-06	-5.8496481	-0.030497627
237.44	7.4897618e-06	-5.8496575	-0.030525829
238.08	7.4444279e-06	-5.8496483	-0.030534801
238.72	7.5180145e-06	-5.8496672	-0.030513277
239.36	7.3827219e-06	-5.8496438	-0.030561656
240	7.4485796e-06	-5.8496671	-0.030516415
240.64	7.6085707e-06	-5.8496671	-0.030545112
241.28	7.6694841e-06	-5.849681	-0.03051241
241.92	7.4853882e-06	-5.8496481	-0.03053435
242.56	7.5910802e-06	-5.8496714	-0.03051061
243.2	7.6082977e-06	-5.8496482	-0.030501386
243.84	7.4035668e-06	-5.8496621	-0.030572862
244.48	7.3915161e-06	-5.8496669	-0.030540195
245.12	7.1905627e-06	-5.8496436	-0.030524779
245.76	7.3254735e-06	-5.8497042	-0.030587292
246.4	7.3229833e-06	-5.8496762	-0.030502235
247.04	7.496535e-06	-5.8496716	-0.030507931
247.68	7.4634104e-06	-5.8496622	-0.03051256
248.32	7.5277374e-06	-5.8496761	-0.030517787
248.96	7.5522949e-06	-5.8496249	-0.030602516
249.6	7.7215924e-06	-5.8496716	-0.030542503
250.24	7.5686245e-06	-5.8496995	-0.030513194
250.88	7.4623456e-06	-5.8496251	-0.030509062
251.52	7.2254046e-06	-5.849639	-0.030496208
252.16	7.3375845e-06	-5.8496949	-0.030523018
252.8	7.3692585e-06	-5.8496763	-0.030552115
253.44	7.4977063e-06	-5.849667	-0.030539607
254.08	7.4501778e-06	-5.8496528	-0.030464161
254.72	7.4898509e-06	-5.8496807	-0.030478426
255.36	7.6441579e-06	-5.8496622	-0.030525065
256	7.5217496e-06	-5.8496342	-0.030497016
256.64	7.5434357e-06	-5.849653	-0.030525831
257.28	7.4433216e-06	-5.8496484	-0.030563757
257.92	7.5302164e-06	-5.8496718	-0.030545539
258.56	7.3835562e-06	-5.8496578	-0.030544419
259.2	7.4608715e-06	-5.8496764	-0.030497218
259.84	7.4983081e-06	-5.8496716	-0.030529472
260.48	7.5410759e-06	-5.8496622	-0.030494719
261.12	7.539036e-06	-5.8496714	-0.030590522
261.76	7.691317e-06	-5.8496669	-0.030499081
262.4	7.5891068e-06	-5.8496204	-0.030545072
263.04	7.4459932e-06	-5.8496483	-0.030569643
263.68	7.3197593e-06	-5.8496669	-0.03050804
264.32	7.3529932e-06	-5.8496531	-0.030539722
264.96	7.3826148e-06	-5.8496578	-0.03056944
265.6	7.5368409e-06	-5.8496625	-0.03050518
266.24	7.6184569e-06	-5.8496949	-0.030476145
266.88	7.7122742e-06	-5.8496437	-0.030523086
267.52	7.5804402e-06	-5.8496993	-0.030489482
268.16	7.6567487e-06	-5.8497041	-0.030518193
268.8	7.5234173e-06	-5.8496575	-0.030527863
269.44	7.5087084e-06	-5.8496112	-0.030520115
270.08	7.4324256e-06	-5.8496624	-0.030476404
270.72	7.3232455e-06	-5.8496903	-0.030509227
271.36	7.4349606e-06	-5.8496764	-0.030504766
272	7.418993e-06	-5.8496577	-0.030546672
272.64	7.5075486e-06	-5.8496623	-0.030543237
273.28	7.5883993e-06	-5.8496482	-0.030552648
273.92	7.5270628e-06	-5.8496621	-0.030515589
274.56	7.6624295e-06	-5.8496343	-0.030451777
275.2	7.5433632e-06	-5.8496715	-0.030561802
275.84	7.3806953e-06	-5.8496669	-0.030502793
276.48	7.5166062e-06	-5.8496625	-0.030582509
277.12	7.3060472e-06	-5.8496716	-0.030499947
277.76	7.442057e-06	-5.8496857	-0.030524523
278.4	7.4816176e-06	-5.8496577	-0.030481779
279.04	7.4700497e-06	-5.8496761	-0.030519937
279.68	7.4903397e-06	-5.8496435	-0.030512191
280.32	7.619131e-06	-5.8496389	-0.03054641
280.96	7.6027723e-06	-5.8496762	-0.030548496
281.6	7.5093138e-06	-5.8496483	-0.030523883
282.24	7.4378276e-06	-5.8497135	-0.030603397
282.88	7.4966711e-06	-5.8496392	-0.030496922
283.52	7.4545114e-06	-5.8496718	-0.030563919
284.16	7.5447224e-06	-5.8496858	-0.030506835
284.8	7.5016664e-06	-5.8496763	-0.030511361
285.44	7.5400611e-06	-5.8496994	-0.030488452
286.08	7.561415e-06	-5.8496668	-0.030545219
286.72	7.5990073e-06	-5.8496435	-0.030494897
287.36	7.5681176e-06	-5.8496622	-0.030503623
288	7.3878966e-06	-5.8496296	-0.030576396
288.64	7.4824237e-06	-5.8496856	-0.03048902
289.28	7.3524515e-06	-5.8496438	-0.030494692
289.92	7.3304422e-06	-5.8496391	-0.030495282
290.56	7.3272805e-06	-5.8496809	-0.030526665
291.2	7.5221222e-06	-5.8496484	-0.030535817
291.84	7.4986569e-06	-5.8496854	-0.030565581
292.48	7.6201153e-06	-5.8496575	-0.030490098
293.12	7.6464274e-06	-5.8496761	-0.030474876
293.76	7.6504309e-06	-5.8496948	-0.030545523
294.4	7.570688e-06	-5.8496205	-0.030531087
295.04	7.5268418e-06	-5.8496392	-0.030555585
295.68	7.4532236e-06	-5.8496392	-0.030458788
296.32	7.4712632e-06	-5.8496904	-0.030496725
296.96	7.3994161e-06	-5.8496763	-0.030594789
297.6	7.5047576e-06	-5.8496437	-0.030484424
298.24	7.6161505e-06	-5.849653	-0.030537002
298.88	7.6788016e-06	-5.8496622	-0.030543212
299.52	7.6948037e-06	-5.8496901	-0.030504793
300.16	7.5401256e-06	-5.849625	-0.030527011
300.8	7.5215145e-06	-5.8496344	-0.03050067
301.44	7.4333372e-06	-5.8496531	-0.030511767
302.08	7.3593736e-06	-5.8496624	-0.030549933
302.72	7.3916957e-06	-5.8496485	-0.030494846
303.36	7.4039256e-06	-5.8496437	-0.03044703
304	7.4004209e-06	-5.8496668	-0.030529388
304.64	7.4966095e-06	-5.8496621	-0.030504579
305.28	7.7027672e-06	-5.849625	-0.030506654
305.92	7.577548e-06	-5.8496714	-0.030504536
306.56	7.540412e-06	-5.8496575	-0.030582479
307.2	7.615593e-06	-5.8496903	-0.030504075
307.84	7.3069883e-06	-5.8496483	-0.030525583
308.48	7.3796272e-06	-5.8496438	-0.0305174
309.12	7.3778612e-06	-5.8496903	-0.030543044
309.76	7.4349159e-06	-5.8496251	-0.030488472
310.4	7.6037019e-06	-5.8496345	-0.030571522
311.04	7.6546091e-06	-5.849639	-0.030513403
311.68	7.6654161e-06	-5.8496576	-0.030498504
312.32	7.5734258e-06	-5.8496621	-0.030508421
312.96	7.5552858e-06	-5.8496622	-0.030488015
313.6	7.4861213e-06	-5.8496391	-0.030542624
314.24	7.5243263e-06	-5.8496671	-0.030515199
314.88	7.3931508e-06	-5.8496113	-0.030483013
315.52	7.3343389e-06	-5.8496902	-0.030600499
316.16	7.4582536e-06	-5.8496809	-0.030533031
316.8	7.4869436e-06	-5.8496808	-0.030576514
317.44	7.3475836e-06	-5.8496387	-0.030496185
318.08	7.7183491e-06	-5.8496716	-0.030530123
318.72	7.6136153e-06	-5.8496715	-0.030570918
319.36	7.4381655e-06	-5.8496668	-0.030531357
320	7.4930686e-06	-5.8496624	-0.030521882
320.64	7.4249593e-06	-5.8496671	-0.030561222
321.28	7.4021051e-06	-5.8496624	-0.03055124
321.92	7.3791142e-06	-5.8496484	-0.030527676
322.56	7.4076946e-06	-5.8496623	-0.030430028
323.2	7.5362911e-06	-5.8496529	-0.030609376
323.84	7.5212434e-06	-5.8496621	-0.030548337
324.48	7.5442534e-06	-5.8496481	-0.03055738
325.12	7.5481832e-06	-5.8496296	-0.030496918
325.76	7.4044282e-06	-5.8496947	-0.030569974
326.4	7.5355173e-06	-5.8496764	-0.030546346
327.04	7.5245378e-06	-5.8496625	-0.030498618
327.68	7.2308255e-06	-5.849653	-0.030461506
328.32	7.4537252e-06	-5.8496764	-0.030528216
328.96	7.3339252e-06	-5.8496436	-0.03053117
329.6	7.5354053e-06	-5.8496855	-0.030509907
330.24	7.6066847e-06	-5.8496668	-0.030560034
330.88	7.6854667e-06	-5.8496669	-0.030540531
331.52	7.6524008e-06	-5.849639	-0.030549582
332.16	7.466723e-06	-5.8496436	-0.030572891
332.8	7.456614e-06	-5.8496531	-0.030516225
333.44	7.3679238e-06	-5.8496484	-0.030525065
334.08	7.4648022e-06	-5.8496392	-0.030498071
334.72	7.45146e-06	-5.8496717	-0.030503616
335.36	7.4617948e-06	-5.8496344	-0.030535492
336	7.5133499e-06	-5.8496715	-0.030528787
336.64	7.6686097e-06	-5.8496762	-0.030495249
337.28	7.5812489e-06	-5.8496621	-0.030522804
337.92	7.4580945e-06	-5.8496853	-0.030509602
338.56	7.4487451e-06	-5.8496483	-0.030519858
339.2	7.4888155e-06	-5.8496624	-0.030506492
339.84	7.3027263e-06	-5.8496437	-0.030548092
340.48	7.4646185e-06	-5.8496997	-0.030545355
341.12	7.4133894e-06	-5.8496624	-0.030562663
341.76	7.5558423e-06	-5.8496251	-0.030544382
342.4	7.6237369e-06	-5.8496762	-0.030527963
343.04	7.6483723e-06	-5.8496389	-0.030494586
343.68	7.5605401e-06	-5.8496482	-0.030521936
344.32	7.5243115e-06	-5.8496575	-0.030510493
344.96	7.463325e-06	-5.8496948	-0.030578335
345.6	7.460982e-06	-5.849681	-0.030528593
346.24	7.3753931e-06	-5.849667	-0.030532701
346.88	7.2387752e-06	-5.8496483	-0.030510253
347.52	7.4382111e-06	-5.8496577	-0.030521035
348.16	7.5288741e-06	-5.8496484	-0.030513701
348.8	7.6093986e-06	-5.8496622	-0.030490292
349.44	7.5332968e-06	-5.8496574	-0.030515567
350.08	7.5154098e-06	-5.8496621	-0.030507926
350.72	7.4906086e-06	-5.8496714	-0.030530309
351.36	7.521297e-06	-5.8496902	-0.030578876
352	7.4347513e-06	-5.8496577	-0.030515061
352.64	7.3686713e-06	-5.8496531	-0.030550527
353.28	7.3764514e-06	-5.8496856	-0.03051494
353.92	7.4602081e-06	-5.8496996	-0.030548009
354.56	7.5415911e-06	-5.8496204	-0.030516931
355.2	7.5831013e-06	-5.849625	-0.030518429
355.84	7.6381534e-06	-5.8496575	-0.030532805
356.48	7.5888665e-06	-5.8496761	-0.030506282
357.12	7.4751124e-06	-5.8496668	-0.030560347
357.76	7.4361373e-06	-5.8496623	-0.030458209
358.4	7.2990454e-06	-5.8497134	-0.030609105
359.04	7.469638e-06	-5.8496765	-0.030517714
359.68	7.2251818e-06	-5.8496808	-0.030530072
360.32	7.4752401e-06	-5.8496949	-0.030524112
360.96	7.5174157e-06	-5.8496343	-0.030516356
361.6	7.6928226e-06	-5.8496344	-0.030508378
362.24	7.5731148e-06	-5.8496435	-0.030544036
362.88	7.5187645e-06	-5.8496481	-0.030571576
363.52	7.4391695e-06	-5.8496575	-0.030477922
364.16	7.3906723e-06	-5.8496809	-0.030567337
364.8	7.3739097e-06	-5.8496531	-0.030495071
365.44	7.3730212e-06	-5.8496438	-0.030524662
366.08	7.3720455e-06	-5.8496717	-0.030539469
366.72	7.4037025e-06	-5.8496809	-0.030504061
367.36	7.5269086e-06	-5.8496576	-0.030523961
368	7.5410527e-06	-5.8496668	-0.030528772
368.64	7.6965037e-06	-5.8496715	-0.03059195
369.28	7.5669645e-06	-5.8496715	-0.030455146
369.92	7.620426e-06	-5.8496391	-0.030553404
370.56	7.395276e-06	-5.8496437	-0.030510223
371.2	7.3342801e-06	-5.8496809	-0.030484254
371.84	7.3083545e-06	-5.8496903	-0.030505289
372.48	7.3481523e-06	-5.8496623	-0.030533623
373.12	7.3788783e-06	-5.8496529	-0.030507155
373.76	7.3916045e-06	-5.8496807	-0.030547703
374.4	7.6104573e-06	-5.8497133	-0.030568895
375.04	7.5189057e-06	-5.8496667	-0.030569715
375.68	7.4736224e-06	-5.8496574	-0.030506847
376.32	7.5214047e-06	-5.849639	-0.030523452
376.96	7.4774449e-06	-5.8496577	-0.0305408
377.6	7.3140933e-06	-5.8496577	-0.030516852
378.24	7.373118e-06	-5.849681	-0.030548779
378.88	7.4150703e-06	-5.849681	-0.030548997
379.52	7.633435e-06	-5.8496903	-0.030555973
380.16	7.5366571e-06	-5.8496715	-0.030519998
380.8	7.5633743e-06	-5.8496482	-0.030530474
381.44	7.5352287e-06	-5.8496202	-0.030452084
382.08	7.504823e-06	-5.8496807	-0.030571061
382.72	7.4225949e-06	-5.8496576	-0.030528349
383.36	7.5026448e-06	-5.8496717	-0.030495424
384	7.3306108e-06	-5.8496717	-0.030546745
384.64	7.3198249e-06	-5.849667	-0.030581217
385.28	7.4005743e-06	-5.849653	-0.030540555
385.92	7.4418597e-06	-5.8496948	-0.030453358
386.56	7.6554245e-06	-5.849653	-0.03057598
387.2	7.5064162e-06	-5.8496667	-0.030470359
387.84	7.7071666e-06	-5.8496343	-0.030499207
388.48	7.6295843e-06	-5.8495832	-0.030531374
389.12	7.5713374e-06	-5.8496205	-0.030491266
389.76	7.4462574e-06	-5.8497043	-0.030523069
390.4	7.3719194e-06	-5.8496717	-0.030488963
391.04	7.2844708e-06	-5.8496809	-0.030542768
391.68	7.4148915e-06	-5.849667	-0.030470181
392.32	7.4093182e-06	-5.8496575	-0.030516646
392.96	7.6623598e-06	-5.8496483	-0.030519183
393.6	7.6349573e-06	-5.8496668	-0.030499242
394.24	7.5730184e-06	-5.8496528	-0.030605695
394.88	7.5523453e-06	-5.8496622	-0.030588293
395.52	7.3216989e-06	-5.8496575	-0.030487043
396.16	7.3346548e-06	-5.8497042	-0.030566867
396.8	7.5295212e-06	-5.8497044	-0.030518664
397.44	7.5062756e-06	-5.8496765	-0.030477969
398.08	7.5603297e-06	-5.8496857	-0.030495814
398.72	7.5759925e-06	-5.849653	-0.030553221
399.36	7.6807992e-06	-5.8496251	-0.030481304
400	7.5452753e-06	-5.8496574	-0.030546045
400.64	7.5685863e-06	-5.8496854	-0.030477109
401.28	7.6253726e-06	-5.8496856	-0.030474313
401.92	7.4887211e-06	-5.849667	-0.03050444
402.56	7.3177111e-06	-5.8496484	-0.03048972
403.2	7.3823025e-06	-5.8496671	-0.030556055
403.84	7.3769085e-06	-5.8497182	-0.03056207
404.48	7.565823e-06	-5.849681	-0.030555796
405.12	7.5550247e-06	-5.8496157	-0.030493225
405.76	7.6594524e-06	-5.8496576	-0.030471864
406.4	7.712947e-06	-5.8496297	-0.03051124
407.04	7.6747907e-06	-5.8496762	-0.030522022
407.68	7.5439325e-06	-5.8496623	-0.030519
408.32	7.4988858e-06	-5.8496624	-0.03052275
408.96	7.4610547e-06	-5.8496671	-0.030559368
409.6	7.2834778e-06	-5.8496716	-0.030511347
410.24	7.4174979e-06	-5.8496438	-0.030545227
410.88	7.5005917e-06	-5.8496484	-0.030501621
411.52	7.5512801e-06	-5.8496669	-0.030516325
412.16	7.5112654e-06	-5.8497086	-0.030583823
412.8	7.6493923e-06	-5.8496994	-0.030564509
413.44	7.5730412e-06	-5.8496761	-0.030501816
414.08	7.5700539e-06	-5.849653	-0.030506144
414.72	7.3995805e-06	-5.8496716	-0.030517508
415.36	7.4212949e-06	-5.8496764	-0.030496012
416	7.486873e-06	-5.8496672	-0.030550384
416.64	7.3455335e-06	-5.8496437	-0.030517474
417.28	7.5286628e-06	-5.8496949	-0.030581821
417.92	7.645693e-06	-5.8496763	-0.030528451
418.56	7.4616955e-06	-5.8496434	-0.030526119
419.2	7.5319544e-06	-5.8496435	-0.030494981
419.84	7.5982613e-06	-5.8496715	-0.030536491
420.48	7.5014242e-06	-5.8496809	-0.030493195
421.12	7.5030641e-06	-5.8496159	-0.030569786
421.76	7.4382536e-06	-5.8496811	-0.030542073
422.4	7.4288091e-06	-5.8496532	-0.030583995
423.04	7.3030033e-06	-5.8496855	-0.030546136
423.68	7.535104e-06	-5.8496763	-0.03046023
424.32	7.5429418e-06	-5.8496529	-0.030454224
424.96	7.6268759e-06	-5.8496575	-0.030524027
425.6	7.7491674e-06	-5.849667	-0.030529101
426.24	7.5142755e-06	-5.8496482	-0.030432241
426.88	7.6216082e-06	-5.8496624	-0.030516262
427.52	7.4519452e-06	-5.849681	-0.030521638
428.16	7.3989668e-06	-5.8496252	-0.030466213
428.8	7.4970283e-06	-5.8496346	-0.030504717
429.44	7.4682321e-06	-5.8496484	-0.030508745
430.08	7.4582291e-06	-5.8496204	-0.030547003
430.72	7.5615153e-06	-5.8496482	-0.030529815
431.36	7.6373693e-06	-5.8496622	-0.030496728
432	7.640158e-06	-5.8496343	-0.030550555
432.64	7.7020448e-06	-5.8496252	-0.030534655
433.28	7.4392608e-06	-5.8496344	-0.03051324
433.92	7.5179309e-06	-5.8496997	-0.030554266
434.56	7.3479776e-06	-5.8496391	-0.030477722
435.2	7.4088003e-06	-5.849681	-0.030465327
435.84	7.4040935e-06	-5.8496716	-0.030569479
436.48	7.5086816e-06	-5.8496715	-0.030522367
437.12	7.5440872e-06	-5.8496249	-0.030520317
437.76	7.6165247e-06	-5.8496482	-0.030515055
438.4	7.5131295e-06	-5.8496481	-0.030527594
439.04	7.5659698e-06	-5.8496483	-0.030459329
439.68	7.363052e-06	-5.8496343	-0.030472899
440.32	7.3533517e-06	-5.8496344	-0.030474004
440.96	7.4546104e-06	-5.8496858	-0.030536041
441.6	7.3273826e-06	-5.8496995	-0.030530763
442.24	7.477423e-06	-5.8496391	-0.030543977
442.88	7.6062991e-06	-5.8496577	-0.030495067
443.52	7.4990409e-06	-5.8496853	-0.030501116
444.16	7.6469295e-06	-5.8496947	-0.03049664
444.8	7.5414316e-06	-5.849704	-0.030550675
445.44	7.4613673e-06	-5.8496622	-0.030538738
446.08	7.500454e-06	-5.8496577	-0.030510031
446.72	7.4140693e-06	-5.8496624	-0.030535364
447.36	7.2835786e-06	-5.8496902	-0.030545109
448	7.4266597e-06	-5.8496764	-0.030532966
448.64	7.4833837e-06	-5.8496763	-0.030543022
449.28	7.5661687e-06	-5.8496669	-0.030506898
449.92	7.6296587e-06	-5.8496854	-0.030505668
450.56	7.5962585e-06	-5.8496435	-0.03054466
451.2	7.5920511e-06	-5.8496343	-0.030532742
451.84	7.5041028e-06	-5.8496855	-0.030479893
452.48	7.3448236e-06	-5.8496343	-0.0304923
453.12	7.4055711e-06	-5.8496438	-0.030520938
453.76	7.3543459e-06	-5.8496531	-0.030486116
454.4	7.4387465e-06	-5.8496577	-0.030531884
455.04	7.4673639e-06	-5.849639	-0.030543598
455.68	7.6115365e-06	-5.8496483	-0.030536261
456.32	7.5273718e-06	-5.8496853	-0.03053037
456.96	7.6371445e-06	-5.8496343	-0.030523377
457.6	7.5307332e-06	-5.8496622	-0.030450546
458.24	7.3683746e-06	-5.8496389	-0.030543513
458.88	7.3113436e-06	-5.8496808	-0.030536247
459.52	7.388551e-06	-5.8496485	-0.030557525
460.16	7.4413523e-06	-5.8497043	-0.030458051
460.8	7.3416335e-06	-5.8496669	-0.03050853
461.44	7.4819972e-06	-5.849639	-0.030517777
462.08	7.3981926e-06	-5.8496574	-0.030535981
462.72	7.4392495e-06	-5.8496806	-0.030530358
463.36	7.5816113e-06	-5.8496482	-0.030481158
464	7.6894835e-06	-5.849667	-0.030537541
464.64	7.460912e-06	-5.849639	-0.030511114
465.28	7.60664e-06	-5.8496579	-0.030557603
465.92	7.3014267e-06	-5.8496809	-0.030517457
466.56	7.3239592e-06	-5.8496019	-0.030546125
467.2	7.3052084e-06	-5.8496669	-0.030576266
467.84	7.6344143e-06	-5.8496717	-0.03051153
468.48	7.5340016e-06	-5.8496389	-0.030473962
469.12	7.7549469e-06	-5.8496251	-0.03054077
469.76	7.6438596e-06	-5.8496483	-0.030589168
470.4	7.5653949e-06	-5.8496529	-0.030491437
471.04	7.4277571e-06	-5.8496669	-0.030548466
471.68	7.4392421e-06	-5.8496531	-0.030516205
472.32	7.3362492e-06	-5.8496903	-0.030541387
472.96	7.3752439e-06	-5.8496624	-0.030508386
473.6	7.3979383e-06	-5.8496437	-0.030519381
474.24	7.5467992e-06	-5.849639	-0.030511047
474.88	7.6399859e-06	-5.8496343	-0.03054867
475.52	7.7399386e-06	-5.8496762	-0.030550198
476.16	7.5827619e-06	-5.8496668	-0.030506792
476.8	7.4670585e-06	-5.8496529	-0.030483768
477.44	7.5488856e-06	-5.8496531	-0.030525971
478.08	7.3601316e-06	-5.8496344	-0.030452036
478.72	7.2580671e-06	-5.8496669	-0.030511126
479.36	7.5016665e-06	-5.8496439	-0.030521384
480	7.4871691e-06	-5.849667	-0.03055297
480.64	7.4789598e-06	-5.8496436	-0.03052759
481.28	7.4006865e-06	-5.8496434	-0.03049468
481.92	7.5046314e-06	-5.8496574	-0.030554572
482.56	7.5798131e-06	-5.8496854	-0.030508148
483.2	7.4928763e-06	-5.8496343	-0.030499217
483.84	7.4843252e-06	-5.8496344	-0.030478154
484.48	7.3171337e-06	-5.8496484	-0.030468776
485.12	7.3122411e-06	-5.8496577	-0.030541506
485.76	7.460601e-06	-5.8496438	-0.03053413
486.4	7.4770557e-06	-5.8496623	-0.030555035
487.04	7.6575744e-06	-5.8496809	-0.030510992
487.68	7.6621105e-06	-5.8496157	-0.030471717
488.32	7.6583727e-06	-5.8496482	-0.030506545
488.96	7.5605108e-06	-5.8496296	-0.030545498
489.6	7.5503598e-06	-5.8496577	-0.030550197
490.24	7.3129268e-06	-5.8496483	-0.030533812
490.88	7.3108032e-06	-5.849667	-0.030548633
491.52	7.2937049e-06	-5.8496158	-0.030549083
492.16	7.4290329e-06	-5.8496484	-0.030474056
492.8	7.4054926e-06	-5.8496948	-0.030496232
493.44	7.5706611e-06	-5.8496715	-0.030477858
494.08	7.5296684e-06	-5.8496621	-0.03052414
494.72	7.5854906e-06	-5.8496528	-0.030561448
495.36	7.6624739e-06	-5.8496716	-0.030519437
496	7.4894217e-06	-5.8496855	-0.030540108
496.64	7.5753089e-06	-5.8496439	-0.030566522
497.28	7.3235469e-06	-5.849653	-0.030481375
497.92	7.3312427e-06	-5.8496717	-0.030534419
498.56	7.4142372e-06	-5.8496484	-0.030521585
499.2	7.5388241e-06	-5.8497088	-0.030508783
499.84	7.6145737e-06	-5.8496437	-0.030482673
