0	7.4593182e-05	-5.8566846	-0.053706384
0.64	7.3593382e-05	-5.8568319	-0.05361997
1.28	7.3802256e-05	-5.8566867	-0.053695977
1.92	7.5707077e-05	-5.8567754	-0.053895525
2.56	7.608594e-05	-5.8567002	-0.053751994
3.2	7.6087185e-05	-5.8567091	-0.053835648
3.84	7.547705e-05	-5.856723	-0.053921497
4.48	7.457621e-05	-5.8567327	-0.05360018
5.12	7.4552902e-05	-5.8567202	-0.053788208
5.76	7.5193915e-05	-5.8566382	-0.053776208
6.4	7.29618e-05	-5.8568038	-0.053869299
7.04	7.3523415e-05	-5.8567386	-0.05358057
7.68	7.5685689e-05	-5.8567394	-0.053781397
8.32	7.5306508e-05	-5.8567609	-0.053754001
8.96	7.6492208e-05	-5.8567284	-0.05367996
9.6	7.6878585e-05	-5.856761	-0.053890052
10.24	7.4187793e-05	-5.8567544	-0.053684154
10.88	7.5500179e-05	-5.8567339	-0.053719587
11.52	7.391151e-05	-5.8567384	-0.0537887
12.16	7.4158152e-05	-5.8567675	-0.053727825
12.8	7.2276601e-05	-5.8567054	-0.053703193
13.44	7.489838e-05	-5.856684	-0.053772029
14.08	7.3957978e-05	-5.8566863	-0.053599445
14.72	7.5374821e-05	-5.8567886	-0.053935338
15.36	7.5514986e-05	-5.8566622	-0.053904896
16	7.4921433e-05	-5.8566801	-0.053628539
16.64	7.5765237e-05	-5.8566957	-0.053786897
17.28	7.4717487e-05	-5.8567659	-0.053729129
17.92	7.4528211e-05	-5.8567625	-0.053786279
18.56	7.4519038e-05	-5.8567866	-0.053807353
19.2	7.3842797e-05	-5.8566883	-0.053753442
19.84	7.3151639e-05	-5.8566914	-0.053703459
20.48	7.5353857e-05	-5.8567107	-0.053859931
21.12	7.5248912e-05	-5.8567184	-0.053670661
21.76	7.703064e-05	-5.8567845	-0.053599188
22.4	7.5042343e-05	-5.8567315	-0.053545815
23.04	7.5962846e-05	-5.8566729	-0.053728001
23.68	7.5165322e-05	-5.8567526	-0.053705654
24.32	7.2858252e-05	-5.8567285	-0.053723809
24.96	7.3301902e-05	-5.8567158	-0.053858979
25.6	7.3224878e-05	-5.8567434	-0.053946598
26.24	7.3819829e-05	-5.8567291	-0.05390639
26.88	7.4668274e-05	-5.8567656	-0.053611312
27.52	7.6552629e-05	-5.8568311	-0.05365394
28.16	7.6137124e-05	-5.8567649	-0.053754803
28.8	7.6428059e-05	-5.8567514	-0.053809809
29.44	7.4954069e-05	-5.8566675	-0.053725489
30.08	7.4687787e-05	-5.8567525	-0.053801943
30.72	7.3862366e-05	-5.8567437	-0.053604782
31.36	7.4799028e-05	-5.8566894	-0.05356058
32	7.3892058e-05	-5.8567672	-0.053874097
32.64	7.4635133e-05	-5.8567668	-0.053728058
33.28	7.571736e-05	-5.8567803	-0.053834165
33.92	7.6411966e-05	-5.8567192	-0.053962445
34.56	7.6640204e-05	-5.8567189	-0.053932451
35.2	7.6918512e-05	-5.8567102	-0.053596949
35.84	7.6092716e-05	-5.8566874	-0.053728466
36.48	7.5257387e-05	-5.8566835	-0.053695689
37.12	7.375943e-05	-5.8567391	-0.053740936
37.76	7.3427149e-05	-5.8566973	-0.053790544
38.4	7.4393924e-05	-5.8567537	-0.053741697
39.04	7.5046693e-05	-5.856646	-0.053702476
39.68	7.5975134e-05	-5.8567198	-0.053746182
40.32	7.5761808e-05	-5.8567742	-0.053858126
40.96	7.6025717e-05	-5.8567601	-0.053837247
41.6	7.5015822e-05	-5.8567551	-0.053953161
42.24	7.5410409e-05	-5.8566869	-0.053709362
42.88	7.4564268e-05	-5.8567155	-0.053748178
43.52	7.2632148e-05	-5.856687	-0.053650098
44.16	7.4981039e-05	-5.8567315	-0.053815524
44.8	7.4006103e-05	-5.8566927	-0.053809902
45.44	7.3878537e-05	-5.8567144	-0.053778828
46.08	7.6112875e-05	-5.8567475	-0.053774931
46.72	7.5359408e-05	-5.8567085	-0.053741552
47.36	7.6026028e-05	-5.8567834	-0.053948176
48	7.5436499e-05	-5.8567463	-0.053713266
48.64	7.5265205e-05	-5.8567382	-0.054035339
49.28	7.3016188e-05	-5.8567096	-0.053856851
49.92	7.4114287e-05	-5.8566978	-0.053896675
50.56	7.3989179e-05	-5.8566653	-0.053727227
51.2	7.3095729e-05	-5.8567195	-0.053789256
51.84	7.5049048e-05	-5.8567573	-0.053847456
52.48	7.5071484e-05	-5.8568256	-0.053705334
53.12	7.6263725e-05	-5.8567233	-0.053935878
53.76	7.5362586e-05	-5.8566896	-0.053615576
54.4	7.5274449e-05	-5.8567183	-0.053664656
55.04	7.5160353e-05	-5.8566779	-0.053991205
55.68	7.5212015e-05	-5.8567632	-0.053674082
56.32	7.3741213e-05	-5.8567627	-0.053603521
56.96	7.2891869e-05	-5.8567107	-0.053878207
57.6	7.3926534e-05	-5.8568225	-0.053851082
58.24	7.4953241e-05	-5.8567615	-0.053819959
58.88	7.4579237e-05	-5.8567317	-0.053793979
59.52	7.6652107e-05	-5.8566166	-0.053786866
60.16	7.582904e-05	-5.8567088	-0.053610427
60.8	7.5703021e-05	-5.8566678	-0.053906199
61.44	7.5176504e-05	-5.8567432	-0.053901007
62.08	7.2554698e-05	-5.8566956	-0.05391351
62.72	7.4098413e-05	-5.8567585	-0.053787775
63.36	7.3934886e-05	-5.8567908	-0.053857622
64	7.380661e-05	-5.8567431	-0.053535384
64.64	7.5343089e-05	-5.8567524	-0.053727211
65.28	7.5989745e-05	-5.8567654	-0.053822341
65.92	7.4575141e-05	-5.8567401	-0.053879795
66.56	7.5890075e-05	-5.8567323	-0.053681305
67.2	7.4530405e-05	-5.8567831	-0.053699811
67.84	7.4450824e-05	-5.8567288	-0.053941799
68.48	7.4490213e-05	-5.8567722	-0.053796036
69.12	7.3190614e-05	-5.8567809	-0.053681487
69.76	7.2752074e-05	-5.8567942	-0.0538785
70.4	7.4760628e-05	-5.8566787	-0.053941778
71.04	7.6033615e-05	-5.856697	-0.053885501
71.68	7.633682e-05	-5.8567749	-0.053598934
72.32	7.6149233e-05	-5.8567369	-0.053699618
72.96	7.6261798e-05	-5.8567792	-0.053682111
73.6	7.469239e-05	-5.8567091	-0.053815563
74.24	7.4267902e-05	-5.8567662	-0.053792506
74.88	7.3412104e-05	-5.8567481	-0.05376431
75.52	7.3804744e-05	-5.8567676	-0.053835691
76.16	7.4611637e-05	-5.8567167	-0.053667465
76.8	7.4172004e-05	-5.8567336	-0.053594595
77.44	7.5693609e-05	-5.8566917	-0.05401298
78.08	7.5043857e-05	-5.8567363	-0.053765272
78.72	7.5361789e-05	-5.8567128	-0.053813984
79.36	7.5275315e-05	-5.8567412	-0.053865924
80	7.4859932e-05	-5.8567049	-0.053746882
80.64	7.5010037e-05	-5.8567346	-0.053753073
81.28	7.4311495e-05	-5.8566794	-0.053918146
81.92	7.3376099e-05	-5.8567998	-0.053749361
82.56	7.4873729e-05	-5.8567448	-0.053793315
83.2	7.4663726e-05	-5.8566967	-0.053716993
83.84	7.4420824e-05	-5.8567785	-0.053680872
84.48	7.6523003e-05	-5.8567143	-0.05384491
85.12	7.6273926e-05	-5.856751	-0.053711054
85.76	7.509876e-05	-5.8567645	-0.053744768
86.4	7.4264648e-05	-5.8567279	-0.053690228
87.04	7.4523653e-05	-5.8567158	-0.053815307
87.68	7.420868e-05	-5.8567026	-0.053665146
88.32	7.3711312e-05	-5.8567117	-0.054040228
88.96	7.4833627e-05	-5.8567353	-0.053651611
89.6	7.5159776e-05	-5.8567202	-0.053724664
90.24	7.4803786e-05	-5.8568159	-0.053827278
90.88	7.6409083e-05	-5.8567234	-0.053791308
91.52	7.6684856e-05	-5.8566862	-0.053834066
92.16	7.4771371e-05	-5.8567737	-0.053834665
92.8	7.4152141e-05	-5.8567188	-0.053904038
93.44	7.263922e-05	-5.8567559	-0.053983242
94.08	7.3406692e-05	-5.8567205	-0.053817875
94.72	7.3213651e-05	-5.8566925	-0.053828496
95.36	7.2956645e-05	-5.8567704	-0.05380424
96	7.5329606e-05	-5.8567852	-0.053668623
96.64	7.5371733e-05	-5.8566954	-0.053543762
97.28	7.7060291e-05	-5.8567519	-0.05365082
97.92	7.6509859e-05	-5.8567421	-0.053915327
98.56	7.7555946e-05	-5.8566975	-0.053772964
99.2	7.581048e-05	-5.8567996	-0.053756406
99.84	7.270208e-05	-5.8566911	-0.053705175
100.48	7.3296615e-05	-5.8567065	-0.053546875
101.12	7.3953954e-05	-5.8567536	-0.053595663
101.76	7.452406e-05	-5.8567578	-0.053786879
102.4	7.4066638e-05	-5.8567372	-0.053812455
103.04	7.5976417e-05	-5.856733	-0.053681613
103.68	7.7141405e-05	-5.856752	-0.0536498
104.32	7.5431226e-05	-5.8567179	-0.053600026
104.96	7.641e-05	-5.8566826	-0.053889198
105.6	7.549342e-05	-5.856646	-0.05378634
106.24	7.3749114e-05	-5.8566783	-0.053577254
106.88	7.2400676e-05	-5.8567568	-0.053847066
107.52	7.397983e-05	-5.8566744	-0.053775527
108.16	7.3701097e-05	-5.85678	-0.053834056
108.8	7.5238211e-05	-5.8567103	-0.053913234
109.44	7.5384147e-05	-5.8567416	-0.053682414
110.08	7.4804673e-05	-5.856824	-0.053532575
110.72	7.6969048e-05	-5.8567427	-0.053754215
111.36	7.5047047e-05	-5.8567187	-0.053882749
112	7.4480002e-05	-5.8566872	-0.053625823
112.64	7.4235216e-05	-5.8567393	-0.053887969
113.28	7.4920673e-05	-5.856736	-0.053757373
113.92	7.4245193e-05	-5.8567536	-0.053735905
114.56	7.516486e-05	-5.8567441	-0.0537788
115.2	7.6019438e-05	-5.8566551	-0.053874615
115.84	7.5190677e-05	-5.8567552	-0.053935301
116.48	7.7019369e-05	-5.8567331	-0.053885945
117.12	7.5773407e-05	-5.8567788	-0.053728784
117.76	7.3830015e-05	-5.8567317	-0.053795508
118.4	7.4914269e-05	-5.8567296	-0.053728316
119.04	7.2925721e-05	-5.8566359	-0.053974127
119.68	7.4637809e-05	-5.8567172	-0.053706402
120.32	7.3385886e-05	-5.8567713	-0.053790977
120.96	7.4845641e-05	-5.8567156	-0.0539224
121.6	7.5619343e-05	-5.8567334	-0.053790056
122.24	7.647014e-05	-5.8567192	-0.053895659
122.88	7.5665153e-05	-5.8566854	-0.05370439
123.52	7.6204652e-05	-5.856719	-0.053716322
124.16	7.3459054e-05	-5.8567082	-0.053723968
124.8	7.4625904e-05	-5.8567481	-0.053836352
125.44	7.3271709e-05	-5.8567619	-0.053825752
126.08	7.3216679e-05	-5.8567855	-0.05375529
126.72	7.4389289e-05	-5.8567489	-0.05363534
127.36	7.4825506e-05	-5.8567479	-0.053798385
128	7.4483136e-05	-5.8567414	-0.053778284
128.64	7.4888324e-05	-5.8567221	-0.053781412
129.28	7.6364069e-05	-5.8567187	-0.053837409
129.92	7.4885817e-05	-5.8566993	-0.053622816
130.56	7.5118201e-05	-5.8566916	-0.053798983
131.2	7.452407e-05	-5.8566925	-0.053761637
131.84	7.4384544e-05	-5.8567491	-0.053825597
132.48	7.3450704e-05	-5.856753	-0.053839725
133.12	7.4279178e-05	-5.8567113	-0.053789688
133.76	7.494362e-05	-5.8567199	-0.053795304
134.4	7.5716436e-05	-5.8566401	-0.05369203
135.04	7.5839802e-05	-5.856737	-0.053566543
135.68	7.565449e-05	-5.8567414	-0.053687342
136.32	7.5483392e-05	-5.8567234	-0.053785926
136.96	7.3955928e-05	-5.8567512	-0.053729047
137.6	7.409897e-05	-5.8566597	-0.053839077
138.24	7.4985294e-05	-5.8567916	-0.053812896
138.88	7.2855792e-05	-5.8566732	-0.053709738
139.52	7.4031102e-05	-5.8567387	-0.053759607
140.16	7.6454327e-05	-5.856735	-0.053885901
140.8	7.5447309e-05	-5.8567839	-0.053598036
141.44	7.6372357e-05	-5.8566304	-0.053764617
142.08	7.5885757e-05	-5.8567928	-0.05369317
142.72	7.4760502e-05	-5.8566857	-0.05386317
143.36	7.5786938e-05	-5.8567346	-0.053810908
144	7.2797876e-05	-5.8567888	-0.05374992
144.64	7.2635082e-05	-5.8567197	-0.053849165
145.28	7.3813984e-05	-5.8567439	-0.053903913
145.92	7.4746293e-05	-5.8567531	-0.05374251
146.56	7.4692113e-05	-5.8566586	-0.05380106
147.2	7.4990231e-05	-5.8567367	-0.053727494
147.84	7.5338485e-05	-5.8567178	-0.053896023
148.48	7.5669742e-05	-5.8566951	-0.053894069
149.12	7.5413522e-05	-5.856733	-0.053668511
149.76	7.4957275e-05	-5.8567433	-0.053725594
150.4	7.442829e-05	-5.8567116	-0.053596992
151.04	7.3154622e-05	-5.8567202	-0.053721972
151.68	7.4312243e-05	-5.8566931	-0.053920847
152.32	7.5181382e-05	-5.8567208	-0.053837977
152.96	7.5771237e-05	-5.8567571	-0.053755279
153.6	7.6013722e-05	-5.8567235	-0.053776117
154.24	7.5306539e-05	-5.8566897	-0.053570623
154.88	7.7094793e-05	-5.8567105	-0.053840184
155.52	7.5026055e-05	-5.8567097	-0.053834106
156.16	7.334959e-05	-5.8567979	-0.053816401
156.8	7.3949581e-05	-5.8567299	-0.053865556
157.44	7.3047076e-05	-5.8567201	-0.053705295
158.08	7.574216e-05	-5.8567502	-0.053772904
158.72	7.5489614e-05	-5.8567348	-0.053908322
159.36	7.5586966e-05	-5.8567706	-0.05369665
160	7.5012414e-05	-5.8566712	-0.053741657
160.64	7.5856818e-05	-5.8566205	-0.053848209
161.28	7.5005515e-05	-5.8567504	-0.053510981
161.92	7.5048844e-05	-5.856803	-0.053740956
162.56	7.4415892e-05	-5.8567434	-0.053823097
163.2	7.3517464e-05	-5.8567483	-0.053598743
163.84	7.2933913e-05	-5.8566735	-0.05377293
164.48	7.414887e-05	-5.8567857	-0.05383774
165.12	7.4938957e-05	-5.8567293	-0.053941753
165.76	7.4883019e-05	-5.8567743	-0.053744255
166.4	7.7160672e-05	-5.8566685	-0.05385465
167.04	7.6139075e-05	-5.8567045	-0.053930564
167.68	7.6186398e-05	-5.8567379	-0.053863855
168.32	7.6429435e-05	-5.8567488	-0.053654026
168.96	7.3435194e-05	-5.8567706	-0.053775495
169.6	7.3731996e-05	-5.8567021	-0.053844449
170.24	7.4630253e-05	-5.8567403	-0.053892419
170.88	7.5365087e-05	-5.8566425	-0.053646246
171.52	7.4159814e-05	-5.8566771	-0.053602472
172.16	7.5278363e-05	-5.8567837	-0.05394208
172.8	7.7255418e-05	-5.8567057	-0.053984393
173.44	7.6850998e-05	-5.8567518	-0.053707559
174.08	7.6668918e-05	-5.8566828	-0.053920287
174.72	7.5403076e-05	-5.8567481	-0.053767073
175.36	7.4765058e-05	-5.8567116	-0.053585506
176	7.3885624e-05	-5.8567442	-0.05369229
176.64	7.3576354e-05	-5.856767	-0.053850702
177.28	7.3834476e-05	-5.8566966	-0.05380409
177.92	7.4813248e-05	-5.8567473	-0.053559369
178.56	7.6202986e-05	-5.8567287	-0.053714803
179.2	7.6276929e-05	-5.8566767	-0.053722965
179.84	7.5787405e-05	-5.8567229	-0.053853023
180.48	7.4792088e-05	-5.8567183	-0.053929331
181.12	7.4729837e-05	-5.8568174	-0.053693157
181.76	7.1467247e-05	-5.8567458	-0.053672933
182.4	7.2927766e-05	-5.8566456	-0.053780178
183.04	7.3818958e-05	-5.8566882	-0.053755146
183.68	7.4573413e-05	-5.8567297	-0.053837612
184.32	7.55561e-05	-5.8567431	-0.053872991
184.96	7.6127033e-05	-5.8567656	-0.053959094
185.6	7.7592871e-05	-5.8567245	-0.053774676
186.24	7.6842919e-05	-5.8567473	-0.05375419
186.88	7.6249019e-05	-5.8567152	-0.053838125
187.52	7.4178225e-05	-5.8566449	-0.05367071
188.16	7.3515785e-05	-5.8567062	-0.053843448
188.8	7.466353e-05	-5.8567498	-0.053781949
189.44	7.2752522e-05	-5.8567801	-0.05384392
190.08	7.3791099e-05	-5.856752	-0.053737675
190.72	7.623038e-05	-5.8567343	-0.053794687
191.36	7.4448688e-05	-5.8567266	-0.053897436
192	7.5676103e-05	-5.8567411	-0.053783513
192.64	7.6113672e-05	-5.8567605	-0.053605101
193.28	7.5106751e-05	-5.856705	-0.053768025
193.92	7.5000106e-05	-5.8566832	-0.05385466
194.56	7.4562654e-05	-5.8568189	-0.053829961
195.2	7.3237406e-05	-5.8567903	-0.053592784
195.84	7.4074848e-05	-5.8567209	-0.053993385
196.48	7.4278761e-05	-5.8566734	-0.053701684
197.12	7.6003413e-05	-5.8567061	-0.053799427
197.76	7.644263e-05	-5.8567376	-0.053976723
198.4	7.4821318e-05	-5.8567867	-0.053738607
199.04	7.5885468e-05	-5.8568115	-0.053719506
199.68	7.4496164e-05	-5.8567278	-0.053867376
200.32	7.494548e-05	-5.8567205	-0.053711757
200.96	7.3957994e-05	-5.8566742	-0.053592999
201.6	7.4105265e-05	-5.856726	-0.053655053
202.24	7.394286e-05	-5.85673	-0.053908976
202.88	7.4435897e-05	-5.8566734	-0.053709319
203.52	7.5020804e-05	-5.8567654	-0.053844957
204.16	7.5921336e-05	-5.8567557	-0.053809348
204.8	7.6690363e-05	-5.8567141	-0.053835932
205.44	7.504485e-05	-5.8568061	-0.05377812
206.08	7.4181992e-05	-5.8567462	-0.053744715
206.72	7.425686e-05	-5.8567711	-0.053742463
207.36	7.3532657e-05	-5.856739	-0.053880471
208	7.2206467e-05	-5.856766	-0.053804727
208.64	7.4983494e-05	-5.8567356	-0.053715494
209.28	7.5040776e-05	-5.8566924	-0.053759786
209.92	7.5567231e-05	-5.8567332	-0.053946209
210.56	7.694774e-05	-5.8567101	-0.053743131
211.2	7.6596196e-05	-5.8567281	-0.05373487
211.84	7.6386263e-05	-5.8567146	-0.053747268
212.48	7.4795742e-05	-5.8567237	-0.053848407
213.12	7.5018166e-05	-5.8567069	-0.053707899
213.76	7.4808645e-05	-5.856759	-0.053778613
214.4	7.2999857e-05	-5.8567388	-0.053926192
215.04	7.4515302e-05	-5.8567489	-0.053690106
215.68	7.4552995e-05	-5.8567243	-0.053690467
216.32	7.4139903e-05	-5.8566758	-0.053870461
216.96	7.5243585e-05	-5.8566571	-0.053790165
217.6	7.5444229e-05	-5.8567688	-0.053676505
218.24	7.6857728e-05	-5.8567246	-0.053828074
218.88	7.4920644e-05	-5.8567939	-0.053877325
219.52	7.4607515e-05	-5.8567346	-0.053714872
220.16	7.4650936e-05	-5.8566659	-0.05388768
220.8	7.3660273e-05	-5.8567208	-0.05368825
221.44	7.4206094e-05	-5.8567344	-0.053715059
222.08	7.4009627e-05	-5.8566769	-0.054058239
222.72	7.5446014e-05	-5.8567512	-0.05379753
223.36	7.5798366e-05	-5.8567368	-0.053653388
224	7.6865227e-05	-5.8567192	-0.053799439
224.64	7.7118026e-05	-5.8567111	-0.05362382
225.28	7.4770149e-05	-5.8566963	-0.053793266
225.92	7.3278408e-05	-5.8568033	-0.053744676
226.56	7.3143027e-05	-5.8567854	-0.05382108
227.2	7.4464433e-05	-5.8567308	-0.053812969
227.84	7.4459622e-05	-5.8567344	-0.053920718
228.48	7.4418244e-05	-5.8567654	-0.053698999
229.12	7.635646e-05	-5.8567101	-0.05364381
229.76	7.6251469e-05	-5.8567465	-0.053781267
230.4	7.7177169e-05	-5.8566825	-0.053659033
231.04	7.4765504e-05	-5.8566439	-0.053759209
231.68	7.5870566e-05	-5.8567721	-0.053896474
232.32	7.3501642e-05	-5.8566921	-0.053657833
232.96	7.3703688e-05	-5.8567953	-0.053727977
233.6	7.4309975e-05	-5.8567398	-0.053792643
234.24	7.5891983e-05	-5.8568006	-0.053847145
234.88	7.4735899e-05	-5.8567235	-0.053982477
235.52	7.5968704e-05	-5.856756	-0.053784211
236.16	7.7285055e-05	-5.8566637	-0.053808827
236.8	7.6290743e-05	-5.8567097	-0.053791605
237.44	7.5748211e-05	-5.8566779	-0.053639886
238.08	7.4028685e-05	-5.8566637	-0.05373197
238.72	7.3524956e-05	-5.8567063	-0.053644352
239.36	7.3669087e-05	-5.8567393	-0.053796813
240	7.4600352e-05	-5.8567119	-0.05380444
240.64	7.4707284e-05	-5.8567247	-0.05389811
241.28	7.4688196e-05	-5.8567371	-0.054015227
241.92	7.6028773e-05	-5.8567	-0.05353537
242.56	7.6765388e-05	-5.8566353	-0.053747111
243.2	7.5943964e-05	-5.8567282	-0.053973572
243.84	7.5868012e-05	-5.8566783	-0.053760015
244.48	7.4375813e-05	-5.8567388	-0.053804176
245.12	7.2126627e-05	-5.8567655	-0.053796395
245.76	7.4180273e-05	-5.8568282	-0.05371377
246.4	7.518315e-05	-5.8567541	-0.053714688
247.04	7.4021293e-05	-5.856719	-0.053686268
247.68	7.4789941e-05	-5.8567741	-0.053921588
248.32	7.5366045e-05	-5.8567598	-0.053741561
248.96	7.4233455e-05	-5.8566561	-0.053718207
249.6	7.6333394e-05	-5.8567799	-0.053701486
250.24	7.5263945e-05	-5.8566872	-0.053659103
250.88	7.4188415e-05	-5.8567063	-0.053876761
251.52	7.6015174e-05	-5.8566812	-0.053741678
252.16	7.3473456e-05	-5.8566787	-0.05373326
252.8	7.3477704e-05	-5.8567196	-0.053840108
253.44	7.4756406e-05	-5.8567473	-0.053937152
254.08	7.4694523e-05	-5.8567691	-0.05366982
254.72	7.6577321e-05	-5.856784	-0.053649181
255.36	7.6232038e-05	-5.8567046	-0.053941299
256	7.4928062e-05	-5.8567555	-0.053855645
256.64	7.3995713e-05	-5.8567328	-0.053755497
257.28	7.3478739e-05	-5.8568454	-0.053828368
257.92	7.4345582e-05	-5.8566888	-0.053486935
258.56	7.4076958e-05	-5.8567257	-0.053855767
259.2	7.4908701e-05	-5.8567442	-0.053677079
259.84	7.4191476e-05	-5.8567513	-0.05375513
260.48	7.5914241e-05	-5.8567887	-0.05377849
261.12	7.5534172e-05	-5.8567549	-0.053831211
261.76	7.5659211e-05	-5.856732	-0.053842566
262.4	7.4513179e-05	-5.8567785	-0.053752944
263.04	7.4023376e-05	-5.8567889	-0.053710635
263.68	7.5257806e-05	-5.8567961	-0.053761298
264.32	7.3577939e-05	-5.8566882	-0.053839092
264.96	7.3615274e-05	-5.8567532	-0.05366979
265.6	7.4122688e-05	-5.8567479	-0.053628498
266.24	7.4860272e-05	-5.8567237	-0.053728782
266.88	7.6013184e-05	-5.8567188	-0.053692477
267.52	7.5455979e-05	-5.8567455	-0.053707851
268.16	7.4746465e-05	-5.8567638	-0.053915811
268.8	7.4896068e-05	-5.8567559	-0.053991576
269.44	7.421999e-05	-5.8566683	-0.053866484
270.08	7.4793418e-05	-5.8566703	-0.053845642
270.72	7.3932675e-05	-5.8566979	-0.053759087
271.36	7.3344141e-05	-5.8567109	-0.053786635
272	7.2956962e-05	-5.8567047	-0.05390324
272.64	7.5588114e-05	-5.8567568	-0.053941768
273.28	7.593624e-05	-5.8567047	-0.053650035
273.92	7.5839931e-05	-5.8566994	-0.053747109
274.56	7.6028236e-05	-5.8566674	-0.053790512
275.2	7.6191479e-05	-5.8566735	-0.053695839
275.84	7.4833717e-05	-5.8567668	-0.053813315
276.48	7.3810372e-05	-5.8567439	-0.053887435
277.12	7.465268e-05	-5.8567033	-0.053731737
277.76	7.4516199e-05	-5.8567305	-0.053849315
278.4	7.3742907e-05	-5.8567239	-0.053825756
279.04	7.5594491e-05	-5.8567381	-0.053698411
279.68	7.6130679e-05	-5.8568117	-0.053694436
280.32	7.5833333e-05	-5.856718	-0.053736614
280.96	7.588667e-05	-5.8566814	-0.053785537
281.6	7.5586327e-05	-5.8567197	-0.053737285
282.24	7.3621525e-05	-5.8567472	-0.053694396
282.88	7.3463063e-05	-5.8566598	-0.053933971
283.52	7.3493398e-05	-5.8567625	-0.05370188
284.16	7.3516498e-05	-5.8567155	-0.053850087
284.8	7.3297594e-05	-5.8568116	-0.053893185
285.44	7.5666441e-05	-5.856738	-0.053943878
286.08	7.5331427e-05	-5.8568156	-0.053880994
286.72	7.6779314e-05	-5.8567608	-0.05350325
287.36	7.5071243e-05	-5.8567459	-0.053675156
288	7.5480889e-05	-5.8567663	-0.05377375
288.64	7.4720032e-05	-5.8566787	-0.053803778
289.28	7.3902057e-05	-5.8567301	-0.053633439
289.92	7.3095409e-05	-5.8567527	-0.053951123
290.56	7.3947715e-05	-5.8567436	-0.053693887
291.2	7.5858403e-05	-5.8567534	-0.05394141
291.84	7.4526078e-05	-5.85676	-0.053905664
292.48	7.6417888e-05	-5.8567283	-0.05390679
293.12	7.5188296e-05	-5.856685	-0.053580472
293.76	7.5877638e-05	-5.8566306	-0.053833494
294.4	7.5107535e-05	-5.8567521	-0.053724216
295.04	7.4139139e-05	-5.8567061	-0.053619289
295.68	7.3569034e-05	-5.8567204	-0.053707208
296.32	7.3878844e-05	-5.8567673	-0.053901942
296.96	7.4130708e-05	-5.8567296	-0.053911102
297.6	7.5153356e-05	-5.8567525	-0.053762043
298.24	7.5564612e-05	-5.8567377	-0.053692398
298.88	7.6234317e-05	-5.8566629	-0.053662256
299.52	7.6796048e-05	-5.8567146	-0.053621313
300.16	7.659427e-05	-5.8567804	-0.053651789
300.8	7.5758384e-05	-5.8567159	-0.053991278
301.44	7.3226622e-05	-5.8567379	-0.053802618
302.08	7.3968011e-05	-5.8567998	-0.053787807
302.72	7.5088284e-05	-5.8567545	-0.053524694
303.36	7.4000916e-05	-5.8567758	-0.053871064
304	7.4179853e-05	-5.8567467	-0.053834603
304.64	7.6619478e-05	-5.8567198	-0.053799223
305.28	7.6253968e-05	-5.8567142	-0.053695156
305.92	7.662213e-05	-5.8567147	-0.053841368
306.56	7.6320312e-05	-5.8566735	-0.053891832
307.2	7.3265232e-05	-5.8567555	-0.053941199
307.84	7.441282e-05	-5.8567997	-0.053691389
308.48	7.3992817e-05	-5.8567255	-0.05371265
309.12	7.4293723e-05	-5.8567488	-0.053763054
309.76	7.337545e-05	-5.8566678	-0.053990171
310.4	7.5045296e-05	-5.8566914	-0.05376797
311.04	7.5172207e-05	-5.8568532	-0.053778733
311.68	7.6996922e-05	-5.8567242	-0.053710803
312.32	7.5263753e-05	-5.8566623	-0.053631854
312.96	7.5180297e-05	-5.856668	-0.053654511
313.6	7.5065946e-05	-5.856753	-0.053694557
314.24	7.3902142e-05	-5.8567575	-0.053609582
314.88	7.4499162e-05	-5.8567632	-0.053976096
315.52	7.3796007e-05	-5.8567388	-0.053955085
316.16	7.5508154e-05	-5.8567999	-0.053755523
316.8	7.7152706e-05	-5.856777	-0.053690137
317.44	7.5473158e-05	-5.8567324	-0.053883144
318.08	7.4608992e-05	-5.8567451	-0.05369461
318.72	7.6088665e-05	-5.8567099	-0.053505511
319.36	7.578855e-05	-5.8566595	-0.05383436
320	7.4405205e-05	-5.8567386	-0.053893296
320.64	7.4624628e-05	-5.8567444	-0.05371357
321.28	7.3475529e-05	-5.8567296	-0.053929069
321.92	7.4085801e-05	-5.856711	-0.053906229
322.56	7.4498906e-05	-5.8567475	-0.05383521
323.2	7.3615836e-05	-5.8566662	-0.053521762
323.84	7.4665516e-05	-5.8566709	-0.053718233
324.48	7.7347356e-05	-5.8566921	-0.053622549
325.12	7.559205e-05	-5.8567189	-0.053753775
325.76	7.4519735e-05	-5.8567285	-0.053875059
326.4	7.5397698e-05	-5.8567585	-0.053679668
327.04	7.4440644e-05	-5.8567071	-0.053608537
327.68	7.337211e-05	-5.8567666	-0.053791202
328.32	7.4279158e-05	-5.8567435	-0.053796613
328.96	7.5585959e-05	-5.8567483	-0.053831267
329.6	7.4271668e-05	-5.8566759	-0.053867254
330.24	7.601666e-05	-5.8567652	-0.053695169
330.88	7.6109737e-05	-5.8567467	-0.053789916
331.52	7.4479635e-05	-5.856732	-0.053919066
332.16	7.4206343e-05	-5.8567005	-0.053782525
332.8	7.3763577e-05	-5.856692	-0.053849529
333.44	7.4587024e-05	-5.8567773	-0.053905982
334.08	7.327063e-05	-5.8567479	-0.053796037
334.72	7.4060743e-05	-5.8567291	-0.053816604
335.36	7.5691545e-05	-5.8567061	-0.053700494
336	7.6010974e-05	-5.8567285	-0.05364312
336.64	7.6381632e-05	-5.8567422	-0.053835511
337.28	7.5670377e-05	-5.8568115	-0.05378634
337.92	7.4410359e-05	-5.8567368	-0.053852407
338.56	7.4460088e-05	-5.8567243	-0.053727174
339.2	7.5582261e-05	-5.856694	-0.053784033
339.84	7.4014164e-05	-5.8566884	-0.053790824
340.48	7.4738656e-05	-5.8566516	-0.053754272
341.12	7.4266426e-05	-5.8567338	-0.05374611
341.76	7.5513099e-05	-5.8567383	-0.053742793
342.4	7.4352387e-05	-5.8567126	-0.053810165
343.04	7.6155338e-05	-5.8567557	-0.053785762
343.68	7.6222343e-05	-5.8567238	-0.053634865
344.32	7.6005282e-05	-5.8567433	-0.053944196
344.96	7.3536481e-05	-5.8567004	-0.053796481
345.6	7.4300975e-05	-5.8567115	-0.053866551
346.24	7.430157e-05	-5.8566747	-0.053686346
346.88	7.3827237e-05	-5.8567483	-0.053868136
347.52	7.403518e-05	-5.8567705	-0.053813017
348.16	7.6423056e-05	-5.8567807	-0.053787553
348.8	7.6176901e-05	-5.8567096	-0.053868442
349.44	7.6298168e-05	-5.8567885	-0.053734706
350.08	7.6239441e-05	-5.8567239	-0.053994544
350.72	7.5907987e-05	-5.8567527	-0.053944242
351.36	7.3315467e-05	-5.8567469	-0.053787337
352	7.4619105e-05	-5.8567631	-0.053704114
352.64	7.3629644e-05	-5.8567484	-0.053765665
353.28	7.3088401e-05	-5.8567473	-0.05393898
353.92	7.3767985e-05	-5.8567422	-0.053678743
354.56	7.5147684e-05	-5.8567003	-0.053793452
355.2	7.6922291e-05	-5.856701	-0.053778727
355.84	7.5387583e-05	-5.8567132	-0.053803657
356.48	7.5162671e-05	-5.8567322	-0.053634256
357.12	7.5795242e-05	-5.8568038	-0.053760697
357.76	7.5923089e-05	-5.856703	-0.053773187
358.4	7.3320149e-05	-5.856655	-0.05398984
359.04	7.317363e-05	-5.8568039	-0.05372708
359.68	7.5071994e-05	-5.8567307	-0.053791218
360.32	7.5356877e-05	-5.8567296	-0.053699954
360.96	7.6191921e-05	-5.8568035	-0.05380931
361.6	7.6486468e-05	-5.8568168	-0.053700437
362.24	7.6359947e-05	-5.8567421	-0.053833047
362.88	7.7066237e-05	-5.856697	-0.053662232
363.52	7.6054803e-05	-5.8567391	-0.053756705
364.16	7.475375e-05	-5.8566833	-0.053611149
364.8	7.3945082e-05	-5.8567253	-0.053706875
365.44	7.4171513e-05	-5.8566885	-0.053645176
366.08	7.479641e-05	-5.8567722	-0.053858631
366.72	7.4996352e-05	-5.8567246	-0.05388922
367.36	7.4738949e-05	-5.8566579	-0.053898345
368	7.636061e-05	-5.8567097	-0.053817375
368.64	7.52093e-05	-5.8567411	-0.053824281
369.28	7.5350424e-05	-5.8567187	-0.053705238
369.92	7.5557378e-05	-5.8566922	-0.053590007
370.56	7.4994713e-05	-5.8568093	-0.053629317
371.2	7.3817208e-05	-5.8567717	-0.053821932
371.84	7.4491107e-05	-5.8567072	-0.053892644
372.48	7.41064e-05	-5.8567107	-0.053671603
373.12	7.4986896e-05	-5.8567895	-0.053731092
373.76	7.6177869e-05	-5.8567244	-0.053976905
374.4	7.5948707e-05	-5.8567281	-0.054051061
375.04	7.5049362e-05	-5.856676	-0.05375123
375.68	7.5352622e-05	-5.8567002	-0.053831016
376.32	7.4334258e-05	-5.8567284	-0.053738681
376.96	7.4131216e-05	-5.8567293	-0.053703494
377.6	7.4372203e-05	-5.8567582	-0.053693856
378.24	7.3986081e-05	-5.8566834	-0.05369296
378.88	7.5384158e-05	-5.8568189	-0.053699699
379.52	7.4338243e-05	-5.8567422	-0.05357431
380.16	7.6138086e-05	-5.8567381	-0.05387962
380.8	7.5972832e-05	-5.8567512	-0.053854704
381.44	7.6781368e-05	-5.8567475	-0.053758059
382.08	7.5213127e-05	-5.8567888	-0.053815765
382.72	7.4072698e-05	-5.8567377	-0.053760234
383.36	7.3598949e-05	-5.8567383	-0.053692096
384	7.3336478e-05	-5.8566967	-0.053701327
384.64	7.4356385e-05	-5.8567487	-0.053735934
385.28	7.4898106e-05	-5.8567484	-0.053610693
385.92	7.5768318e-05	-5.8567852	-0.053897819
386.56	7.6196606e-05	-5.8567287	-0.053914942
387.2	7.7400633e-05	-5.8567619	-0.053909437
387.84	7.6455907e-05	-5.8567427	-0.053824891
388.48	7.500304e-05	-5.8566818	-0.053730855
389.12	7.3795042e-05	-5.8567749	-0.053719981
389.76	7.4172214e-05	-5.8566973	-0.053838552
390.4	7.289901e-05	-5.8566964	-0.053856272
391.04	7.4164901e-05	-5.8567531	-0.053575788
391.68	7.399039e-05	-5.8567797	-0.053909287
392.32	7.5621116e-05	-5.8567335	-0.053832327
392.96	7.6334869e-05	-5.8567472	-0.053743872
393.6	7.5363045e-05	-5.8566622	-0.05371615
394.24	7.7066143e-05	-5.8568365	-0.053822285
394.88	7.5871361e-05	-5.8567574	-0.053674236
395.52	7.4383419e-05	-5.8567061	-0.053708009
396.16	7.3556897e-05	-5.8567807	-0.053705964
396.8	7.4323869e-05	-5.8567815	-0.05387516
397.44	7.4000515e-05	-5.8567108	-0.053939873
398.08	7.4158242e-05	-5.8567656	-0.053910792
398.72	7.5118295e-05	-5.8567513	-0.05375297
399.36	7.562782e-05	-5.8567789	-0.053638484
400	7.6519042e-05	-5.8567331	-0.053777155
400.64	7.5516327e-05	-5.8567281	-0.053712438
401.28	7.5210149e-05	-5.8567477	-0.053723094
401.92	7.4144985e-05	-5.8567573	-0.053738983
402.56	7.2497529e-05	-5.8567937	-0.05374358
403.2	7.3411272e-05	-5.8567342	-0.053872834
403.84	7.3549603e-05	-5.8567428	-0.053843324
404.48	7.42937e-05	-5.8567516	-0.053874646
405.12	7.5926569e-05	-5.8566495	-0.053680705
405.76	7.5348581e-05	-5.8566994	-0.05366361
406.4	7.6842282e-05	-5.8566869	-0.053958088
407.04	7.6722766e-05	-5.8567901	-0.053880321
407.68	7.4987702e-05	-5.8567711	-0.053736574
408.32	7.4772762e-05	-5.8566744	-0.053782541
408.96	7.3558113e-05	-5.8567576	-0.053913939
409.6	7.4094854e-05	-5.8567162	-0.053778067
410.24	7.412935e-05	-5.8567757	-0.053658789
410.88	7.5412801e-05	-5.8566687	-0.053791558
411.52	7.6634233e-05	-5.8566965	-0.053799863
412.16	7.6280474e-05	-5.8567373	-0.053851204
412.8	7.6482843e-05	-5.8567052	-0.053791096
413.44	7.5466831e-05	-5.8567564	-0.053887573
414.08	7.4484193e-05	-5.8567103	-0.053626359
414.72	7.3433616e-05	-5.8566919	-0.053720865
415.36	7.3235027e-05	-5.8567574	-0.053665349
416	7.4008053e-05	-5.8568184	-0.053888916
416.64	7.3881155e-05	-5.8567754	-0.05389949
417.28	7.470425e-05	-5.8567375	-0.053886097
417.92	7.5302023e-05	-5.8567135	-0.053709706
418.56	7.6248122e-05	-5.8567651	-0.053725039
419.2	7.4993582e-05	-5.8567503	-0.053822177
419.84	7.5584363e-05	-5.8567242	-0.053769187
420.48	7.4731315e-05	-5.8567527	-0.053680072
421.12	7.4485156e-05	-5.8568002	-0.053894047
421.76	7.3990817e-05	-5.8567769	-0.053797074
422.4	7.4136946e-05	-5.8567487	-0.05377954
423.04	7.3837253e-05	-5.8567285	-0.053790442
423.68	7.6301289e-05	-5.8567295	-0.053737389
424.32	7.625253e-05	-5.8566958	-0.053655778
424.96	7.541671e-05	-5.8567131	-0.053767567
425.6	7.672984e-05	-5.8567056	-0.053962949
426.24	7.4636413e-05	-5.8567559	-0.053760419
426.88	7.4473348e-05	-5.8567339	-0.053872506
427.52	7.4354212e-05	-5.8567304	-0.053718369
428.16	7.2267384e-05	-5.8567147	-0.053748558
428.8	7.4765183e-05	-5.8566888	-0.053729118
429.44	7.4464505e-05	-5.8566779	-0.053803829
430.08	7.5016892e-05	-5.8567141	-0.053789771
430.72	7.6123989e-05	-5.8567281	-0.053728189
431.36	7.5777014e-05	-5.85676	-0.053837782
432	7.4985609e-05	-5.8567319	-0.053733163
432.64	7.4877037e-05	-5.8567098	-0.05389764
433.28	7.3579017e-05	-5.8566914	-0.053780654
433.92	7.2827481e-05	-5.8567336	-0.053870837
434.56	7.3571875e-05	-5.8566648	-0.05365742
435.2	7.3655622e-05	-5.8566829	-0.053771681
435.84	7.4896635e-05	-5.8567805	-0.053736753
436.48	7.484821e-05	-5.8567185	-0.053843582
437.12	7.5571725e-05	-5.856681	-0.053709971
437.76	7.5761641e-05	-5.8567507	-0.053664449
438.4	7.5978115e-05	-5.8566772	-0.053773501
439.04	7.5418812e-05	-5.8567105	-0.053890789
439.68	7.4035908e-05	-5.8567896	-0.053642016
440.32	7.3940176e-05	-5.8567905	-0.053896792
440.96	7.3315604e-05	-5.856725	-0.053871703
441.6	7.5297019e-05	-5.856782	-0.053789579
442.24	7.4274597e-05	-5.8567518	-0.05366362
442.88	7.5300011e-05	-5.8567095	-0.05380169
443.52	7.5770248e-05	-5.8566904	-0.053737997
444.16	7.5492832e-05	-5.8567691	-0.053752939
444.8	7.5879352e-05	-5.8567237	-0.053826755
445.44	7.4889528e-05	-5.8566822	-0.053682733
446.08	7.4750199e-05	-5.8567254	-0.053701299
446.72	7.4268441e-05	-5.8567351	-0.05389276
447.36	7.3897356e-05	-5.8566139	-0.053897535
448	7.3595894e-05	-5.8567105	-0.053923288
448.64	7.5096727e-05	-5.8567105	-0.053971882
449.28	7.4975486e-05	-5.8568067	-0.053761479
449.92	7.6389474e-05	-5.8567002	-0.053779409
450.56	7.5969362e-05	-5.8567277	-0.053947078
451.2	7.6375606e-05	-5.8567151	-0.053768021
451.84	7.6513017e-05	-5.8568003	-0.053679682
452.48	7.3759166e-05	-5.8567246	-0.053920561
453.12	7.3897475e-05	-5.8567209	-0.053502286
453.76	7.4952078e-05	-5.8567637	-0.053751063
454.4	7.3440467e-05	-5.8567287	-0.053634304
455.04	7.405814e-05	-5.8567232	-0.054046726
455.68	7.644995e-05	-5.856687	-0.053700654
456.32	7.713176e-05	-5.8567521	-0.053780441
456.96	7.5822068e-05	-5.8567417	-0.053849779
457.6	7.5447348e-05	-5.8567237	-0.05394919
458.24	7.4097185e-05	-5.8567332	-0.053912773
458.88	7.4832002e-05	-5.8567538	-0.053907637
459.52	7.5562139e-05	-5.8567225	-0.053682907
460.16	7.4487236e-05	-5.8567026	-0.053686657
460.8	7.4494215e-05	-5.8567062	-0.053598662
461.44	7.4526185e-05	-5.8566583	-0.053807673
462.08	7.6101949e-05	-5.8567656	-0.053849264
462.72	7.7507843e-05	-5.8567943	-0.053828956
463.36	7.4400673e-05	-5.8567916	-0.053857285
464	7.5266051e-05	-5.8567144	-0.053684344
464.64	7.4391635e-05	-5.8567337	-0.053904367
465.28	7.3767174e-05	-5.8566784	-0.053919051
465.92	7.3775169e-05	-5.8567487	-0.053815203
466.56	7.4398772e-05	-5.8567349	-0.053634565
467.2	7.4878863e-05	-5.8567203	-0.053679165
467.84	7.4466376e-05	-5.856765	-0.05367361
468.48	7.5947703e-05	-5.8567188	-0.053723859
469.12	7.7272858e-05	-5.8567708	-0.053777408
469.76	7.5620562e-05	-5.856686	-0.053600813
470.4	7.4938682e-05	-5.8566585	-0.054038433
471.04	7.2883879e-05	-5.8567416	-0.053572994
471.68	7.3335412e-05	-5.8567664	-0.053901406
472.32	7.4475363e-05	-5.8566564	-0.053876257
472.96	7.403498e-05	-5.8567392	-0.053754813
473.6	7.4147127e-05	-5.8567845	-0.053894463
474.24	7.5484185e-05	-5.85671	-0.053802868
474.88	7.5551399e-05	-5.856709	-0.053724666
475.52	7.7252464e-05	-5.8566592	-0.05370959
476.16	7.4881921e-05	-5.8567272	-0.053642833
476.8	7.4403951e-05	-5.8567187	-0.053769659
477.44	7.5778481e-05	-5.8567122	-0.05382835
478.08	7.3480575e-05	-5.8567481	-0.053883362
478.72	7.415817e-05	-5.856749	-0.053789042
479.36	7.5805131e-05	-5.8567081	-0.053777022
480	7.4412344e-05	-5.8567473	-0.053705826
480.64	7.5400818e-05	-5.8567423	-0.053638226
481.28	7.5241045e-05	-5.8567505	-0.053860272
481.92	7.5764846e-05	-5.856774	-0.053735165
482.56	7.5311251e-05	-5.8567464	-0.053897296
483.2	7.5079609e-05	-5.856715	-0.053954702
483.84	7.288018e-05	-5.8567374	-0.053624192
484.48	7.3699674e-05	-5.8567764	-0.053836836
485.12	7.3178287e-05	-5.8566642	-0.053756194
485.76	7.3634829e-05	-5.8566872	-0.053746992
486.4	7.4873973e-05	-5.8567475	-0.053741722
487.04	7.4474568e-05	-5.8567365	-0.053848511
487.68	7.6363642e-05	-5.856705	-0.053615105
488.32	7.5646562e-05	-5.8567228	-0.053684536
488.96	7.6076189e-05	-5.8567427	-0.053769602
489.6	7.601006e-05	-5.8567533	-0.053896804
490.24	7.4488536e-05	-5.8567579	-0.053783988
490.88	7.3156723e-05	-5.8567108	-0.054025423
491.52	7.3763603e-05	-5.8568043	-0.053490378
492.16	7.5021694e-05	-5.8567953	-0.053799506
492.8	7.6385782e-05	-5.8567116	-0.053617528
493.44	7.4645444e-05	-5.8567411	-0.053742566
494.08	7.5501537e-05	-5.8565924	-0.053740298
494.72	7.5960788e-05	-5.8567232	-0.053713269
495.36	7.5285668e-05	-5.8567329	-0.053908739
496	7.4075937e-05	-5.8567098	-0.053838732
496.64	7.3719087e-05	-5.85672	-0.053773468
497.28	7.345081e-05	-5.8566646	-0.053782268
497.92	7.2915574e-05	-5.856715	-0.053727291
498.56	7.3775734e-05	-5.8566963	-0.053791278
499.2	7.6420705e-05	-5.8567998	-0.053885643
499.84	7.4560148e-05	-5.8567362	-0.053821155
