0	5.8852053e-05	-5.843815	0.0044307307
0.64	5.795579e-05	-5.843865	0.004493412
1.28	5.9509614e-05	-5.8439447	0.0042658961
1.92	6.0561481e-05	-5.8438422	0.0044780004
2.56	6.1054733e-05	-5.8438974	0.0043965574
3.2	6.0622313e-05	-5.8438687	0.0043698206
3.84	6.1480779e-05	-5.8438559	0.0044302416
4.48	5.991327e-05	-5.8438646	0.004399665
5.12	5.9851427e-05	-5.8438611	0.0043851495
5.76	5.9386837e-05	-5.8438059	0.0045020731
6.4	5.8092769e-05	-5.8438235	0.0044658646
7.04	5.9568417e-05	-5.8439223	0.0043917383
7.68	5.8935075e-05	-5.8438184	0.0046256813
8.32	5.9489115e-05	-5.843934	0.0043973591
8.96	6.0912768e-05	-5.8438368	0.0044144552
9.6	6.1053431e-05	-5.8438087	0.0045036404
10.24	6.0673299e-05	-5.8438506	0.0043199885
10.88	6.0950216e-05	-5.8439263	0.0044174034
11.52	5.9714583e-05	-5.8438751	0.0044371543
12.16	5.8683538e-05	-5.8438331	0.0045795651
12.8	5.8735834e-05	-5.8439032	0.0044110261
13.44	5.9395931e-05	-5.8438847	0.0043773425
14.08	5.8928056e-05	-5.8437996	0.0045603419
14.72	6.106556e-05	-5.8438471	0.0045943232
15.36	6.0452848e-05	-5.8438968	0.0044262171
16	6.0888363e-05	-5.8438691	0.0043878762
16.64	6.0463454e-05	-5.8438831	0.0044606785
17.28	6.1283016e-05	-5.8438384	0.0045009113
17.92	5.9502239e-05	-5.8438795	0.0044004521
18.56	5.9199406e-05	-5.8438149	0.0044398259
19.2	5.9067695e-05	-5.8439034	0.0043177701
19.84	5.9179551e-05	-5.8439263	0.0044569356
20.48	5.9632184e-05	-5.8439909	0.0046042519
21.12	6.0058665e-05	-5.8438926	0.0043561509
21.76	6.1135435e-05	-5.8438881	0.0043669848
22.4	6.1598666e-05	-5.8438466	0.0043748787
23.04	6.0685251e-05	-5.8438322	0.004595506
23.68	6.1355163e-05	-5.8438572	0.004214314
24.32	5.992323e-05	-5.8438754	0.0044380041
24.96	5.9725248e-05	-5.8439132	0.0043593127
25.6	5.8497636e-05	-5.8439447	0.0043366341
26.24	5.8742092e-05	-5.8438653	0.004339883
26.88	6.0289878e-05	-5.8438798	0.0044730161
27.52	6.0365217e-05	-5.8438369	0.0043371288
28.16	6.0477114e-05	-5.8438688	0.0045604023
28.8	6.0293764e-05	-5.8438546	0.0044611918
29.44	6.0920535e-05	-5.8438279	0.0045340653
30.08	5.9532077e-05	-5.8438927	0.0043732277
30.72	5.9703938e-05	-5.8439637	0.0045965432
31.36	5.9103805e-05	-5.8439405	0.0043351809
32	5.7950358e-05	-5.8438883	0.0046050492
32.64	5.9543099e-05	-5.8438148	0.0044441192
33.28	6.08002e-05	-5.843908	0.0043635072
33.92	6.0596531e-05	-5.8438649	0.0042437415
34.56	5.9913788e-05	-5.8438264	0.0043213436
35.2	6.1153348e-05	-5.8438741	0.0043956581
35.84	5.9825484e-05	-5.8439061	0.0043265151
36.48	6.016526e-05	-5.8438842	0.0043377939
37.12	5.8602509e-05	-5.8439209	0.0044527687
37.76	5.9062116e-05	-5.8439358	0.0042587127
38.4	6.0124022e-05	-5.8438484	0.0044075706
39.04	5.8647147e-05	-5.8437951	0.0044627441
39.68	6.0294312e-05	-5.8439073	0.0044501649
40.32	6.0691713e-05	-5.8438556	0.0043471615
40.96	6.0890769e-05	-5.8438693	0.0044833357
41.6	6.0992542e-05	-5.8439439	0.0043767039
42.24	5.988061e-05	-5.8438738	0.0043976251
42.88	5.9773192e-05	-5.8439398	0.0044424306
43.52	5.8873939e-05	-5.8438747	0.0045369501
44.16	5.9489653e-05	-5.8439129	0.0043433379
44.8	5.9743779e-05	-5.8438758	0.0044075443
45.44	5.9824138e-05	-5.8439078	0.0044089722
46.08	5.948483e-05	-5.8439158	0.0044790139
46.72	6.0489448e-05	-5.8438042	0.0046914522
47.36	6.046581e-05	-5.8438642	0.0043784433
48	6.0294644e-05	-5.8438224	0.0045065819
48.64	5.9849834e-05	-5.8438553	0.0042556114
49.28	5.9435186e-05	-5.8438466	0.0045635984
49.92	5.9013442e-05	-5.8437865	0.0043599354
50.56	5.927894e-05	-5.8438988	0.0044297411
51.2	5.9564731e-05	-5.8438011	0.0042697824
51.84	5.9144824e-05	-5.8438278	0.0044118463
52.48	5.9960546e-05	-5.8438416	0.004499814
53.12	6.1703214e-05	-5.8439308	0.004312381
53.76	6.0683762e-05	-5.8438552	0.0043667177
54.4	6.0108169e-05	-5.8438643	0.0045333033
55.04	6.0711482e-05	-5.8438936	0.0045255983
55.68	5.9429044e-05	-5.8439398	0.0045747233
56.32	5.9060501e-05	-5.843796	0.0045093256
56.96	5.892707e-05	-5.843917	0.0043215639
57.6	5.8927071e-05	-5.8438328	0.0044496372
58.24	5.9617396e-05	-5.8438559	0.0045034236
58.88	6.0224858e-05	-5.8437951	0.0044561191
59.52	6.0651693e-05	-5.8439531	0.0042887035
60.16	6.1550979e-05	-5.8439399	0.0045352062
60.8	6.0450743e-05	-5.8439252	0.004313922
61.44	6.0666339e-05	-5.8438286	0.0042990175
62.08	5.9094583e-05	-5.8438977	0.0044765852
62.72	5.9720661e-05	-5.8438199	0.0043279693
63.36	5.9018785e-05	-5.8438984	0.0042572513
64	5.9381003e-05	-5.8438239	0.004411661
64.64	6.0384784e-05	-5.8438659	0.0043892845
65.28	6.1332413e-05	-5.8438891	0.004192551
65.92	6.0893484e-05	-5.8439672	0.0043696282
66.56	6.0013938e-05	-5.8438406	0.0043820276
67.2	5.9640187e-05	-5.8439245	0.0045714175
67.84	6.0808435e-05	-5.8438103	0.0043867885
68.48	6.001821e-05	-5.8438802	0.0044809691
69.12	6.0092916e-05	-5.8438343	0.0044705727
69.76	5.8728591e-05	-5.8438609	0.0044267508
70.4	5.8216637e-05	-5.8438831	0.0043611252
71.04	6.0250125e-05	-5.8439818	0.0043417617
71.68	6.0034308e-05	-5.843962	0.0044255541
72.32	6.0770624e-05	-5.8438832	0.0042665132
72.96	6.0992932e-05	-5.8438835	0.0044294717
73.6	5.9793664e-05	-5.843869	0.0043794538
74.24	6.0217767e-05	-5.8438286	0.0043570257
74.88	5.9750815e-05	-5.8439128	0.0043324177
75.52	5.8399421e-05	-5.8438514	0.0044475341
76.16	5.9537948e-05	-5.8439221	0.0044013893
76.8	6.0217898e-05	-5.8438895	0.0045292939
77.44	5.9926297e-05	-5.84393	0.0043655782
78.08	6.0118752e-05	-5.8439201	0.0041079121
78.72	6.0494405e-05	-5.8439526	0.0043240489
79.36	6.0901067e-05	-5.8438882	0.0044074249
80	6.0246941e-05	-5.8438976	0.0045401717
80.64	5.9613834e-05	-5.8439399	0.0044275496
81.28	5.9253241e-05	-5.843838	0.0045170642
81.92	5.9043642e-05	-5.843866	0.004357017
82.56	5.8523147e-05	-5.8439257	0.0043783109
83.2	5.8444709e-05	-5.8439201	0.0045442331
83.84	6.1284181e-05	-5.8439452	0.0043546884
84.48	6.0751355e-05	-5.8438368	0.0046341435
85.12	6.1403278e-05	-5.843865	0.0044156369
85.76	6.1354482e-05	-5.8438514	0.0045550707
86.4	6.0548203e-05	-5.843926	0.0042653915
87.04	5.9842234e-05	-5.8438845	0.0043562075
87.68	5.9784583e-05	-5.8438527	0.0044692212
88.32	5.8890386e-05	-5.8438706	0.0043994079
88.96	5.9054303e-05	-5.8438982	0.0043305986
89.6	5.9983977e-05	-5.8438563	0.0042738693
90.24	6.0714069e-05	-5.8438466	0.0044332003
90.88	6.2330646e-05	-5.8438801	0.0045733219
91.52	6.0203596e-05	-5.8438452	0.0044903364
92.16	6.0736919e-05	-5.843809	0.0045103497
92.8	6.0431887e-05	-5.8439168	0.0043168721
93.44	5.9116677e-05	-5.8438701	0.0044394564
94.08	5.9626587e-05	-5.8438341	0.0044211964
94.72	5.891953e-05	-5.8438707	0.0045561744
95.36	5.9781753e-05	-5.8439361	0.00439337
96	5.9765083e-05	-5.843921	0.0044400336
96.64	6.0062766e-05	-5.8438319	0.00454256
97.28	6.1032096e-05	-5.8438274	0.0043698649
97.92	6.1491997e-05	-5.8439069	0.0043485091
98.56	6.1224064e-05	-5.8438282	0.0043550662
99.2	5.9950976e-05	-5.8438978	0.0044243923
99.84	5.9731585e-05	-5.8438244	0.004280321
100.48	5.8508271e-05	-5.843889	0.0045148815
101.12	5.8784266e-05	-5.8439357	0.0043114744
101.76	5.9540774e-05	-5.8438242	0.0043982208
102.4	6.0912592e-05	-5.8439034	0.0044631368
103.04	6.0198901e-05	-5.8438039	0.0044318761
103.68	6.1635102e-05	-5.8438371	0.0043311092
104.32	6.1151416e-05	-5.8438785	0.0043686581
104.96	6.1091295e-05	-5.8438793	0.004325421
105.6	5.9363726e-05	-5.8439114	0.0045137739
106.24	5.957265e-05	-5.8438755	0.0041917688
106.88	5.9154783e-05	-5.8438944	0.004428274
107.52	6.0303473e-05	-5.8438582	0.0044329207
108.16	5.8531471e-05	-5.8438324	0.0046155771
108.8	6.0512676e-05	-5.8439029	0.0044468128
109.44	6.0294418e-05	-5.8438736	0.0042029302
110.08	6.1571487e-05	-5.8438788	0.0044328839
110.72	6.1625562e-05	-5.8439349	0.0044564112
111.36	5.9677475e-05	-5.8438407	0.0044963611
112	6.048411e-05	-5.8438614	0.0043768605
112.64	5.9208573e-05	-5.8439218	0.0044872529
113.28	5.8291439e-05	-5.8438378	0.004278304
113.92	5.8697759e-05	-5.8438706	0.0044602972
114.56	6.0144181e-05	-5.843927	0.0043576293
115.2	5.9817551e-05	-5.8438836	0.0043196674
115.84	5.9848418e-05	-5.8438777	0.0043652401
116.48	6.1667728e-05	-5.8438881	0.0044002723
117.12	6.1092089e-05	-5.843818	0.0043617451
117.76	6.1388629e-05	-5.8439263	0.0041787909
118.4	6.0150147e-05	-5.8439124	0.0042410627
119.04	6.017294e-05	-5.8437787	0.0043984001
119.68	5.8890506e-05	-5.8438617	0.0043999799
120.32	5.915556e-05	-5.8439454	0.004408507
120.96	5.9000655e-05	-5.8438513	0.0046400563
121.6	5.9733065e-05	-5.8439391	0.0044289975
122.24	6.1870836e-05	-5.843875	0.004521025
122.88	6.0173676e-05	-5.8438588	0.0041921246
123.52	6.0642141e-05	-5.8438456	0.0045940866
124.16	6.0146967e-05	-5.8439298	0.0044064915
124.8	6.0327727e-05	-5.843894	0.0045150345
125.44	5.9395272e-05	-5.8438197	0.0044792308
126.08	5.8887798e-05	-5.8439127	0.0044435433
126.72	5.9775857e-05	-5.8438854	0.004544813
127.36	5.8582698e-05	-5.8439019	0.0043662035
128	6.0282151e-05	-5.8438419	0.0044452448
128.64	6.0778474e-05	-5.8439065	0.0043730526
129.28	6.0643735e-05	-5.8439106	0.0043490011
129.92	6.0816203e-05	-5.843832	0.0042441576
130.56	6.061954e-05	-5.8439071	0.0042538334
131.2	6.1068254e-05	-5.8438343	0.0044468472
131.84	5.9479502e-05	-5.8438942	0.0041527168
132.48	5.9329442e-05	-5.8438666	0.0044709925
133.12	5.7729149e-05	-5.8439484	0.0044970293
133.76	6.0819845e-05	-5.8438296	0.0042633196
134.4	5.9965723e-05	-5.8439531	0.0044252527
135.04	6.0332134e-05	-5.8438641	0.0045555672
135.68	6.0500738e-05	-5.8438965	0.0044331824
136.32	6.0444909e-05	-5.843827	0.0044034092
136.96	6.126624e-05	-5.8438893	0.0043931032
137.6	5.9873601e-05	-5.843852	0.0045843061
138.24	5.8973553e-05	-5.8438939	0.0045176759
138.88	5.7645147e-05	-5.8438231	0.0044760083
139.52	5.9504904e-05	-5.8438942	0.0044290169
140.16	5.9799997e-05	-5.8438934	0.0044476307
140.8	6.1130872e-05	-5.8438378	0.0043144706
141.44	6.09197e-05	-5.8439577	0.0045081221
142.08	5.9395448e-05	-5.8438536	0.0044670109
142.72	5.9799619e-05	-5.843887	0.0043567363
143.36	5.9920249e-05	-5.8438975	0.0043989374
144	5.9631456e-05	-5.8438705	0.0044396355
144.64	5.9422349e-05	-5.8439221	0.0042765696
145.28	5.8883814e-05	-5.8438892	0.004351085
145.92	5.9063512e-05	-5.8439355	0.004473812
146.56	5.862461e-05	-5.8439619	0.0041711293
147.2	6.0551787e-05	-5.8438651	0.0044259355
147.84	5.8654129e-05	-5.8438439	0.0044291472
148.48	6.0531571e-05	-5.8438502	0.0045113771
149.12	5.9667822e-05	-5.8438917	0.0045346799
149.76	5.9983162e-05	-5.843828	0.0043795364
150.4	5.9822272e-05	-5.8439312	0.0043673081
151.04	5.9334138e-05	-5.8438663	0.0044494162
151.68	5.8966677e-05	-5.8439032	0.0043760616
152.32	5.9048944e-05	-5.8438189	0.0044331355
152.96	6.026501e-05	-5.8438517	0.0041379819
153.6	5.9765842e-05	-5.8438594	0.004521688
154.24	6.1837058e-05	-5.8439213	0.0043791725
154.88	6.0710265e-05	-5.8439295	0.004554629
155.52	6.0155953e-05	-5.8439065	0.0044496942
156.16	5.9417033e-05	-5.843944	0.0044690531
156.8	5.9563335e-05	-5.8438707	0.0042535213
157.44	5.8993613e-05	-5.8439218	0.0044052544
158.08	5.9714434e-05	-5.8438201	0.004436133
158.72	6.03086e-05	-5.8438804	0.0045162321
159.36	5.946397e-05	-5.8439158	0.0042466578
160	6.1487423e-05	-5.843954	0.004265155
160.64	6.1179415e-05	-5.8438416	0.0044500389
161.28	6.2000083e-05	-5.8439124	0.0043799556
161.92	6.0142421e-05	-5.8438974	0.004396518
162.56	5.9102463e-05	-5.8439066	0.0045201042
163.2	5.9234721e-05	-5.8439124	0.0046527636
163.84	5.9842548e-05	-5.8438715	0.0045238359
164.48	5.8658945e-05	-5.8439073	0.004412361
165.12	5.9447268e-05	-5.8438887	0.0044396897
165.76	5.9922269e-05	-5.8437579	0.0045939046
166.4	6.0370564e-05	-5.8438783	0.0043728991
167.04	5.9810207e-05	-5.8438542	0.0042559967
167.68	6.0757167e-05	-5.8439345	0.0044447337
168.32	5.9891198e-05	-5.8438368	0.0043073889
168.96	5.9605985e-05	-5.843912	0.0044768994
169.6	5.9598316e-05	-5.843871	0.0045071952
170.24	5.8823101e-05	-5.8438706	0.0043717069
170.88	5.9601673e-05	-5.8438709	0.0043087697
171.52	5.9063637e-05	-5.843809	0.0044639465
172.16	6.0869273e-05	-5.8438935	0.0043879764
172.8	5.9988167e-05	-5.8439197	0.0043115576
173.44	6.099238e-05	-5.8438693	0.0044652204
174.08	6.0622527e-05	-5.8439019	0.0043153181
174.72	6.0244281e-05	-5.843828	0.0043839836
175.36	5.9696078e-05	-5.8438797	0.0043364431
176	5.910852e-05	-5.8439358	0.0044862544
176.64	5.9770474e-05	-5.8440064	0.0042462301
177.28	5.9181978e-05	-5.8437448	0.0045245717
177.92	6.012785e-05	-5.8439262	0.0043388098
178.56	6.0113104e-05	-5.8438926	0.0043345557
179.2	6.147049e-05	-5.8438653	0.0045004616
179.84	6.1212383e-05	-5.8438881	0.0043956742
180.48	5.924485e-05	-5.8439193	0.0043914322
181.12	5.9508069e-05	-5.8439019	0.0044200421
181.76	5.9682315e-05	-5.8438287	0.0044612971
182.4	5.9207249e-05	-5.8439127	0.0042569932
183.04	5.8532497e-05	-5.8438424	0.0043586711
183.68	5.9090246e-05	-5.8438517	0.0044915685
184.32	5.8026887e-05	-5.8438821	0.0045075791
184.96	5.984919e-05	-5.8438735	0.0044718896
185.6	6.0692092e-05	-5.8438318	0.0043494132
186.24	6.0832616e-05	-5.8438366	0.0044120246
186.88	6.0222234e-05	-5.8439064	0.0041316457
187.52	5.9613258e-05	-5.8439208	0.0042040286
188.16	6.0037059e-05	-5.8438526	0.0043274035
188.8	5.8871526e-05	-5.8439404	0.0044616075
189.44	5.9627113e-05	-5.8438713	0.0045601971
190.08	6.0489154e-05	-5.8438621	0.0043725363
190.72	5.9618556e-05	-5.8439719	0.0044126167
191.36	6.1031627e-05	-5.843856	0.0043712218
192	6.088725e-05	-5.8438878	0.0043645232
192.64	6.1113184e-05	-5.8439253	0.0044913821
193.28	6.0665033e-05	-5.8438279	0.0043836885
193.92	6.0007913e-05	-5.8438935	0.00421859
194.56	5.936864e-05	-5.8439404	0.0044155292
195.2	6.0996198e-05	-5.8438402	0.0044339564
195.84	5.9601608e-05	-5.8439271	0.0043904169
196.48	5.9238751e-05	-5.8438701	0.0044237117
197.12	6.0464008e-05	-5.8438795	0.0042185492
197.76	6.0002007e-05	-5.8437942	0.0045190776
198.4	6.1372556e-05	-5.8439253	0.0043401298
199.04	6.0252723e-05	-5.8438779	0.0043136596
199.68	5.9751853e-05	-5.8438271	0.0045290729
200.32	6.0386692e-05	-5.8438848	0.0044266035
200.96	5.972606e-05	-5.8438246	0.0042886488
201.6	5.8655718e-05	-5.8438706	0.004542004
202.24	5.9722978e-05	-5.8438528	0.0044442879
202.88	5.9529865e-05	-5.8438284	0.0043655226
203.52	6.03706e-05	-5.8438652	0.0046740581
204.16	6.0852489e-05	-5.8438972	0.0042627258
204.8	6.0935262e-05	-5.8439388	0.004522215
205.44	6.0559759e-05	-5.8439109	0.004448914
206.08	5.9513286e-05	-5.8438504	0.004365062
206.72	5.8376613e-05	-5.8437853	0.0044818901
207.36	5.9568236e-05	-5.8438199	0.0043136941
208	5.9858652e-05	-5.8438206	0.0044585362
208.64	5.9033707e-05	-5.8438566	0.0045798524
209.28	5.9528836e-05	-5.8438887	0.004293218
209.92	6.0187235e-05	-5.8438974	0.0043484618
210.56	6.035495e-05	-5.843892	0.0045298603
211.2	6.0947647e-05	-5.8439714	0.0044801448
211.84	6.0424714e-05	-5.8438318	0.0044050342
212.48	5.976801e-05	-5.8439019	0.0044873006
213.12	6.0604913e-05	-5.8438434	0.0044245218
213.76	6.0046269e-05	-5.8439042	0.0043071047
214.4	5.9573895e-05	-5.8438947	0.0043285059
215.04	5.9328769e-05	-5.8438707	0.0045024907
215.68	5.9386037e-05	-5.8438791	0.004387336
216.32	6.0269774e-05	-5.8439207	0.0043403665
216.96	6.2069516e-05	-5.8439634	0.0043075095
217.6	6.0885105e-05	-5.8438829	0.004324916
218.24	6.0546217e-05	-5.8439018	0.0044244302
218.88	6.015497e-05	-5.8439257	0.0042697275
219.52	5.948726e-05	-5.8438704	0.004608183
220.16	5.9181434e-05	-5.8438802	0.0044308438
220.8	5.9253603e-05	-5.843927	0.0042449421
221.44	5.9469021e-05	-5.8438336	0.0043559655
222.08	5.989176e-05	-5.8438654	0.0044107116
222.72	6.0217154e-05	-5.8437855	0.0044837794
223.36	6.1260497e-05	-5.8438835	0.0043053124
224	6.1621776e-05	-5.8439024	0.0042899811
224.64	5.959165e-05	-5.8438219	0.0041871537
225.28	6.0324419e-05	-5.8438981	0.0042074798
225.92	5.9434325e-05	-5.8438984	0.0044918661
226.56	5.8232908e-05	-5.8439026	0.0044489251
227.2	5.8814676e-05	-5.8438288	0.0044698629
227.84	6.1069477e-05	-5.8439699	0.0043934946
228.48	5.952508e-05	-5.8439207	0.0042263788
229.12	6.02459e-05	-5.8438645	0.0044426238
229.76	6.0436175e-05	-5.8439012	0.0043911653
230.4	6.0895424e-05	-5.8438598	0.0042212778
231.04	5.9363975e-05	-5.8438636	0.0044634484
231.68	6.0447523e-05	-5.8438612	0.0045230912
232.32	5.9764171e-05	-5.8438756	0.0044560632
232.96	5.9461149e-05	-5.8438853	0.0043897683
233.6	5.8600043e-05	-5.8438797	0.0044145867
234.24	5.9476738e-05	-5.8438008	0.0044191908
234.88	5.9821012e-05	-5.8438325	0.00445859
235.52	6.092421e-05	-5.8438651	0.0042468897
236.16	6.0480909e-05	-5.8439105	0.0043645494
236.8	6.104882e-05	-5.8438599	0.0043573741
237.44	5.996092e-05	-5.8438969	0.004537163
238.08	5.9314235e-05	-5.8438556	0.004385836
238.72	5.9692511e-05	-5.8438803	0.0044746334
239.36	5.814567e-05	-5.8439538	0.0043692342
240	5.9859611e-05	-5.8439181	0.0042887636
240.64	5.8554593e-05	-5.8439067	0.0046468195
241.28	5.9116992e-05	-5.8438968	0.0043300583
241.92	5.9702529e-05	-5.8438777	0.004520181
242.56	6.1101056e-05	-5.8438878	0.0044822836
243.2	6.0619433e-05	-5.8438642	0.0043552246
243.84	6.1244642e-05	-5.8438657	0.0045352035
244.48	5.9401975e-05	-5.8439163	0.0042968892
245.12	5.9453307e-05	-5.8438802	0.004407506
245.76	5.921333e-05	-5.8438897	0.0043836421
246.4	5.9399815e-05	-5.8439036	0.0044625109
247.04	5.9659915e-05	-5.8438053	0.0043970133
247.68	5.9732597e-05	-5.8438136	0.0044557363
248.32	6.0950708e-05	-5.8438416	0.0044098874
248.96	6.153196e-05	-5.843837	0.0045361139
249.6	6.110458e-05	-5.843916	0.0044712359
250.24	5.9856594e-05	-5.8439296	0.0043665395
250.88	6.0544768e-05	-5.8439502	0.004342473
251.52	5.938611e-05	-5.8438383	0.0045143209
252.16	5.9308219e-05	-5.8438711	0.0044837467
252.8	5.9653079e-05	-5.8438293	0.0043327017
253.44	5.9463428e-05	-5.8438328	0.0043109143
254.08	6.0793473e-05	-5.843833	0.0043360802
254.72	6.0623084e-05	-5.8438598	0.0044442508
255.36	6.1486028e-05	-5.843893	0.0043960523
256	6.002202e-05	-5.843943	0.0043766354
256.64	6.0010216e-05	-5.8438695	0.0043403043
257.28	5.9325307e-05	-5.8439071	0.0045175584
257.92	5.7827817e-05	-5.8438972	0.0045457126
258.56	5.9571237e-05	-5.8439085	0.0043807221
259.2	6.0104747e-05	-5.8438389	0.0043796434
259.84	5.9685072e-05	-5.8438609	0.0044985582
260.48	6.0005609e-05	-5.8438926	0.0044329174
261.12	6.104987e-05	-5.8438416	0.0042689836
261.76	6.1077882e-05	-5.8438461	0.0043276107
262.4	5.9949645e-05	-5.8439105	0.0043591392
263.04	6.0593979e-05	-5.8439307	0.0046061609
263.68	5.8812774e-05	-5.8438695	0.0044151516
264.32	5.8981189e-05	-5.8439263	0.0043947068
264.96	5.8786771e-05	-5.843838	0.0043675471
265.6	5.9009166e-05	-5.8438936	0.0044322129
266.24	5.9580784e-05	-5.843907	0.0043516145
266.88	5.9866608e-05	-5.843869	0.0044884265
267.52	6.0725445e-05	-5.8439435	0.0045140746
268.16	6.0321383e-05	-5.8439105	0.0045066591
268.8	6.1023943e-05	-5.8438327	0.0044433387
269.44	5.9916244e-05	-5.8438977	0.0044442825
270.08	5.9016361e-05	-5.8439072	0.0044965393
270.72	5.9034017e-05	-5.84388	0.0045131859
271.36	5.8873864e-05	-5.8439263	0.0045497416
272	5.9184178e-05	-5.8438655	0.0044413384
272.64	5.9373386e-05	-5.8438833	0.0045777264
273.28	6.0875986e-05	-5.8439675	0.0045477756
273.92	6.0145562e-05	-5.8438593	0.0045511925
274.56	6.0590777e-05	-5.8439248	0.004007456
275.2	6.0283802e-05	-5.8439392	0.0043351304
275.84	5.9343463e-05	-5.843823	0.0043163405
276.48	5.942253e-05	-5.8439263	0.0043766579
277.12	5.9407502e-05	-5.8438943	0.0043943928
277.76	5.955894e-05	-5.8438013	0.0043429059
278.4	5.9492768e-05	-5.8438424	0.0043739477
279.04	6.0304802e-05	-5.8439166	0.0044278149
279.68	6.0386595e-05	-5.8438692	0.0043694644
280.32	6.0696821e-05	-5.8439481	0.0044121165
280.96	6.0355906e-05	-5.8438083	0.0044946588
281.6	5.9647949e-05	-5.8438874	0.0045167654
282.24	5.8667682e-05	-5.8438318	0.0044559532
282.88	5.8079942e-05	-5.8438508	0.0044742281
283.52	5.8164871e-05	-5.8438327	0.0044488092
284.16	5.8750634e-05	-5.8438796	0.0043449604
284.8	5.9768205e-05	-5.8438566	0.0044478566
285.44	5.9978932e-05	-5.8438556	0.0043645421
286.08	6.1467185e-05	-5.8439445	0.0043904314
286.72	6.0438683e-05	-5.8439197	0.0044147103
287.36	6.1173799e-05	-5.8438649	0.0044833148
288	5.9789015e-05	-5.8438645	0.0044714523
288.64	5.9370799e-05	-5.843842	0.0043550629
289.28	5.876362e-05	-5.8439075	0.0042587582
289.92	5.9049424e-05	-5.8439128	0.0043705176
290.56	5.798945e-05	-5.8439299	0.0043141751
291.2	5.9666868e-05	-5.8437819	0.0045489511
291.84	6.0502115e-05	-5.8439397	0.0043371698
292.48	5.9734546e-05	-5.8438822	0.0044279638
293.12	6.1515011e-05	-5.843893	0.0043882278
293.76	6.0559616e-05	-5.8438598	0.0045160109
294.4	5.9122046e-05	-5.8439245	0.0044237582
295.04	5.9856396e-05	-5.843917	0.0042206211
295.68	5.9296479e-05	-5.8439126	0.0044546332
296.32	5.8834625e-05	-5.843866	0.0045326769
296.96	5.9464311e-05	-5.8438522	0.0043221072
297.6	5.9520243e-05	-5.8438747	0.0044234043
298.24	6.0072795e-05	-5.8438788	0.0044501914
298.88	6.0845424e-05	-5.8438927	0.0043596209
299.52	6.0999002e-05	-5.8438785	0.0042118759
300.16	6.1387392e-05	-5.8438606	0.004472599
300.8	6.0505309e-05	-5.8437816	0.0043945218
301.44	6.0036645e-05	-5.843866	0.0042822211
302.08	5.9246861e-05	-5.843908	0.0043082437
302.72	5.8811454e-05	-5.8439125	0.0045209479
303.36	5.9665632e-05	-5.8438479	0.0043371793
304	5.9550844e-05	-5.8438701	0.0043898359
304.64	6.0240106e-05	-5.8437905	0.0044054437
305.28	6.071002e-05	-5.8439667	0.0044841543
305.92	6.1093516e-05	-5.8439668	0.0043220937
306.56	6.1268505e-05	-5.8439303	0.0045959231
307.2	6.0042019e-05	-5.8438697	0.00434928
307.84	6.0005426e-05	-5.8438476	0.0044524671
308.48	5.7931343e-05	-5.8439069	0.0042843588
309.12	5.8714343e-05	-5.8438939	0.0045263313
309.76	6.0267793e-05	-5.8439042	0.0044600542
310.4	5.978618e-05	-5.8438841	0.0042946235
311.04	5.951653e-05	-5.8438268	0.0043469659
311.68	6.0671014e-05	-5.8439201	0.0044433131
312.32	6.0462487e-05	-5.8438267	0.0043760648
312.96	6.006351e-05	-5.8438361	0.0044131013
313.6	5.9725548e-05	-5.8438556	0.0043432123
314.24	5.890807e-05	-5.8438513	0.0045345628
314.88	5.9773029e-05	-5.8438762	0.0043349466
315.52	5.9183218e-05	-5.8439595	0.0043783991
316.16	5.8054827e-05	-5.8439019	0.0044300276
316.8	6.0548595e-05	-5.8438335	0.0043363679
317.44	6.0727747e-05	-5.8438371	0.0044470332
318.08	6.058137e-05	-5.843892	0.0044893085
318.72	6.1850004e-05	-5.8438327	0.0044576585
319.36	6.0206565e-05	-5.8439248	0.004452502
320	6.0129279e-05	-5.8439073	0.0045438101
320.64	5.9324389e-05	-5.8438565	0.0044129468
321.28	5.8388936e-05	-5.8438005	0.0044683477
321.92	5.9118962e-05	-5.8438198	0.004577292
322.56	6.0109208e-05	-5.843941	0.0044514328
323.2	5.908175e-05	-5.8438598	0.0044272177
323.84	6.0043623e-05	-5.8438456	0.0045128471
324.48	5.9808212e-05	-5.8439191	0.004216024
325.12	6.1484075e-05	-5.8439301	0.0042950821
325.76	6.0229031e-05	-5.8439204	0.0042187753
326.4	5.9667609e-05	-5.8438978	0.0045975921
327.04	6.0445895e-05	-5.8438903	0.0044091725
327.68	5.9235481e-05	-5.8438804	0.0043790172
328.32	5.873626e-05	-5.8438706	0.0045900622
328.96	5.926155e-05	-5.8439075	0.0044311143
329.6	6.0155877e-05	-5.8439444	0.0042755712
330.24	6.1130282e-05	-5.8438745	0.0044464965
330.88	6.17555e-05	-5.8438186	0.0045007266
331.52	6.1134931e-05	-5.8439019	0.0043705381
332.16	5.9799863e-05	-5.8438735	0.0042249294
332.8	5.8671165e-05	-5.8438783	0.0043364969
333.44	5.8371755e-05	-5.843814	0.0043533964
334.08	5.8976468e-05	-5.8439129	0.0043910292
334.72	5.9418295e-05	-5.8439409	0.004375091
335.36	5.890895e-05	-5.8439256	0.0044105316
336	6.0503121e-05	-5.8438143	0.0044190284
336.64	6.0273344e-05	-5.8438501	0.0043533366
337.28	6.0273831e-05	-5.8438915	0.0045290644
337.92	6.1283908e-05	-5.8438835	0.0045556952
338.56	6.0498695e-05	-5.8439722	0.0044941744
339.2	5.9564898e-05	-5.8438934	0.0044507112
339.84	5.9295216e-05	-5.8438941	0.0042649149
340.48	5.8384112e-05	-5.8439029	0.0043620594
341.12	6.0131876e-05	-5.8439322	0.0043570093
341.76	5.8380597e-05	-5.8438969	0.0043004424
342.4	6.0824549e-05	-5.8437726	0.0044848389
343.04	6.0504848e-05	-5.8438458	0.0042841235
343.68	6.0325732e-05	-5.8439242	0.004483593
344.32	6.0738392e-05	-5.8438691	0.0043929393
344.96	6.0287164e-05	-5.8438185	0.004431545
345.6	6.0320751e-05	-5.8439313	0.0043489944
346.24	5.9474156e-05	-5.843871	0.0042738376
346.88	5.9911959e-05	-5.8438672	0.0044381013
347.52	5.804192e-05	-5.8438371	0.0043954583
348.16	5.8700652e-05	-5.8438415	0.0045273374
348.8	6.083405e-05	-5.8438655	0.0044488483
349.44	6.0326369e-05	-5.8438826	0.0043926254
350.08	6.0243008e-05	-5.843831	0.0045738439
350.72	5.9644722e-05	-5.8439007	0.0044572267
351.36	6.1013722e-05	-5.8438798	0.0045542988
352	5.834335e-05	-5.8439064	0.0042634937
352.64	5.8322181e-05	-5.8437678	0.0044672216
353.28	5.9799727e-05	-5.8439369	0.0042308582
353.92	5.9416349e-05	-5.8438942	0.0044300573
354.56	5.9919121e-05	-5.8438749	0.0044579578
355.2	6.0206083e-05	-5.8438925	0.0045161937
355.84	6.1756443e-05	-5.8438699	0.0044476753
356.48	6.1102129e-05	-5.8438737	0.0046117491
357.12	6.0915387e-05	-5.8439021	0.0044192889
357.76	6.0342587e-05	-5.8438237	0.0043916061
358.4	5.8438163e-05	-5.8438184	0.0044283421
359.04	5.796968e-05	-5.8438652	0.0043393203
359.68	5.9204426e-05	-5.8438758	0.0044589733
360.32	5.9476581e-05	-5.8438288	0.0045036432
360.96	5.9361512e-05	-5.8438973	0.0043104332
361.6	6.098341e-05	-5.8438234	0.0045851841
362.24	6.1639655e-05	-5.8438883	0.0044494369
362.88	6.0736671e-05	-5.8438595	0.0041180277
363.52	5.989135e-05	-5.8439153	0.0044211117
364.16	6.0103385e-05	-5.8439028	0.0043823141
364.8	5.8551841e-05	-5.8438698	0.0044054212
365.44	5.8940633e-05	-5.8438337	0.0044254708
366.08	5.893405e-05	-5.8438709	0.004504639
366.72	6.0010868e-05	-5.843885	0.004443516
367.36	5.9074572e-05	-5.843813	0.0045443676
368	6.1434407e-05	-5.8438654	0.0042525595
368.64	6.0287678e-05	-5.8439148	0.0044468807
369.28	6.1570238e-05	-5.8438744	0.0043864028
369.92	6.0462264e-05	-5.8438881	0.0044493111
370.56	6.0018064e-05	-5.8438285	0.0043084248
371.2	5.9782422e-05	-5.8439178	0.004499421
371.84	5.8674577e-05	-5.8438661	0.0044230792
372.48	5.8754801e-05	-5.8439078	0.0043250002
373.12	6.0039369e-05	-5.8438243	0.0043383717
373.76	6.0207824e-05	-5.8438371	0.0043110646
374.4	6.1006035e-05	-5.8438554	0.0045051963
375.04	6.0565334e-05	-5.8438638	0.0044857913
375.68	6.0420624e-05	-5.8438362	0.0043557273
376.32	6.1214072e-05	-5.8439496	0.0041965604
376.96	5.8913788e-05	-5.8438742	0.0045648976
377.6	5.9382431e-05	-5.8439036	0.0043139777
378.24	5.8771675e-05	-5.8438615	0.0044210074
378.88	5.8879589e-05	-5.8438286	0.0044921622
379.52	5.9616988e-05	-5.8438562	0.0046090442
380.16	6.0946758e-05	-5.8438469	0.004382358
380.8	6.0976342e-05	-5.843939	0.0044061297
381.44	5.9800578e-05	-5.8438864	0.0044674473
382.08	5.9079278e-05	-5.8438722	0.004354959
382.72	5.9959769e-05	-5.8439067	0.0042991685
383.36	5.927382e-05	-5.8439026	0.0042838598
384	5.9373567e-05	-5.8438199	0.0044974716
384.64	5.8712107e-05	-5.8438566	0.0044800537
385.28	5.9215274e-05	-5.84388	0.0043646929
385.92	5.9978552e-05	-5.8438843	0.0043130575
386.56	6.0568001e-05	-5.8438465	0.0045651354
387.2	6.0271146e-05	-5.8438362	0.0043469761
387.84	6.1869559e-05	-5.8439165	0.0043177962
388.48	6.0645653e-05	-5.8439203	0.0043668274
389.12	6.0569635e-05	-5.8438748	0.0045773903
389.76	5.8570983e-05	-5.8438601	0.004481857
390.4	5.9432957e-05	-5.8439176	0.0042313781
391.04	5.8691488e-05	-5.8438799	0.0042473659
391.68	5.9606588e-05	-5.8438106	0.004389668
392.32	5.9042414e-05	-5.8439159	0.0045737864
392.96	6.0332062e-05	-5.843902	0.0045349438
393.6	6.0155214e-05	-5.8438963	0.0043829595
394.24	6.0787523e-05	-5.8438455	0.004374232
394.88	6.0371538e-05	-5.8438736	0.0044884547
395.52	5.9423462e-05	-5.8438552	0.0044044563
396.16	5.904768e-05	-5.8438654	0.0046617713
396.8	5.875965e-05	-5.8439125	0.004369448
397.44	5.9185157e-05	-5.8439084	0.0041409389
398.08	5.807608e-05	-5.8439114	0.0042091823
398.72	6.0010751e-05	-5.8438888	0.004333316
399.36	5.9726478e-05	-5.8438407	0.0044652875
400	6.1089712e-05	-5.8438597	0.004288157
400.64	6.0292315e-05	-5.8438589	0.0043277982
401.28	6.0377022e-05	-5.8439203	0.0044627887
401.92	6.1105595e-05	-5.8438991	0.0044094988
402.56	5.9229956e-05	-5.8439078	0.0045437348
403.2	5.9141053e-05	-5.8438247	0.0044817342
403.84	5.8466714e-05	-5.8438565	0.004505896
404.48	5.9270649e-05	-5.8439215	0.0043259192
405.12	6.0030901e-05	-5.8439582	0.004489951
405.76	6.003938e-05	-5.8438733	0.0044348494
406.4	6.0565152e-05	-5.8438964	0.0043979666
407.04	6.0719751e-05	-5.8438688	0.0044307959
407.68	6.0841827e-05	-5.8438793	0.004505769
408.32	5.9876827e-05	-5.8439446	0.0044092358
408.96	5.8162888e-05	-5.8438836	0.0043015653
409.6	5.8753105e-05	-5.8439638	0.0041621507
410.24	5.8167574e-05	-5.8438467	0.0043614643
410.88	5.9178737e-05	-5.8438887	0.0044136004
411.52	6.008791e-05	-5.8438744	0.0042276522
412.16	5.9847559e-05	-5.8438405	0.0042522327
412.8	6.0636239e-05	-5.8438918	0.0043748899
413.44	6.1881491e-05	-5.8439212	0.004467033
414.08	6.0839663e-05	-5.8438235	0.0044780845
414.72	5.919041e-05	-5.8438511	0.0045924408
415.36	5.9149412e-05	-5.8439684	0.0043345382
416	5.8612893e-05	-5.84388	0.004572262
416.64	5.8313404e-05	-5.8439027	0.0044534271
417.28	5.980263e-05	-5.8438938	0.0041914722
417.92	6.0003373e-05	-5.8438741	0.00439383
418.56	6.0369648e-05	-5.8439245	0.0045231489
419.2	6.0193906e-05	-5.8438587	0.0043264514
419.84	6.0557267e-05	-5.8439386	0.0044304235
420.48	6.0038504e-05	-5.843902	0.0043600995
421.12	5.8717764e-05	-5.8438788	0.0043759874
421.76	5.8731006e-05	-5.8438845	0.0044533237
422.4	5.8562534e-05	-5.8438894	0.0044385548
423.04	6.0065529e-05	-5.8438671	0.0043742763
423.68	5.8996269e-05	-5.8438044	0.0042846259
424.32	5.9985012e-05	-5.8439156	0.0044796319
424.96	6.0727476e-05	-5.8439386	0.0042655119
425.6	6.1824203e-05	-5.8438185	0.0045583119
426.24	6.0241122e-05	-5.8439339	0.0044437106
426.88	6.0265432e-05	-5.8438514	0.0043912006
427.52	5.8178877e-05	-5.8438692	0.0043272038
428.16	5.953976e-05	-5.8438249	0.0044418084
428.8	5.8277404e-05	-5.8439076	0.0044440729
429.44	5.9770932e-05	-5.843848	0.0045385438
430.08	5.968642e-05	-5.8438747	0.004388096
430.72	5.9756432e-05	-5.8439478	0.0045071627
431.36	6.0907268e-05	-5.8438644	0.004389517
432	6.1379404e-05	-5.843874	0.0044964279
432.64	6.0976046e-05	-5.8439207	0.0044571392
433.28	6.036264e-05	-5.8438841	0.0044164415
433.92	6.0357706e-05	-5.84389	0.0043141704
434.56	5.8581547e-05	-5.8439217	0.0043531298
435.2	5.8722207e-05	-5.8438894	0.0042910902
435.84	5.8968215e-05	-5.8439448	0.0044842425
436.48	5.9306212e-05	-5.8439067	0.0044938842
437.12	6.0472423e-05	-5.8439159	0.0044756496
437.76	6.0836197e-05	-5.8438922	0.0044094282
438.4	6.0386204e-05	-5.8437846	0.0042995677
439.04	6.0924824e-05	-5.8438323	0.0044505224
439.68	5.8733546e-05	-5.84385	0.0045475294
440.32	5.8799993e-05	-5.8438374	0.0045596227
440.96	5.9612645e-05	-5.8439507	0.0043191868
441.6	5.8346011e-05	-5.8439356	0.0042756131
442.24	5.8400169e-05	-5.8438279	0.0042969426
442.88	6.0597543e-05	-5.843973	0.0044307024
443.52	6.089816e-05	-5.8438417	0.0043386804
444.16	6.1958874e-05	-5.8438884	0.0045454901
444.8	6.1224575e-05	-5.8438179	0.0044685477
445.44	6.1376507e-05	-5.843926	0.0044013399
446.08	6.0070775e-05	-5.8439074	0.004436539
446.72	6.0512703e-05	-5.8439045	0.0045740308
447.36	5.8872501e-05	-5.8438664	0.0044534786
448	5.8884465e-05	-5.8439314	0.0043099394
448.64	5.9309072e-05	-5.8439029	0.0044329409
449.28	5.975725e-05	-5.8439532	0.004366398
449.92	6.0297248e-05	-5.8438641	0.0044063267
450.56	6.1426742e-05	-5.8438971	0.0042419007
451.2	6.0178341e-05	-5.8438403	0.0044396113
451.84	6.0725423e-05	-5.843828	0.0043563616
452.48	5.9785384e-05	-5.843926	0.0044136406
453.12	5.8379606e-05	-5.8439026	0.0043427883
453.76	5.8368633e-05	-5.8438938	0.0043946147
454.4	5.9146213e-05	-5.843857	0.0044827787
455.04	5.945369e-05	-5.8438981	0.0043092892
455.68	6.0011362e-05	-5.8438881	0.0045162565
456.32	6.064774e-05	-5.8438365	0.0044143373
456.96	6.0304178e-05	-5.8438543	0.0041971975
457.6	6.0552328e-05	-5.8439014	0.0045465531
458.24	6.0571747e-05	-5.8439304	0.0045640347
458.88	5.9641339e-05	-5.8438609	0.0045408594
459.52	5.9281398e-05	-5.8438941	0.0045422644
460.16	5.884822e-05	-5.843922	0.0042969434
460.8	5.9228247e-05	-5.8438523	0.0042345873
461.44	6.0078624e-05	-5.84388	0.0044733456
462.08	6.0508281e-05	-5.8438606	0.004267937
462.72	6.1636659e-05	-5.8437909	0.0042695103
463.36	6.1102395e-05	-5.843897	0.0043879887
464	6.00406e-05	-5.8439708	0.004366205
464.64	6.0542156e-05	-5.8438513	0.0045907064
465.28	5.829673e-05	-5.8438875	0.0043533743
465.92	5.8788103e-05	-5.843903	0.0042934527
466.56	5.9760943e-05	-5.8438392	0.0044538009
467.2	5.9136184e-05	-5.8438289	0.004464837
467.84	6.0067117e-05	-5.8438939	0.0044380807
468.48	6.0281797e-05	-5.8439626	0.0043829387
469.12	6.028222e-05	-5.8438639	0.0044661476
469.76	6.1825856e-05	-5.843893	0.0044238175
470.4	6.146697e-05	-5.8438792	0.004437755
471.04	6.0150677e-05	-5.8438232	0.0044547506
471.68	6.0937536e-05	-5.843923	0.0042585636
472.32	5.8140744e-05	-5.8438793	0.0044600268
472.96	5.9120769e-05	-5.8438991	0.0045910018
473.6	5.9917022e-05	-5.8438249	0.0043175115
474.24	5.9258112e-05	-5.8439208	0.0044021626
474.88	6.0281507e-05	-5.8439391	0.0042581037
475.52	6.1564119e-05	-5.8438464	0.004318498
476.16	6.0783096e-05	-5.8439152	0.0044305399
476.8	6.1173001e-05	-5.8439023	0.0043099829
477.44	5.938071e-05	-5.8438692	0.0043473237
478.08	5.9117776e-05	-5.8438609	0.004307646
478.72	5.9068398e-05	-5.8438756	0.0042582797
479.36	6.0317544e-05	-5.8439235	0.0047316514
480	5.9685614e-05	-5.8438571	0.0044352926
480.64	6.0175074e-05	-5.8438379	0.004620741
481.28	6.0533901e-05	-5.8438742	0.004436274
481.92	6.1078723e-05	-5.8439668	0.0045861519
482.56	6.1035288e-05	-5.8438969	0.0045194994
483.2	6.0989609e-05	-5.8438463	0.0044162058
483.84	6.0179143e-05	-5.8439025	0.0043913181
484.48	6.0110952e-05	-5.8438945	0.0043544616
485.12	5.8471255e-05	-5.8439309	0.0044848249
485.76	6.020718e-05	-5.8438537	0.0041982268
486.4	6.0080525e-05	-5.8439227	0.0042851971
487.04	5.9463153e-05	-5.8439255	0.0043041069
487.68	6.0442759e-05	-5.8439112	0.0044887722
488.32	6.097815e-05	-5.8438596	0.0044291756
488.96	6.0760138e-05	-5.8439058	0.0042724939
489.6	6.0486657e-05	-5.8438784	0.0043045583
490.24	6.116055e-05	-5.8438803	0.0045655521
490.88	5.9467758e-05	-5.8438847	0.0044131302
491.52	5.8276424e-05	-5.8438379	0.0043633542
492.16	5.9442981e-05	-5.8438484	0.0044277266
492.8	5.8758109e-05	-5.843884	0.0045611105
493.44	5.9797862e-05	-5.8438279	0.0044324821
494.08	6.0986113e-05	-5.8439208	0.0043666942
494.72	6.1477984e-05	-5.8438972	0.004373654
495.36	6.1523911e-05	-5.8438787	0.0045402105
496	6.0084384e-05	-5.8438596	0.0043636832
496.64	5.8937472e-05	-5.8438739	0.0044759653
497.28	5.9808991e-05	-5.8439551	0.0042593562
497.92	5.9603513e-05	-5.8438485	0.004479266
498.56	5.9617163e-05	-5.8438855	0.0044683758
499.2	5.9309376e-05	-5.8439168	0.0043551159
499.84	6.0864031e-05	-5.8438333	0.0043878066
