0	1.4834145e-05	-5.8544587	-0.029637301
0.64	1.4718659e-05	-5.8545143	-0.029716744
1.28	1.4739588e-05	-5.8545095	-0.029771851
1.92	1.5159757e-05	-5.8545189	-0.029686841
2.56	1.5158459e-05	-5.8545233	-0.0296018
3.2	1.5424955e-05	-5.8544816	-0.029663352
3.84	1.5238446e-05	-5.8544908	-0.029625703
4.48	1.5202222e-05	-5.8545236	-0.0297479
5.12	1.4916713e-05	-5.8545189	-0.029695989
5.76	1.468917e-05	-5.8544864	-0.029623406
6.4	1.4571484e-05	-5.854477	-0.029640185
7.04	1.4973971e-05	-5.8544401	-0.029620696
7.68	1.5270903e-05	-5.8545472	-0.029671977
8.32	1.496419e-05	-5.8544954	-0.029695286
8.96	1.510394e-05	-5.8544953	-0.029640202
9.6	1.5198343e-05	-5.8544535	-0.029589343
10.24	1.5094119e-05	-5.8544768	-0.029695315
10.88	1.4821699e-05	-5.8544582	-0.029767302
11.52	1.4794674e-05	-5.8545096	-0.029799094
12.16	1.482508e-05	-5.8544447	-0.029699022
12.8	1.4739991e-05	-5.854519	-0.029828238
13.44	1.5015739e-05	-5.8544727	-0.029723861
14.08	1.4877988e-05	-5.854463	-0.029719646
14.72	1.5334273e-05	-5.8544399	-0.029738268
15.36	1.5165978e-05	-5.8544861	-0.029756067
16	1.5108852e-05	-5.8544813	-0.029670686
16.64	1.4939404e-05	-5.8544627	-0.029758586
17.28	1.4933784e-05	-5.8544862	-0.029700444
17.92	1.4598832e-05	-5.8544629	-0.029673027
18.56	1.4774741e-05	-5.8544772	-0.029771545
19.2	1.4634887e-05	-5.8544585	-0.029627723
19.84	1.4639147e-05	-5.8544816	-0.029699622
20.48	1.490436e-05	-5.8544676	-0.029761185
21.12	1.5298784e-05	-5.8545096	-0.029652673
21.76	1.4906016e-05	-5.8545184	-0.029610996
22.4	1.4934849e-05	-5.8545323	-0.029649313
23.04	1.4952915e-05	-5.8544814	-0.029658035
23.68	1.5060926e-05	-5.854505	-0.029649254
24.32	1.5029709e-05	-5.8544634	-0.029679036
24.96	1.4792991e-05	-5.8544819	-0.029670539
25.6	1.4682662e-05	-5.854519	-0.029654352
26.24	1.4907277e-05	-5.8544911	-0.029665859
26.88	1.4861295e-05	-5.8544768	-0.029650937
27.52	1.5025882e-05	-5.854514	-0.02962295
28.16	1.5079581e-05	-5.8544953	-0.029720357
28.8	1.5287599e-05	-5.8544769	-0.029663516
29.44	1.4976594e-05	-5.8545001	-0.029624676
30.08	1.4925131e-05	-5.8544491	-0.029691191
30.72	1.4500778e-05	-5.8544722	-0.029776394
31.36	1.4648556e-05	-5.8544492	-0.02968884
32	1.4850903e-05	-5.8544679	-0.029767699
32.64	1.5000705e-05	-5.8545004	-0.029783708
33.28	1.4582681e-05	-5.8544951	-0.029779959
33.92	1.5294654e-05	-5.8545095	-0.029773377
34.56	1.5245125e-05	-5.8544535	-0.029786393
35.2	1.5117493e-05	-5.8544302	-0.029747819
35.84	1.5197649e-05	-5.8544678	-0.02973117
36.48	1.4743195e-05	-5.8544769	-0.029631294
37.12	1.4827087e-05	-5.8544865	-0.029667365
37.76	1.4838434e-05	-5.8544633	-0.029763972
38.4	1.492484e-05	-5.8545099	-0.029705751
39.04	1.4794255e-05	-5.8544723	-0.029702664
39.68	1.481522e-05	-5.8544488	-0.029620944
40.32	1.5191233e-05	-5.8544908	-0.029668708
40.96	1.5030097e-05	-5.8545231	-0.02967314
41.6	1.5486187e-05	-5.8545237	-0.029654075
42.24	1.4816819e-05	-5.8545139	-0.029719444
42.88	1.4916149e-05	-5.8545376	-0.029606326
43.52	1.4742096e-05	-5.8545143	-0.029725367
44.16	1.4740047e-05	-5.8544911	-0.029690727
44.8	1.4664072e-05	-5.8545002	-0.029721785
45.44	1.4691559e-05	-5.8544814	-0.029636546
46.08	1.4883347e-05	-5.8545093	-0.029696909
46.72	1.5189118e-05	-5.8544675	-0.029601206
47.36	1.5418092e-05	-5.8545375	-0.029757063
48	1.5259841e-05	-5.8544677	-0.029651512
48.64	1.4986694e-05	-5.8544537	-0.029756229
49.28	1.4860969e-05	-5.8544492	-0.029709616
49.92	1.4936052e-05	-5.8544959	-0.029722052
50.56	1.4498287e-05	-5.854463	-0.029757683
51.2	1.467265e-05	-5.8544909	-0.029785317
51.84	1.5057239e-05	-5.8544678	-0.029691823
52.48	1.4943151e-05	-5.8544395	-0.029745315
53.12	1.5268111e-05	-5.8544583	-0.029783724
53.76	1.5236213e-05	-5.8544536	-0.029700372
54.4	1.5322607e-05	-5.8544585	-0.029659072
55.04	1.4848886e-05	-5.8544722	-0.029733989
55.68	1.5119561e-05	-5.8544495	-0.029707242
56.32	1.4873471e-05	-5.8544773	-0.029673099
56.96	1.4845793e-05	-5.8544866	-0.029640777
57.6	1.4892645e-05	-5.8544307	-0.029681516
58.24	1.5009032e-05	-5.854491	-0.029678296
58.88	1.4883581e-05	-5.8545092	-0.029663885
59.52	1.5291032e-05	-5.8545141	-0.029682861
60.16	1.5337414e-05	-5.8544956	-0.029711666
60.8	1.5264384e-05	-5.8544724	-0.029685734
61.44	1.5039993e-05	-5.8545004	-0.029722214
62.08	1.4842252e-05	-5.8544957	-0.029687612
62.72	1.468014e-05	-5.854505	-0.029603147
63.36	1.4654308e-05	-5.8545794	-0.029749118
64	1.5016058e-05	-5.8545284	-0.02963713
64.64	1.4897527e-05	-5.8544955	-0.0296579
65.28	1.5256257e-05	-5.8544398	-0.029597116
65.92	1.5323855e-05	-5.8544955	-0.029749463
66.56	1.5079815e-05	-5.8545233	-0.029732572
67.2	1.5074167e-05	-5.8545327	-0.029712851
67.84	1.4834361e-05	-5.8544956	-0.029690745
68.48	1.5119415e-05	-5.8544961	-0.029620437
69.12	1.5033995e-05	-5.8544449	-0.029673998
69.76	1.4856024e-05	-5.854454	-0.029722864
70.4	1.4783877e-05	-5.8544677	-0.029725583
71.04	1.5320515e-05	-5.8544819	-0.029761397
71.68	1.5166236e-05	-5.8544908	-0.029690587
72.32	1.5269551e-05	-5.8544396	-0.029764178
72.96	1.5379477e-05	-5.8544631	-0.029771716
73.6	1.5159485e-05	-5.8544584	-0.029695046
74.24	1.4717307e-05	-5.8544955	-0.029726501
74.88	1.4798036e-05	-5.8544772	-0.029732726
75.52	1.4650991e-05	-5.8544817	-0.029724258
76.16	1.4810377e-05	-5.8544725	-0.029704709
76.8	1.5136112e-05	-5.8545052	-0.029723178
77.44	1.4846055e-05	-5.8544953	-0.029695375
78.08	1.5272807e-05	-5.8544676	-0.029664238
78.72	1.540694e-05	-5.8544956	-0.02966545
79.36	1.5320865e-05	-5.8545142	-0.029705414
80	1.4981906e-05	-5.8544444	-0.02962997
80.64	1.4928976e-05	-5.8544864	-0.029624169
81.28	1.4469727e-05	-5.8545141	-0.029658744
81.92	1.4848197e-05	-5.8545145	-0.0296151
82.56	1.4753082e-05	-5.8544817	-0.029658534
83.2	1.4798824e-05	-5.8544955	-0.029679012
83.84	1.5171463e-05	-5.854477	-0.0296789
84.48	1.5303597e-05	-5.8544583	-0.029556184
85.12	1.5231563e-05	-5.8544908	-0.029666967
85.76	1.5027393e-05	-5.8545	-0.029746863
86.4	1.5124643e-05	-5.8544911	-0.029696673
87.04	1.4646909e-05	-5.8544862	-0.029700637
87.68	1.4815818e-05	-5.854547	-0.029689943
88.32	1.479805e-05	-5.8544958	-0.029678863
88.96	1.4903891e-05	-5.8544632	-0.029652261
89.6	1.5073254e-05	-5.8544399	-0.029642129
90.24	1.4907581e-05	-5.8544488	-0.029713591
90.88	1.5050337e-05	-5.8544674	-0.029678648
91.52	1.5192482e-05	-5.8544861	-0.029752971
92.16	1.5139163e-05	-5.8545001	-0.029739921
92.8	1.5116154e-05	-5.8545376	-0.029673986
93.44	1.4897616e-05	-5.8544679	-0.029672707
94.08	1.4756759e-05	-5.8544958	-0.029651865
94.72	1.4581562e-05	-5.854491	-0.029767
95.36	1.5144446e-05	-5.8544774	-0.029665492
96	1.4833356e-05	-5.8545001	-0.029719611
96.64	1.5333564e-05	-5.8545236	-0.029603389
97.28	1.5307777e-05	-5.8545141	-0.029755065
97.92	1.5060944e-05	-5.8544348	-0.029619874
98.56	1.5052887e-05	-5.8544862	-0.029647822
99.2	1.4918149e-05	-5.8545282	-0.029647345
99.84	1.5047767e-05	-5.8544681	-0.029569936
100.48	1.4904243e-05	-5.854468	-0.029694002
101.12	1.4779675e-05	-5.8545283	-0.029668265
101.76	1.4688965e-05	-5.8544908	-0.029690723
102.4	1.4924386e-05	-5.8544676	-0.029669343
103.04	1.5050969e-05	-5.8545233	-0.029659589
103.68	1.5139731e-05	-5.8544953	-0.029623101
104.32	1.491789e-05	-5.8545045	-0.029581565
104.96	1.5032841e-05	-5.8545001	-0.029703344
105.6	1.4917426e-05	-5.8545003	-0.02970185
106.24	1.4766369e-05	-5.8544864	-0.02963347
106.88	1.4904005e-05	-5.8545239	-0.029710848
107.52	1.4914946e-05	-5.8544587	-0.02959896
108.16	1.480214e-05	-5.8544537	-0.02969976
108.8	1.525374e-05	-5.8544585	-0.029821012
109.44	1.5081181e-05	-5.8545	-0.029749198
110.08	1.4989316e-05	-5.8544859	-0.02972817
110.72	1.5105524e-05	-5.8544907	-0.029735163
111.36	1.5222223e-05	-5.8544631	-0.02975058
112	1.472561e-05	-5.8544536	-0.029781469
112.64	1.4772373e-05	-5.8544678	-0.029679982
113.28	1.4756044e-05	-5.8544958	-0.029725473
113.92	1.493731e-05	-5.8545006	-0.029781018
114.56	1.5129252e-05	-5.8544447	-0.029717744
115.2	1.5249665e-05	-5.8545097	-0.029724833
115.84	1.5181901e-05	-5.8544954	-0.029629207
116.48	1.5127353e-05	-5.8545232	-0.029708657
117.12	1.4927418e-05	-5.8544813	-0.029652608
117.76	1.4901705e-05	-5.8544722	-0.029635333
118.4	1.4961524e-05	-5.8544958	-0.029656637
119.04	1.4773063e-05	-5.8545144	-0.029680539
119.68	1.4823164e-05	-5.8545191	-0.029602798
120.32	1.5088899e-05	-5.85451	-0.029656129
120.96	1.4992961e-05	-5.8545189	-0.029698274
121.6	1.520593e-05	-5.8544677	-0.02966743
122.24	1.5384024e-05	-5.854491	-0.029721973
122.88	1.5345798e-05	-5.8544723	-0.029658415
123.52	1.523601e-05	-5.8544816	-0.029713507
124.16	1.4798594e-05	-5.8545	-0.029640105
124.8	1.4770296e-05	-5.8544491	-0.029737522
125.44	1.4790082e-05	-5.8545098	-0.029743787
126.08	1.4778632e-05	-5.85444	-0.029664021
126.72	1.484745e-05	-5.8545097	-0.029748704
127.36	1.4875419e-05	-5.8544769	-0.029647703
128	1.5194292e-05	-5.8544444	-0.02974618
128.64	1.5313036e-05	-5.8544816	-0.029733277
129.28	1.5262501e-05	-5.8544629	-0.029699484
129.92	1.4985221e-05	-5.8544628	-0.029699717
130.56	1.5022302e-05	-5.8545003	-0.029640019
131.2	1.4804968e-05	-5.8544724	-0.02961685
131.84	1.4764779e-05	-5.8544679	-0.0297131
132.48	1.4534969e-05	-5.8545048	-0.029615494
133.12	1.4801693e-05	-5.8544724	-0.029722297
133.76	1.4822459e-05	-5.8544582	-0.029758736
134.4	1.5263884e-05	-5.854463	-0.029573872
135.04	1.5042389e-05	-5.8544673	-0.029556328
135.68	1.5373478e-05	-5.854477	-0.02969863
136.32	1.4984594e-05	-5.8545001	-0.029702198
136.96	1.4730249e-05	-5.8545001	-0.029684458
137.6	1.4700395e-05	-5.8544631	-0.029624369
138.24	1.4987497e-05	-5.854496	-0.029648279
138.88	1.4586986e-05	-5.854463	-0.029656566
139.52	1.4489524e-05	-5.8544999	-0.029727366
140.16	1.4991125e-05	-5.8545234	-0.029735432
140.8	1.5105316e-05	-5.8544815	-0.02961228
141.44	1.4660939e-05	-5.8544949	-0.029656663
142.08	1.4988173e-05	-5.8544813	-0.029743185
142.72	1.5356092e-05	-5.8545005	-0.029668997
143.36	1.4929331e-05	-5.8544817	-0.029659549
144	1.4925143e-05	-5.8544586	-0.029709861
144.64	1.4994039e-05	-5.85451	-0.029693165
145.28	1.4791497e-05	-5.8545143	-0.029728015
145.92	1.5028887e-05	-5.8544586	-0.029660356
146.56	1.4892498e-05	-5.8544722	-0.029657764
147.2	1.5167846e-05	-5.8545094	-0.029692378
147.84	1.5343263e-05	-5.8544816	-0.029731176
148.48	1.5242958e-05	-5.8544537	-0.029727185
149.12	1.5103986e-05	-5.8545049	-0.029606824
149.76	1.4949958e-05	-5.8545096	-0.029706298
150.4	1.5050899e-05	-5.8545332	-0.029713751
151.04	1.4859688e-05	-5.8545284	-0.029672312
151.68	1.4871037e-05	-5.8544912	-0.029608062
152.32	1.5057253e-05	-5.8544586	-0.029760151
152.96	1.4977644e-05	-5.854435	-0.02967962
153.6	1.5359413e-05	-5.8545049	-0.029766873
154.24	1.4863904e-05	-5.8544579	-0.029689459
154.88	1.509432e-05	-5.8544768	-0.029629183
155.52	1.4944635e-05	-5.8545187	-0.029646546
156.16	1.4726557e-05	-5.8544583	-0.029707206
156.8	1.4721548e-05	-5.8545376	-0.029657883
157.44	1.4832814e-05	-5.8545424	-0.029732309
158.08	1.4843544e-05	-5.8544725	-0.029704352
158.72	1.5115142e-05	-5.8544632	-0.02971141
159.36	1.5142341e-05	-5.8544956	-0.029678354
160	1.5209211e-05	-5.854528	-0.029725711
160.64	1.5131383e-05	-5.8544396	-0.029682449
161.28	1.4885921e-05	-5.8544674	-0.029627922
161.92	1.4908582e-05	-5.8545002	-0.0297476
162.56	1.5115641e-05	-5.8544866	-0.029715372
163.2	1.4875076e-05	-5.8544819	-0.029698907
163.84	1.4682593e-05	-5.8544678	-0.029765628
164.48	1.47507e-05	-5.854491	-0.029708524
165.12	1.5045451e-05	-5.854505	-0.029739503
165.76	1.50509e-05	-5.8544815	-0.029643996
166.4	1.5178635e-05	-5.8544443	-0.029777279
167.04	1.5182022e-05	-5.8544257	-0.029646272
167.68	1.5178998e-05	-5.854463	-0.029679722
168.32	1.4978587e-05	-5.8545328	-0.029800976
168.96	1.4664983e-05	-5.8544351	-0.029766672
169.6	1.4824513e-05	-5.8544586	-0.029693718
170.24	1.4834553e-05	-5.85444	-0.029669324
170.88	1.5151293e-05	-5.8544587	-0.029738081
171.52	1.4958407e-05	-5.8545188	-0.029697381
172.16	1.4805673e-05	-5.8545324	-0.029772146
172.8	1.5274702e-05	-5.8545188	-0.029669351
173.44	1.5011459e-05	-5.8544767	-0.029642526
174.08	1.5072016e-05	-5.8545281	-0.029715626
174.72	1.5022189e-05	-5.8545422	-0.029651165
175.36	1.486806e-05	-5.8544958	-0.029591244
176	1.4740498e-05	-5.8544585	-0.029640063
176.64	1.4794867e-05	-5.8544399	-0.029627623
177.28	1.4699287e-05	-5.8545048	-0.029659878
177.92	1.5107556e-05	-5.8545003	-0.029785012
178.56	1.5067134e-05	-5.8544907	-0.029680368
179.2	1.4936387e-05	-5.8544952	-0.029782604
179.84	1.5028232e-05	-5.8544767	-0.029672476
180.48	1.5149515e-05	-5.8544631	-0.029733188
181.12	1.4727593e-05	-5.8544769	-0.029636136
181.76	1.4738244e-05	-5.8544724	-0.029748156
182.4	1.4833159e-05	-5.8544865	-0.029676793
183.04	1.4741134e-05	-5.8544352	-0.029665706
183.68	1.4961166e-05	-5.8544631	-0.029745887
184.32	1.51578e-05	-5.854477	-0.02981988
184.96	1.5130664e-05	-5.8544582	-0.029654974
185.6	1.5026039e-05	-5.8545046	-0.029615018
186.24	1.4927548e-05	-5.8544627	-0.029654535
186.88	1.513163e-05	-5.854491	-0.029729354
187.52	1.4718096e-05	-5.8544769	-0.029713588
188.16	1.5006595e-05	-5.8544867	-0.029657816
188.8	1.4715474e-05	-5.8544539	-0.029724789
189.44	1.4587942e-05	-5.8545048	-0.029687231
190.08	1.4855718e-05	-5.8544537	-0.02965542
190.72	1.5494957e-05	-5.8544541	-0.029682001
191.36	1.527577e-05	-5.8545374	-0.029685677
192	1.5551059e-05	-5.8544679	-0.029645426
192.64	1.5167171e-05	-5.8544769	-0.02973935
193.28	1.515962e-05	-5.854519	-0.029770065
193.92	1.4878664e-05	-5.8544818	-0.029694909
194.56	1.5017115e-05	-5.8544309	-0.029688616
195.2	1.4868347e-05	-5.8545238	-0.029644535
195.84	1.4800707e-05	-5.8545189	-0.02965657
196.48	1.49545e-05	-5.8544863	-0.029722983
197.12	1.4893466e-05	-5.8545511	-0.029655329
197.76	1.5212181e-05	-5.8545559	-0.029594271
198.4	1.5101588e-05	-5.8544023	-0.029705029
199.04	1.5062879e-05	-5.8544396	-0.029690232
199.68	1.4981878e-05	-5.8545096	-0.029661344
200.32	1.4997178e-05	-5.8545052	-0.029737367
200.96	1.4895062e-05	-5.8544633	-0.029708075
201.6	1.4725725e-05	-5.8544771	-0.029683701
202.24	1.4913809e-05	-5.8544493	-0.029678015
202.88	1.5025946e-05	-5.8544538	-0.029684511
203.52	1.5148419e-05	-5.8544676	-0.029724796
204.16	1.536171e-05	-5.8544444	-0.029655331
204.8	1.5245251e-05	-5.8544676	-0.029642394
205.44	1.500978e-05	-5.8544675	-0.029726416
206.08	1.4996653e-05	-5.8544491	-0.029662794
206.72	1.4958236e-05	-5.8545191	-0.029719509
207.36	1.4764032e-05	-5.8544539	-0.029577293
208	1.4766864e-05	-5.8545004	-0.029730733
208.64	1.4788299e-05	-5.8544398	-0.029744553
209.28	1.5077497e-05	-5.8544538	-0.02977743
209.92	1.5418142e-05	-5.8545004	-0.029740646
210.56	1.4988476e-05	-5.8544673	-0.029644921
211.2	1.5144143e-05	-5.8544814	-0.029745251
211.84	1.4921119e-05	-5.8544814	-0.029763614
212.48	1.4674511e-05	-5.8544954	-0.029618103
213.12	1.4857505e-05	-5.8545376	-0.029550342
213.76	1.4699053e-05	-5.8544911	-0.029749298
214.4	1.4609133e-05	-5.8544723	-0.029651864
215.04	1.4675196e-05	-5.8544722	-0.029672579
215.68	1.5235243e-05	-5.8545283	-0.02977034
216.32	1.518127e-05	-5.8544769	-0.029660484
216.96	1.5059676e-05	-5.8544813	-0.029666707
217.6	1.5226457e-05	-5.8545141	-0.029789861
218.24	1.5104768e-05	-5.8544863	-0.029721598
218.88	1.5029473e-05	-5.8544678	-0.0297291
219.52	1.4894803e-05	-5.8545237	-0.029699767
220.16	1.4561256e-05	-5.8545096	-0.02972572
220.8	1.4858039e-05	-5.8544307	-0.029717855
221.44	1.5097262e-05	-5.8544912	-0.029657507
222.08	1.5319802e-05	-5.8544214	-0.029768994
222.72	1.4988641e-05	-5.8544767	-0.029734042
223.36	1.5226957e-05	-5.854514	-0.029678974
224	1.5242792e-05	-5.8544676	-0.029772993
224.64	1.50307e-05	-5.8544862	-0.02968708
225.28	1.5020166e-05	-5.854519	-0.029728585
225.92	1.4826209e-05	-5.8544586	-0.029656803
226.56	1.4801469e-05	-5.8545005	-0.029668621
227.2	1.4796479e-05	-5.8544865	-0.029702357
227.84	1.4957002e-05	-5.8544817	-0.029757934
228.48	1.5148046e-05	-5.8545282	-0.029645857
229.12	1.5001795e-05	-5.8544348	-0.029630865
229.76	1.5162963e-05	-5.8545093	-0.02970377
230.4	1.5348888e-05	-5.854477	-0.02966589
231.04	1.4910605e-05	-5.8545094	-0.029697618
231.68	1.4803084e-05	-5.8544863	-0.029667437
232.32	1.4863513e-05	-5.8545145	-0.029702704
232.96	1.4796266e-05	-5.8545144	-0.029598408
233.6	1.4778567e-05	-5.854519	-0.029705184
234.24	1.4866632e-05	-5.854477	-0.029616858
234.88	1.5157726e-05	-5.8545607	-0.02982992
235.52	1.5242786e-05	-5.8544862	-0.029678709
236.16	1.5110403e-05	-5.8544953	-0.02962042
236.8	1.5156662e-05	-5.8545048	-0.029702881
237.44	1.5208336e-05	-5.8544493	-0.029670572
238.08	1.5017172e-05	-5.854454	-0.029694871
238.72	1.4711418e-05	-5.8544678	-0.029701727
239.36	1.4800423e-05	-5.8544912	-0.029681576
240	1.4777205e-05	-5.8545143	-0.029628317
240.64	1.4936375e-05	-5.8545189	-0.029748004
241.28	1.5141966e-05	-5.854449	-0.029645004
241.92	1.5160659e-05	-5.8544489	-0.029697434
242.56	1.5211299e-05	-5.854514	-0.029667692
243.2	1.4867232e-05	-5.8544766	-0.029779957
243.84	1.4940865e-05	-5.8544304	-0.029570447
244.48	1.5096602e-05	-5.8544866	-0.029668164
245.12	1.4709342e-05	-5.8544539	-0.029708705
245.76	1.4764051e-05	-5.8545098	-0.029643725
246.4	1.4772873e-05	-5.8544445	-0.029708163
247.04	1.4794944e-05	-5.8545327	-0.029722159
247.68	1.514026e-05	-5.8545188	-0.029767803
248.32	1.5204176e-05	-5.8545001	-0.029647812
248.96	1.5370476e-05	-5.8544677	-0.02972913
249.6	1.5079973e-05	-5.8545187	-0.029773979
250.24	1.5116894e-05	-5.8545469	-0.029718267
250.88	1.4929749e-05	-5.8544958	-0.029648016
251.52	1.480023e-05	-5.8544865	-0.029724161
252.16	1.4551399e-05	-5.854477	-0.029574451
252.8	1.4834778e-05	-5.854505	-0.029686309
253.44	1.5140162e-05	-5.8544539	-0.029660402
254.08	1.5248734e-05	-5.8544677	-0.029700361
254.72	1.5236345e-05	-5.8544722	-0.029714621
255.36	1.5413445e-05	-5.8544631	-0.029679257
256	1.4870308e-05	-5.8544441	-0.029658856
256.64	1.4871372e-05	-5.8545048	-0.029710551
257.28	1.4790422e-05	-5.8544724	-0.029603956
257.92	1.4963019e-05	-5.8544681	-0.029656351
258.56	1.4944293e-05	-5.8545657	-0.029705642
259.2	1.5029448e-05	-5.8544633	-0.029747533
259.84	1.4782654e-05	-5.854514	-0.029701099
260.48	1.5115382e-05	-5.8544768	-0.029687344
261.12	1.5162128e-05	-5.8545372	-0.029711204
261.76	1.529787e-05	-5.8545421	-0.029771732
262.4	1.4868526e-05	-5.8544488	-0.029736459
263.04	1.4616261e-05	-5.8544674	-0.029712299
263.68	1.4933738e-05	-5.8545005	-0.029678674
264.32	1.4528732e-05	-5.854477	-0.029623432
264.96	1.4935433e-05	-5.8544634	-0.029699303
265.6	1.4837508e-05	-5.8545235	-0.029702183
266.24	1.5285192e-05	-5.8544865	-0.029785831
266.88	1.5247499e-05	-5.8544816	-0.029730757
267.52	1.5001405e-05	-5.8544673	-0.029716141
268.16	1.5273739e-05	-5.8544583	-0.029733222
268.8	1.4991047e-05	-5.8544815	-0.029733387
269.44	1.4992852e-05	-5.8544585	-0.029631246
270.08	1.4953714e-05	-5.8544913	-0.029605765
270.72	1.4924061e-05	-5.8544727	-0.029680376
271.36	1.4675199e-05	-5.8544956	-0.029726225
272	1.5136608e-05	-5.854547	-0.029719477
272.64	1.5124958e-05	-5.8544863	-0.029577553
273.28	1.5152962e-05	-5.8545187	-0.029627405
273.92	1.4908227e-05	-5.8544765	-0.029659606
274.56	1.4912027e-05	-5.854458	-0.029685699
275.2	1.5034746e-05	-5.8544119	-0.029664069
275.84	1.4948402e-05	-5.854533	-0.029664266
276.48	1.4753734e-05	-5.8544585	-0.029764069
277.12	1.5018041e-05	-5.8544309	-0.029663792
277.76	1.4875397e-05	-5.8544725	-0.029699623
278.4	1.4742536e-05	-5.8544675	-0.029811633
279.04	1.4970657e-05	-5.8544814	-0.02973039
279.68	1.4986668e-05	-5.8544627	-0.029685562
280.32	1.4877223e-05	-5.8544951	-0.029683086
280.96	1.5054225e-05	-5.8544489	-0.029688605
281.6	1.4992365e-05	-5.854477	-0.029727937
282.24	1.4739442e-05	-5.854477	-0.029710556
282.88	1.4917232e-05	-5.8544262	-0.029717672
283.52	1.4774944e-05	-5.8544586	-0.029683752
284.16	1.5103008e-05	-5.8544402	-0.029653945
284.8	1.5103035e-05	-5.8545376	-0.029695607
285.44	1.5305244e-05	-5.8544724	-0.029805148
286.08	1.5265873e-05	-5.854435	-0.029628168
286.72	1.5455862e-05	-5.854491	-0.029732772
287.36	1.5095879e-05	-5.8545001	-0.02964782
288	1.4846811e-05	-5.8544676	-0.029719671
288.64	1.4924985e-05	-5.8544726	-0.029620281
289.28	1.4728831e-05	-5.8544911	-0.029598345
289.92	1.4802646e-05	-5.8545144	-0.029662819
290.56	1.4820144e-05	-5.8544678	-0.029710648
291.2	1.4904025e-05	-5.8545141	-0.029636043
291.84	1.512075e-05	-5.8545327	-0.029685843
292.48	1.5291842e-05	-5.8544443	-0.02954539
293.12	1.5397617e-05	-5.8544538	-0.029687615
293.76	1.5089857e-05	-5.8545141	-0.029773484
294.4	1.4981645e-05	-5.854491	-0.029637432
295.04	1.4782136e-05	-5.8544957	-0.029657733
295.68	1.4718334e-05	-5.8544818	-0.029659947
296.32	1.4811972e-05	-5.8544819	-0.029791411
296.96	1.4902835e-05	-5.8544678	-0.029658426
297.6	1.5073986e-05	-5.8545003	-0.029757159
298.24	1.5230307e-05	-5.8544909	-0.029751096
298.88	1.5070864e-05	-5.8545092	-0.029702338
299.52	1.5067933e-05	-5.8544999	-0.029682994
300.16	1.5255563e-05	-5.8544678	-0.0297578
300.8	1.4816191e-05	-5.8544769	-0.029738726
301.44	1.4694031e-05	-5.8544863	-0.029698527
302.08	1.4565449e-05	-5.8544073	-0.029621882
302.72	1.4779025e-05	-5.8544539	-0.029670587
303.36	1.4871654e-05	-5.8545236	-0.029773184
304	1.5312802e-05	-5.8544679	-0.029731973
304.64	1.5384874e-05	-5.8544305	-0.029701427
305.28	1.5167546e-05	-5.8544674	-0.029722963
305.92	1.5166847e-05	-5.8545233	-0.029676404
306.56	1.4992053e-05	-5.8544815	-0.029649477
307.2	1.4894085e-05	-5.8544538	-0.029726681
307.84	1.4978445e-05	-5.8545053	-0.029688342
308.48	1.4995719e-05	-5.8545519	-0.029738506
309.12	1.4931409e-05	-5.8545378	-0.029614886
309.76	1.498698e-05	-5.8544725	-0.029701154
310.4	1.511028e-05	-5.8544816	-0.029635252
311.04	1.4971695e-05	-5.8544813	-0.029671538
311.68	1.5450096e-05	-5.8545375	-0.029686158
312.32	1.5237417e-05	-5.854435	-0.029705753
312.96	1.520598e-05	-5.854505	-0.029665092
313.6	1.4936664e-05	-5.8545097	-0.029689065
314.24	1.4715416e-05	-5.8544911	-0.029614956
314.88	1.4804757e-05	-5.8545284	-0.029727683
315.52	1.4753219e-05	-5.8544771	-0.029688429
316.16	1.4640839e-05	-5.8544954	-0.029707703
316.8	1.5129129e-05	-5.8544584	-0.02973131
317.44	1.5354543e-05	-5.8545421	-0.029721931
318.08	1.523615e-05	-5.8545233	-0.029656833
318.72	1.5179265e-05	-5.8544536	-0.029743687
319.36	1.4849356e-05	-5.8545	-0.029714814
320	1.4973342e-05	-5.8544586	-0.029619413
320.64	1.4855907e-05	-5.854468	-0.029687624
321.28	1.4539783e-05	-5.8545654	-0.029719362
321.92	1.4936e-05	-5.8544912	-0.029749657
322.56	1.4978195e-05	-5.8544724	-0.029666775
323.2	1.5247966e-05	-5.8544538	-0.029636785
323.84	1.51125e-05	-5.8544674	-0.029725207
324.48	1.5264223e-05	-5.8544815	-0.029740629
325.12	1.510996e-05	-5.8544629	-0.029636029
325.76	1.4867598e-05	-5.854435	-0.029731001
326.4	1.4784004e-05	-5.8544259	-0.029620158
327.04	1.4522667e-05	-5.8545095	-0.029768202
327.68	1.4866018e-05	-5.8544913	-0.029684332
328.32	1.46285e-05	-5.8545095	-0.029623738
328.96	1.5046669e-05	-5.8545468	-0.029691197
329.6	1.5163003e-05	-5.854463	-0.029693088
330.24	1.521162e-05	-5.8544443	-0.029727174
330.88	1.5246194e-05	-5.8544908	-0.029612228
331.52	1.5069845e-05	-5.8545094	-0.029574525
332.16	1.4869022e-05	-5.854528	-0.029653059
332.8	1.5030802e-05	-5.8545424	-0.029714918
333.44	1.4677935e-05	-5.8545329	-0.029748542
334.08	1.4675942e-05	-5.8544678	-0.029709809
334.72	1.4740396e-05	-5.8544863	-0.029661431
335.36	1.5057704e-05	-5.854505	-0.029693803
336	1.5015648e-05	-5.8544814	-0.029713747
336.64	1.522099e-05	-5.8544582	-0.02974887
337.28	1.4978643e-05	-5.8544673	-0.029688868
337.92	1.5077607e-05	-5.8545048	-0.029827492
338.56	1.4881566e-05	-5.8545095	-0.029648033
339.2	1.4873734e-05	-5.8544864	-0.029745007
339.84	1.4703463e-05	-5.8544585	-0.029667569
340.48	1.4903788e-05	-5.8545098	-0.029673089
341.12	1.4979651e-05	-5.8544261	-0.02971738
341.76	1.5136583e-05	-5.8544492	-0.029679039
342.4	1.5051489e-05	-5.8544908	-0.029698502
343.04	1.524503e-05	-5.8544815	-0.029680104
343.68	1.5248726e-05	-5.8544862	-0.029654466
344.32	1.5332928e-05	-5.8544632	-0.029712003
344.96	1.5094274e-05	-5.8545283	-0.02971899
345.6	1.492391e-05	-5.8544586	-0.029685154
346.24	1.4623781e-05	-5.854477	-0.029594532
346.88	1.452179e-05	-5.8544537	-0.029663645
347.52	1.5144963e-05	-5.8545378	-0.029732099
348.16	1.4978097e-05	-5.8545141	-0.029654168
348.8	1.5158915e-05	-5.8545187	-0.029695167
349.44	1.5076892e-05	-5.8544953	-0.029624613
350.08	1.5173147e-05	-5.854514	-0.029636041
350.72	1.51399e-05	-5.8545188	-0.029657906
351.36	1.4982947e-05	-5.8545329	-0.029662582
352	1.4966468e-05	-5.8545191	-0.029726837
352.64	1.4644187e-05	-5.8544956	-0.029676584
353.28	1.4697112e-05	-5.8544957	-0.029643278
353.92	1.4857985e-05	-5.8544864	-0.029676098
354.56	1.5139103e-05	-5.8544724	-0.029669146
355.2	1.5113498e-05	-5.8545327	-0.029685174
355.84	1.5472693e-05	-5.8544957	-0.029632683
356.48	1.505733e-05	-5.8544535	-0.029666669
357.12	1.5147298e-05	-5.854491	-0.029747281
357.76	1.488543e-05	-5.8544723	-0.029654417
358.4	1.4554586e-05	-5.8545001	-0.029713061
359.04	1.481214e-05	-5.8544307	-0.029687408
359.68	1.4954287e-05	-5.8544633	-0.029687396
360.32	1.4786237e-05	-5.8544025	-0.029738042
360.96	1.5092546e-05	-5.8544817	-0.029816006
361.6	1.5057332e-05	-5.8544907	-0.029693493
362.24	1.5044148e-05	-5.8544581	-0.02974134
362.88	1.5004307e-05	-5.8544302	-0.029674234
363.52	1.5024631e-05	-5.8544722	-0.029762891
364.16	1.5021794e-05	-5.8544911	-0.029688718
364.8	1.4770815e-05	-5.8544864	-0.029628407
365.44	1.4783375e-05	-5.8545562	-0.029638616
366.08	1.468242e-05	-5.8544956	-0.029647758
366.72	1.4880424e-05	-5.8544724	-0.029598456
367.36	1.4819248e-05	-5.8544907	-0.029768831
368	1.4939197e-05	-5.8545092	-0.029619104
368.64	1.5302347e-05	-5.8544909	-0.029672589
369.28	1.5178349e-05	-5.8544722	-0.029742288
369.92	1.5250523e-05	-5.8544678	-0.029664426
370.56	1.468794e-05	-5.8544396	-0.02961815
371.2	1.4753008e-05	-5.8545236	-0.029730795
371.84	1.4899296e-05	-5.854547	-0.02977315
372.48	1.4686993e-05	-5.8544677	-0.029709555
373.12	1.516434e-05	-5.8544866	-0.029675081
373.76	1.5020833e-05	-5.854449	-0.029653922
374.4	1.5086769e-05	-5.8544814	-0.029751705
375.04	1.5272224e-05	-5.8544676	-0.029702888
375.68	1.4942448e-05	-5.8544534	-0.029728663
376.32	1.4929886e-05	-5.8544769	-0.029615149
376.96	1.4928604e-05	-5.8544678	-0.029749386
377.6	1.4829774e-05	-5.8544818	-0.029780596
378.24	1.478127e-05	-5.8544725	-0.029737615
378.88	1.4975239e-05	-5.8544354	-0.02961692
379.52	1.5084883e-05	-5.8544353	-0.029782539
380.16	1.5033417e-05	-5.854449	-0.029688451
380.8	1.5365865e-05	-5.8544863	-0.029690637
381.44	1.5192444e-05	-5.8544582	-0.029717835
382.08	1.5092449e-05	-5.8544676	-0.029715466
382.72	1.4909509e-05	-5.8545048	-0.029724418
383.36	1.4856794e-05	-5.8544677	-0.029653561
384	1.4941484e-05	-5.8544633	-0.029733911
384.64	1.4954845e-05	-5.8544727	-0.029670976
385.28	1.493383e-05	-5.8544818	-0.029677973
385.92	1.482517e-05	-5.8544722	-0.02966331
386.56	1.5302378e-05	-5.8545004	-0.029629328
387.2	1.511284e-05	-5.8544954	-0.029621541
387.84	1.513247e-05	-5.8544349	-0.029622634
388.48	1.5204473e-05	-5.8544863	-0.029700821
389.12	1.4892642e-05	-5.8545048	-0.029706856
389.76	1.5193121e-05	-5.85451	-0.029651466
390.4	1.4997881e-05	-5.8544913	-0.029648818
391.04	1.4913466e-05	-5.8544401	-0.029715567
391.68	1.4677759e-05	-5.8544397	-0.029634513
392.32	1.4965099e-05	-5.8544584	-0.029700941
392.96	1.49022e-05	-5.8544767	-0.029658586
393.6	1.5240866e-05	-5.8544444	-0.029598219
394.24	1.5369556e-05	-5.8545189	-0.029760506
394.88	1.4953348e-05	-5.8544861	-0.029650861
395.52	1.5011451e-05	-5.8545189	-0.029681325
396.16	1.4975181e-05	-5.8544539	-0.029714616
396.8	1.4637619e-05	-5.8544444	-0.029681223
397.44	1.4898781e-05	-5.8544679	-0.029703625
398.08	1.4870564e-05	-5.8545096	-0.029675133
398.72	1.5094444e-05	-5.8544631	-0.029757989
399.36	1.5039319e-05	-5.8544908	-0.02973861
400	1.5027344e-05	-5.8544442	-0.029715639
400.64	1.4965699e-05	-5.8544767	-0.029661224
401.28	1.5154052e-05	-5.854491	-0.029749803
401.92	1.4793211e-05	-5.8544861	-0.029669612
402.56	1.5057902e-05	-5.8544634	-0.029691958
403.2	1.4936988e-05	-5.8545145	-0.029671257
403.84	1.4556465e-05	-5.8544815	-0.029611716
404.48	1.4841836e-05	-5.8545003	-0.029703032
405.12	1.4991957e-05	-5.8544676	-0.02958614
405.76	1.4941862e-05	-5.8544535	-0.029703772
406.4	1.4996697e-05	-5.8545279	-0.029740131
407.04	1.4882954e-05	-5.8545371	-0.029619628
407.68	1.5015258e-05	-5.8544955	-0.029597021
408.32	1.5015645e-05	-5.8545422	-0.029674649
408.96	1.4756804e-05	-5.8545003	-0.029739459
409.6	1.490945e-05	-5.8545051	-0.029686662
410.24	1.4625013e-05	-5.8545002	-0.02958645
410.88	1.5093582e-05	-5.854547	-0.029662807
411.52	1.4749049e-05	-5.8544906	-0.029681235
412.16	1.5090207e-05	-5.8544676	-0.029713697
412.8	1.506087e-05	-5.8545	-0.029615033
413.44	1.533883e-05	-5.8544817	-0.029639771
414.08	1.4858632e-05	-5.8545047	-0.029740763
414.72	1.4821868e-05	-5.8545048	-0.029670064
415.36	1.488443e-05	-5.854519	-0.029672772
416	1.4956419e-05	-5.8545099	-0.029711201
416.64	1.4792564e-05	-5.854519	-0.029729679
417.28	1.4918642e-05	-5.8545003	-0.02970288
417.92	1.5165721e-05	-5.8544259	-0.02963443
418.56	1.5095161e-05	-5.854421	-0.029678898
419.2	1.5137458e-05	-5.8544489	-0.029680543
419.84	1.5242903e-05	-5.8545049	-0.02967288
420.48	1.52023e-05	-5.8544585	-0.029737327
421.12	1.4876208e-05	-5.8544863	-0.02966001
421.76	1.4767788e-05	-5.854491	-0.029772437
422.4	1.44845e-05	-5.8545373	-0.029754135
423.04	1.4422386e-05	-5.8544767	-0.029794437
423.68	1.4886569e-05	-5.8545002	-0.02982218
424.32	1.5148211e-05	-5.8545142	-0.029712108
424.96	1.5234102e-05	-5.8544723	-0.029628214
425.6	1.5072676e-05	-5.8544581	-0.029685057
426.24	1.5308269e-05	-5.8544864	-0.029649006
426.88	1.5001616e-05	-5.8544909	-0.02971612
427.52	1.5070812e-05	-5.854533	-0.029663216
428.16	1.4702796e-05	-5.854477	-0.02970864
428.8	1.4854184e-05	-5.8544493	-0.029676857
429.44	1.4855059e-05	-5.8544632	-0.029589906
430.08	1.5102098e-05	-5.8545144	-0.029808059
430.72	1.5093336e-05	-5.854477	-0.029565954
431.36	1.5408294e-05	-5.8544585	-0.029708169
432	1.4918558e-05	-5.8544626	-0.029624894
432.64	1.5033952e-05	-5.8545187	-0.029692062
433.28	1.491707e-05	-5.8545187	-0.029643013
433.92	1.4795513e-05	-5.8544863	-0.029690354
434.56	1.5015794e-05	-5.8545192	-0.029737062
435.2	1.4893638e-05	-5.8544587	-0.029660957
435.84	1.511217e-05	-5.8545006	-0.029768752
436.48	1.5021717e-05	-5.8544957	-0.029748978
437.12	1.483021e-05	-5.854472	-0.029716251
437.76	1.5131116e-05	-5.8544954	-0.02967382
438.4	1.4748139e-05	-5.8544532	-0.02964923
439.04	1.4955308e-05	-5.8544814	-0.029646308
439.68	1.5265318e-05	-5.8544958	-0.029740307
440.32	1.5023552e-05	-5.8545098	-0.02967748
440.96	1.5027152e-05	-5.8545239	-0.029701417
441.6	1.4989968e-05	-5.854482	-0.029773122
442.24	1.4840681e-05	-5.8544585	-0.029705077
442.88	1.4782973e-05	-5.8544768	-0.029694546
443.52	1.4982808e-05	-5.8544163	-0.029699615
444.16	1.5012751e-05	-5.8544999	-0.029622062
444.8	1.5073395e-05	-5.8545233	-0.029735611
445.44	1.5042095e-05	-5.8545001	-0.029700914
446.08	1.5201112e-05	-5.8545005	-0.029742777
446.72	1.4780599e-05	-5.8544398	-0.029643522
447.36	1.4549598e-05	-5.8544955	-0.029665489
448	1.4723423e-05	-5.854491	-0.029658918
448.64	1.4617085e-05	-5.8544722	-0.029705974
449.28	1.4890303e-05	-5.854528	-0.029651943
449.92	1.5162807e-05	-5.8545095	-0.029697399
450.56	1.5309995e-05	-5.8545002	-0.02973006
451.2	1.5129031e-05	-5.8544954	-0.029659047
451.84	1.541628e-05	-5.8544865	-0.02964062
452.48	1.4982602e-05	-5.854491	-0.029604893
453.12	1.4917426e-05	-5.8544865	-0.029713046
453.76	1.4503095e-05	-5.8544909	-0.029745908
454.4	1.4722172e-05	-5.8544957	-0.029665585
455.04	1.4808349e-05	-5.8545049	-0.029715762
455.68	1.4756009e-05	-5.8545046	-0.029666715
456.32	1.5188372e-05	-5.8544862	-0.029658386
456.96	1.5529736e-05	-5.8544353	-0.029683006
457.6	1.5053255e-05	-5.8544721	-0.029705258
458.24	1.5087774e-05	-5.854463	-0.029712345
458.88	1.4882388e-05	-5.8544351	-0.029696981
459.52	1.4939059e-05	-5.8544586	-0.029755944
460.16	1.4872737e-05	-5.8544587	-0.02975314
460.8	1.4645153e-05	-5.8544724	-0.029676693
461.44	1.478652e-05	-5.8544583	-0.029696849
462.08	1.4853443e-05	-5.8544675	-0.029642018
462.72	1.5302373e-05	-5.854463	-0.029695368
463.36	1.5313193e-05	-5.854449	-0.029650732
464	1.5224185e-05	-5.8544816	-0.029701612
464.64	1.5019963e-05	-5.8544723	-0.029645688
465.28	1.5200005e-05	-5.8545052	-0.029618365
465.92	1.4835169e-05	-5.85444	-0.029705253
466.56	1.4780557e-05	-5.8544307	-0.02966874
467.2	1.4655304e-05	-5.8544631	-0.02960348
467.84	1.4950737e-05	-5.8545515	-0.029652737
468.48	1.5027984e-05	-5.8545002	-0.029700361
469.12	1.5241085e-05	-5.8545234	-0.029699932
469.76	1.5212187e-05	-5.8544954	-0.029641342
470.4	1.5274798e-05	-5.854477	-0.029676932
471.04	1.4919945e-05	-5.8544489	-0.029648567
471.68	1.4827334e-05	-5.854491	-0.029697168
472.32	1.4795085e-05	-5.8544818	-0.029627772
472.96	1.4576763e-05	-5.8545096	-0.029589753
473.6	1.4905339e-05	-5.85444	-0.029665965
474.24	1.5128577e-05	-5.854454	-0.029702295
474.88	1.5127677e-05	-5.854477	-0.02963001
475.52	1.5066012e-05	-5.8545139	-0.02974804
476.16	1.5050743e-05	-5.854486	-0.029681243
476.8	1.5104054e-05	-5.8544954	-0.029738062
477.44	1.4994926e-05	-5.8544816	-0.02970197
478.08	1.4975305e-05	-5.8544865	-0.029734122
478.72	1.4605287e-05	-5.8544817	-0.029627908
479.36	1.5031568e-05	-5.8544216	-0.029683749
480	1.4939273e-05	-5.8544493	-0.02969715
480.64	1.5049861e-05	-5.8544724	-0.029689743
481.28	1.5097936e-05	-5.854435	-0.029669648
481.92	1.4817927e-05	-5.8544904	-0.029736164
482.56	1.5220705e-05	-5.8544954	-0.029699165
483.2	1.516553e-05	-5.8545188	-0.029673755
483.84	1.4808964e-05	-5.8545187	-0.029724791
484.48	1.4627396e-05	-5.8544397	-0.029839584
485.12	1.4773189e-05	-5.8544911	-0.029666894
485.76	1.4893337e-05	-5.8544959	-0.029731706
486.4	1.4932754e-05	-5.8544586	-0.029638397
487.04	1.5112914e-05	-5.8544864	-0.029700409
487.68	1.5269516e-05	-5.8545654	-0.029670555
488.32	1.4896404e-05	-5.8544626	-0.029661021
488.96	1.5279642e-05	-5.8544769	-0.029668447
489.6	1.5126213e-05	-5.8544537	-0.029693781
490.24	1.495543e-05	-5.8544724	-0.02968315
490.88	1.4833943e-05	-5.8544353	-0.029632628
491.52	1.4812097e-05	-5.8544865	-0.029719816
492.16	1.4593123e-05	-5.8545468	-0.029706329
492.8	1.4692253e-05	-5.8544909	-0.029728611
493.44	1.4875067e-05	-5.8545001	-0.029739877
494.08	1.5081834e-05	-5.8544163	-0.029652956
494.72	1.5055225e-05	-5.8544394	-0.029657975
495.36	1.5172716e-05	-5.8545326	-0.029736648
496	1.5001764e-05	-5.8544954	-0.029672987
496.64	1.4857688e-05	-5.8544909	-0.02963926
497.28	1.4819122e-05	-5.854412	-0.029687472
497.92	1.4806808e-05	-5.8545144	-0.029771616
498.56	1.4719205e-05	-5.854412	-0.029679553
499.2	1.4893293e-05	-5.8544631	-0.029756367
499.84	1.516383e-05	-5.8544817	-0.029638775
