0	5.1222011e-05	-5.8428206	-0.019150063
0.64	5.1692297e-05	-5.8427649	-0.019121941
1.28	5.2602707e-05	-5.8427743	-0.019235697
1.92	5.3280136e-05	-5.8427832	-0.019069671
2.56	5.2786244e-05	-5.8427959	-0.019348504
3.2	5.3269723e-05	-5.8428891	-0.01934466
3.84	5.2609739e-05	-5.8428098	-0.019149664
4.48	5.2078481e-05	-5.8427683	-0.019193845
5.12	5.2466518e-05	-5.8428022	-0.019455858
5.76	5.2066004e-05	-5.8428398	-0.019298404
6.4	5.1422687e-05	-5.8427835	-0.01932945
7.04	5.2426433e-05	-5.8428586	-0.019310168
7.68	5.1759418e-05	-5.8427873	-0.019086565
8.32	5.222058e-05	-5.84281	-0.019263042
8.96	5.3661828e-05	-5.8428804	-0.019295763
9.6	5.416502e-05	-5.8427923	-0.019291675
10.24	5.2547484e-05	-5.8428051	-0.019430825
10.88	5.2839516e-05	-5.8428436	-0.019128436
11.52	5.2027365e-05	-5.8428485	-0.019329534
12.16	5.1817484e-05	-5.8428582	-0.019161734
12.8	5.0994931e-05	-5.8426947	-0.019144571
13.44	5.1854077e-05	-5.8427648	-0.019145778
14.08	5.2056759e-05	-5.8428292	-0.019161669
14.72	5.3042994e-05	-5.8428013	-0.019275747
15.36	5.2718882e-05	-5.8427631	-0.019204148
16	5.3852485e-05	-5.8426665	-0.019131607
16.64	5.3283325e-05	-5.8427967	-0.019192399
17.28	5.2449114e-05	-5.8428387	-0.019169336
17.92	5.2163064e-05	-5.842844	-0.019345501
18.56	5.1008892e-05	-5.8428249	-0.019289349
19.2	5.1378254e-05	-5.8427974	-0.019098394
19.84	5.116818e-05	-5.8427826	-0.019373764
20.48	5.2197036e-05	-5.8427827	-0.019240613
21.12	5.1777906e-05	-5.8428232	-0.019132545
21.76	5.3474319e-05	-5.8427546	-0.019219987
22.4	5.2480611e-05	-5.8428094	-0.01934646
23.04	5.2741751e-05	-5.8428614	-0.0191705
23.68	5.21431e-05	-5.8428246	-0.0191276
24.32	5.2146418e-05	-5.8428627	-0.019270037
24.96	5.068449e-05	-5.842806	-0.019235614
25.6	5.1584924e-05	-5.8428766	-0.019077222
26.24	5.1722303e-05	-5.842825	-0.019267618
26.88	5.269586e-05	-5.8427645	-0.019248454
27.52	5.3151346e-05	-5.8428012	-0.019247868
28.16	5.3125617e-05	-5.842796	-0.019116702
28.8	5.3136881e-05	-5.8427264	-0.01904858
29.44	5.3305254e-05	-5.842797	-0.019118864
30.08	5.2677128e-05	-5.842867	-0.019355575
30.72	5.1758347e-05	-5.842774	-0.019345323
31.36	5.2246481e-05	-5.8428401	-0.019330205
32	5.1190304e-05	-5.8427739	-0.019225073
32.64	5.2839816e-05	-5.8427794	-0.019224999
33.28	5.1846332e-05	-5.84281	-0.019322548
33.92	5.2469096e-05	-5.8427911	-0.019143023
34.56	5.2948417e-05	-5.8427633	-0.019304774
35.2	5.3261306e-05	-5.84288	-0.01920859
35.84	5.267406e-05	-5.8427778	-0.01916369
36.48	5.1386832e-05	-5.8428008	-0.019119208
37.12	5.2209804e-05	-5.8427746	-0.019277546
37.76	5.0775645e-05	-5.8428434	-0.019164111
38.4	5.1099552e-05	-5.8428202	-0.019071873
39.04	5.2000619e-05	-5.8428203	-0.019185424
39.68	5.2508482e-05	-5.8428152	-0.019183606
40.32	5.2986949e-05	-5.8428101	-0.019243997
40.96	5.3240508e-05	-5.8428147	-0.01931186
41.6	5.2865843e-05	-5.8427448	-0.019159011
42.24	5.1528565e-05	-5.8427954	-0.019217442
42.88	5.2330978e-05	-5.8427879	-0.019216455
43.52	5.2401889e-05	-5.8427749	-0.019276422
44.16	5.1881866e-05	-5.8428677	-0.019205298
44.8	5.1815029e-05	-5.8426999	-0.01918057
45.44	5.2542469e-05	-5.8428161	-0.019186708
46.08	5.2197615e-05	-5.8428102	-0.0190633
46.72	5.389012e-05	-5.8428296	-0.019311901
47.36	5.3621107e-05	-5.8427964	-0.01926828
48	5.3311461e-05	-5.8428197	-0.01911064
48.64	5.1656047e-05	-5.8427538	-0.019208212
49.28	5.2543025e-05	-5.8427464	-0.019312143
49.92	5.1984393e-05	-5.8427606	-0.019314349
50.56	5.2104862e-05	-5.8428494	-0.019201926
51.2	5.1875462e-05	-5.8428301	-0.019226995
51.84	5.2482863e-05	-5.8428112	-0.019160781
52.48	5.3433795e-05	-5.8428623	-0.019248749
53.12	5.3406415e-05	-5.8428104	-0.019305395
53.76	5.3627985e-05	-5.8428057	-0.019250358
54.4	5.3881531e-05	-5.8428297	-0.0192749
55.04	5.2819376e-05	-5.8428249	-0.019262264
55.68	5.2121509e-05	-5.8427973	-0.019167396
56.32	5.1671432e-05	-5.842765	-0.019183705
56.96	5.2051987e-05	-5.8427795	-0.019412053
57.6	5.1769313e-05	-5.8427974	-0.019182463
58.24	5.2692159e-05	-5.8428067	-0.019116804
58.88	5.1980692e-05	-5.8428049	-0.019160132
59.52	5.2865643e-05	-5.842805	-0.01922881
60.16	5.3290239e-05	-5.8428844	-0.019319767
60.8	5.2523979e-05	-5.8428052	-0.019211396
61.44	5.3401958e-05	-5.842863	-0.019241877
62.08	5.1204618e-05	-5.8428943	-0.019223047
62.72	5.2311835e-05	-5.8428356	-0.019271848
63.36	5.1185751e-05	-5.8427879	-0.019296821
64	5.1624744e-05	-5.8428017	-0.019167528
64.64	5.3265483e-05	-5.8427884	-0.019269324
65.28	5.2486995e-05	-5.842782	-0.019314583
65.92	5.3361145e-05	-5.8428241	-0.019333283
66.56	5.2520211e-05	-5.8427814	-0.019333468
67.2	5.3451572e-05	-5.842797	-0.019183602
67.84	5.3498958e-05	-5.8428632	-0.019132068
68.48	5.2717907e-05	-5.8427982	-0.019301144
69.12	5.1010775e-05	-5.842825	-0.018978543
69.76	5.235612e-05	-5.8427937	-0.019259204
70.4	5.2358352e-05	-5.8428442	-0.019214607
71.04	5.2617189e-05	-5.8427783	-0.019145233
71.68	5.3416657e-05	-5.842848	-0.019279799
72.32	5.3711628e-05	-5.84275	-0.019243136
72.96	5.3550146e-05	-5.8427965	-0.019228381
73.6	5.3708647e-05	-5.8427602	-0.019236002
74.24	5.1966521e-05	-5.8428106	-0.019276293
74.88	5.2303812e-05	-5.8428537	-0.019305297
75.52	5.1108013e-05	-5.8428251	-0.019369634
76.16	5.1782133e-05	-5.8428442	-0.019428658
76.8	5.233768e-05	-5.8428301	-0.019315327
77.44	5.2748825e-05	-5.8427923	-0.019240527
78.08	5.3725734e-05	-5.8428621	-0.019205717
78.72	5.283542e-05	-5.8428097	-0.019393555
79.36	5.2413026e-05	-5.8427815	-0.01917172
80	5.2257336e-05	-5.8427542	-0.019273417
80.64	5.271917e-05	-5.8428347	-0.019200314
81.28	5.2318664e-05	-5.8428631	-0.01927487
81.92	5.2156091e-05	-5.8428401	-0.019341077
82.56	5.1675102e-05	-5.8427836	-0.019151514
83.2	5.2385118e-05	-5.8428021	-0.019319693
83.84	5.3003787e-05	-5.8427924	-0.019157463
84.48	5.2022251e-05	-5.8428045	-0.019121067
85.12	5.3551568e-05	-5.8427638	-0.019300901
85.76	5.3124745e-05	-5.8427777	-0.019176237
86.4	5.3076723e-05	-5.842797	-0.019337625
87.04	5.151449e-05	-5.8427965	-0.019061046
87.68	5.1838894e-05	-5.8428302	-0.019245247
88.32	5.1358907e-05	-5.8428393	-0.0191439
88.96	5.2258342e-05	-5.8428398	-0.019050122
89.6	5.1849782e-05	-5.8428153	-0.019151314
90.24	5.2701376e-05	-5.8427687	-0.019227852
90.88	5.3332305e-05	-5.8427965	-0.019176598
91.52	5.285036e-05	-5.8427911	-0.019232213
92.16	5.282487e-05	-5.8428472	-0.019176161
92.8	5.1496549e-05	-5.8427537	-0.019302345
93.44	5.2211167e-05	-5.8427972	-0.019255106
94.08	5.1271936e-05	-5.842825	-0.019161081
94.72	5.1710603e-05	-5.8428071	-0.019156245
95.36	5.2730718e-05	-5.8427426	-0.018994383
96	5.1321123e-05	-5.8427078	-0.019226965
96.64	5.2677367e-05	-5.8428337	-0.019076289
97.28	5.2197505e-05	-5.8427906	-0.019321592
97.92	5.3265634e-05	-5.8428334	-0.019088358
98.56	5.2743803e-05	-5.8428007	-0.019378032
99.2	5.207674e-05	-5.8428102	-0.019171246
99.84	5.1982047e-05	-5.8427785	-0.019354875
100.48	5.1402342e-05	-5.8427693	-0.019318076
101.12	5.1315726e-05	-5.8427834	-0.019191283
101.76	5.250591e-05	-5.8428027	-0.019247797
102.4	5.2953807e-05	-5.8428442	-0.019362925
103.04	5.3321127e-05	-5.8427366	-0.019066392
103.68	5.285014e-05	-5.8428006	-0.019136923
104.32	5.3018013e-05	-5.8428099	-0.019266883
104.96	5.283658e-05	-5.8428381	-0.019366179
105.6	5.3369868e-05	-5.8428488	-0.019168063
106.24	5.2010744e-05	-5.8428159	-0.019259768
106.88	5.2004914e-05	-5.8427979	-0.019320432
107.52	5.1851258e-05	-5.8427932	-0.019196328
108.16	5.2203959e-05	-5.8427605	-0.019295749
108.8	5.2764324e-05	-5.8428532	-0.019286766
109.44	5.3374556e-05	-5.8428062	-0.019303665
110.08	5.2945916e-05	-5.842847	-0.019127845
110.72	5.2707317e-05	-5.8428142	-0.019320824
111.36	5.304152e-05	-5.8427779	-0.019152356
112	5.3086664e-05	-5.8427557	-0.019236937
112.64	5.1329588e-05	-5.8428293	-0.019284595
113.28	5.0811633e-05	-5.8428015	-0.019148095
113.92	5.1939104e-05	-5.8428723	-0.019306272
114.56	5.2130649e-05	-5.8427928	-0.019304157
115.2	5.2386328e-05	-5.8428201	-0.019152256
115.84	5.3266182e-05	-5.8428107	-0.019129298
116.48	5.2980699e-05	-5.8427959	-0.019441429
117.12	5.2295545e-05	-5.842772	-0.019130335
117.76	5.2779988e-05	-5.8427824	-0.019153502
118.4	5.2205829e-05	-5.8427409	-0.019262222
119.04	5.1337062e-05	-5.8427225	-0.019167659
119.68	5.2821392e-05	-5.8428314	-0.01923356
120.32	5.1556214e-05	-5.8428952	-0.019267508
120.96	5.2308315e-05	-5.8428115	-0.019226164
121.6	5.2496813e-05	-5.842834	-0.019220446
122.24	5.2324386e-05	-5.8428096	-0.019166062
122.88	5.3267083e-05	-5.8428054	-0.019234493
123.52	5.3390276e-05	-5.8427824	-0.019343975
124.16	5.322357e-05	-5.8427969	-0.019276791
124.8	5.2267229e-05	-5.8427598	-0.019183331
125.44	5.0716299e-05	-5.8428057	-0.019136455
126.08	5.1802616e-05	-5.8428072	-0.019348487
126.72	5.1993386e-05	-5.8428118	-0.019177516
127.36	5.2192788e-05	-5.8428252	-0.019328035
128	5.2445395e-05	-5.8427407	-0.019289728
128.64	5.3476371e-05	-5.842885	-0.01932286
129.28	5.3548392e-05	-5.842694	-0.019224241
129.92	5.2694345e-05	-5.8427958	-0.019294643
130.56	5.3023962e-05	-5.8428574	-0.019222896
131.2	5.267358e-05	-5.8428348	-0.019380927
131.84	5.2363437e-05	-5.8428586	-0.019245716
132.48	5.1573288e-05	-5.8428488	-0.019149454
133.12	5.2115815e-05	-5.8428304	-0.019280143
133.76	5.1924575e-05	-5.8427969	-0.019267975
134.4	5.3342568e-05	-5.8428158	-0.019127757
135.04	5.3356401e-05	-5.8428476	-0.019155044
135.68	5.3415947e-05	-5.8427963	-0.019212142
136.32	5.3440143e-05	-5.8427874	-0.01926521
136.96	5.1700955e-05	-5.8427586	-0.019143233
137.6	5.1977089e-05	-5.8428482	-0.019295334
138.24	5.1505309e-05	-5.8427834	-0.019276981
138.88	5.1246927e-05	-5.8428113	-0.019356703
139.52	5.1969006e-05	-5.8428581	-0.019392394
140.16	5.1618806e-05	-5.8427266	-0.019302077
140.8	5.2867474e-05	-5.842885	-0.019354837
141.44	5.3225142e-05	-5.8428288	-0.019195864
142.08	5.3438725e-05	-5.8428708	-0.019150141
142.72	5.3055546e-05	-5.8427592	-0.019079149
143.36	5.3367261e-05	-5.8427789	-0.019249368
144	5.2269493e-05	-5.8428021	-0.019073571
144.64	5.1708956e-05	-5.8427604	-0.019228008
145.28	5.2087155e-05	-5.8427842	-0.019288152
145.92	5.2193119e-05	-5.8428675	-0.019223389
146.56	5.284164e-05	-5.84283	-0.01918705
147.2	5.3070116e-05	-5.8428479	-0.019206126
147.84	5.3109532e-05	-5.8428147	-0.019359047
148.48	5.3677168e-05	-5.8428106	-0.019145457
149.12	5.3595846e-05	-5.8428064	-0.01917868
149.76	5.2695553e-05	-5.8427506	-0.019265289
150.4	5.2157845e-05	-5.8427696	-0.019238845
151.04	5.2028003e-05	-5.8427654	-0.019123406
151.68	5.1577406e-05	-5.8427836	-0.01919688
152.32	5.1346724e-05	-5.8428293	-0.019271341
152.96	5.2142191e-05	-5.842778	-0.019278695
153.6	5.2595964e-05	-5.8427543	-0.0191877
154.24	5.3302445e-05	-5.84288	-0.019285988
154.88	5.3324743e-05	-5.842801	-0.019230213
155.52	5.3317297e-05	-5.8427876	-0.019274423
156.16	5.1794633e-05	-5.8428289	-0.019288213
156.8	5.1315055e-05	-5.8428385	-0.019251178
157.44	5.2533022e-05	-5.8428682	-0.01920975
158.08	5.1149104e-05	-5.8427598	-0.019097091
158.72	5.1516709e-05	-5.8427875	-0.01927154
159.36	5.1836662e-05	-5.8427962	-0.019207367
160	5.3801025e-05	-5.8428345	-0.019198784
160.64	5.3744493e-05	-5.8427967	-0.019262227
161.28	5.3843042e-05	-5.8428109	-0.019225396
161.92	5.2876465e-05	-5.8428478	-0.019126435
162.56	5.211941e-05	-5.8428712	-0.019185923
163.2	5.1374647e-05	-5.8427736	-0.019161137
163.84	5.1081301e-05	-5.8428016	-0.019269406
164.48	5.2522871e-05	-5.8427286	-0.019413874
165.12	5.2877813e-05	-5.8428446	-0.019262442
165.76	5.2014588e-05	-5.8427405	-0.019204421
166.4	5.2259322e-05	-5.8428049	-0.019132535
167.04	5.2854277e-05	-5.8428097	-0.019239792
167.68	5.3441853e-05	-5.8428058	-0.019238647
168.32	5.2708148e-05	-5.842843	-0.019382946
168.96	5.1634793e-05	-5.8428243	-0.01926044
169.6	5.2845044e-05	-5.8427333	-0.019406895
170.24	5.1993403e-05	-5.8427701	-0.019242054
170.88	5.2223017e-05	-5.8427934	-0.019203062
171.52	5.1700003e-05	-5.8428154	-0.019233298
172.16	5.2746412e-05	-5.8427922	-0.019075742
172.8	5.3260376e-05	-5.8428011	-0.019097695
173.44	5.2319062e-05	-5.8428324	-0.019205064
174.08	5.3068514e-05	-5.8428334	-0.019190227
174.72	5.2367772e-05	-5.8427544	-0.019307046
175.36	5.1712956e-05	-5.8428338	-0.019147248
176	5.1769449e-05	-5.842751	-0.019166549
176.64	5.1746294e-05	-5.8427977	-0.019176692
177.28	5.2493156e-05	-5.842854	-0.019202593
177.92	5.1306837e-05	-5.8428009	-0.019447306
178.56	5.1736126e-05	-5.8428795	-0.019365252
179.2	5.2791564e-05	-5.8428146	-0.019156529
179.84	5.3546389e-05	-5.8428382	-0.019132095
180.48	5.2746944e-05	-5.8427913	-0.019284843
181.12	5.2864369e-05	-5.842755	-0.019109309
181.76	5.2072592e-05	-5.8427413	-0.019235396
182.4	5.2249753e-05	-5.8428167	-0.019224216
183.04	5.176895e-05	-5.842849	-0.019255576
183.68	5.132987e-05	-5.8428947	-0.01917689
184.32	5.2555607e-05	-5.8427648	-0.019326592
184.96	5.2874391e-05	-5.8428712	-0.019153702
185.6	5.4015293e-05	-5.8427924	-0.019261227
186.24	5.3042876e-05	-5.8427075	-0.019224168
186.88	5.2509198e-05	-5.8428888	-0.019278373
187.52	5.2895982e-05	-5.8427971	-0.019043185
188.16	5.1638604e-05	-5.842834	-0.01919519
188.8	5.1175763e-05	-5.8427831	-0.019297259
189.44	5.1734499e-05	-5.842835	-0.019213119
190.08	5.2554779e-05	-5.8427981	-0.0191367
190.72	5.2495426e-05	-5.8427506	-0.019103253
191.36	5.3026607e-05	-5.8428153	-0.019173463
192	5.2665926e-05	-5.8428515	-0.019394794
192.64	5.2759583e-05	-5.8427957	-0.019258356
193.28	5.3795894e-05	-5.842732	-0.019206121
193.92	5.3002757e-05	-5.8428066	-0.019242944
194.56	5.1808196e-05	-5.8428437	-0.019033704
195.2	5.1467718e-05	-5.8428162	-0.019261983
195.84	5.1819338e-05	-5.8428165	-0.019293769
196.48	5.2690761e-05	-5.8427842	-0.019244004
197.12	5.1124699e-05	-5.8428561	-0.019145971
197.76	5.2696644e-05	-5.8428194	-0.019309874
198.4	5.2151885e-05	-5.8427346	-0.019156276
199.04	5.3452548e-05	-5.8428289	-0.019255655
199.68	5.3313456e-05	-5.8427829	-0.019254071
200.32	5.2464286e-05	-5.8428481	-0.019248122
200.96	5.2692763e-05	-5.8427982	-0.019272414
201.6	5.1739204e-05	-5.8428629	-0.019320466
202.24	5.1912822e-05	-5.8428862	-0.019291393
202.88	5.2389956e-05	-5.8427605	-0.019222806
203.52	5.1464349e-05	-5.8427447	-0.019058641
204.16	5.1712766e-05	-5.8428184	-0.019322781
204.8	5.3417147e-05	-5.8427451	-0.01922263
205.44	5.3790468e-05	-5.84282	-0.019102886
206.08	5.2805933e-05	-5.8427685	-0.01923765
206.72	5.1407051e-05	-5.8427961	-0.019340963
207.36	5.1313311e-05	-5.8428713	-0.019224983
208	5.103228e-05	-5.8427366	-0.019292384
208.64	5.2387335e-05	-5.8427937	-0.019142725
209.28	5.2132807e-05	-5.8428299	-0.019269189
209.92	5.2593265e-05	-5.8427828	-0.01908867
210.56	5.3008506e-05	-5.842866	-0.019269253
211.2	5.2951507e-05	-5.842805	-0.019316054
211.84	5.2627517e-05	-5.8428282	-0.019141559
212.48	5.2679604e-05	-5.8427779	-0.019142059
213.12	5.10257e-05	-5.8428285	-0.019233927
213.76	5.2107914e-05	-5.8428071	-0.019106351
214.4	5.2878427e-05	-5.8427942	-0.019209137
215.04	5.1956596e-05	-5.8428117	-0.019212424
215.68	5.255056e-05	-5.8427557	-0.019163603
216.32	5.2366046e-05	-5.8428289	-0.019318529
216.96	5.3172611e-05	-5.8427777	-0.019178357
217.6	5.269752e-05	-5.8427676	-0.019210083
218.24	5.331018e-05	-5.8427965	-0.019293633
218.88	5.2013116e-05	-5.8427868	-0.019193316
219.52	5.1248395e-05	-5.8427172	-0.019291304
220.16	5.2361847e-05	-5.8428679	-0.019186937
220.8	5.1858022e-05	-5.8428955	-0.019259957
221.44	5.2840421e-05	-5.8428683	-0.019284222
222.08	5.2801721e-05	-5.8427837	-0.019160186
222.72	5.2577369e-05	-5.8427779	-0.019216193
223.36	5.3497635e-05	-5.8427733	-0.019211249
224	5.3342404e-05	-5.8427962	-0.01923588
224.64	5.3161138e-05	-5.8427965	-0.019218991
225.28	5.2049058e-05	-5.8428008	-0.019116244
225.92	5.2980905e-05	-5.8427795	-0.019184988
226.56	5.1643971e-05	-5.8428393	-0.019208004
227.2	5.1773154e-05	-5.8427605	-0.019200944
227.84	5.2162613e-05	-5.8428117	-0.019325509
228.48	5.2177857e-05	-5.8428714	-0.019340674
229.12	5.2894931e-05	-5.8429269	-0.019320245
229.76	5.294444e-05	-5.8427821	-0.019281759
230.4	5.3196779e-05	-5.8427914	-0.019244502
231.04	5.4308248e-05	-5.842793	-0.019216286
231.68	5.2730213e-05	-5.8427737	-0.019143754
232.32	5.2291763e-05	-5.8428208	-0.019126941
232.96	5.1702246e-05	-5.8428069	-0.019220129
233.6	5.2176664e-05	-5.8427424	-0.019280534
234.24	5.2414928e-05	-5.842863	-0.01918731
234.88	5.1815813e-05	-5.8428104	-0.019324119
235.52	5.3825315e-05	-5.84283	-0.019131016
236.16	5.2967555e-05	-5.8428239	-0.019378375
236.8	5.2556771e-05	-5.8428187	-0.019301712
237.44	5.3274548e-05	-5.8428386	-0.01933919
238.08	5.1416493e-05	-5.8428796	-0.01918
238.72	5.1482976e-05	-5.8428341	-0.019107571
239.36	5.1932871e-05	-5.8428444	-0.019181692
240	5.0608298e-05	-5.842778	-0.019299925
240.64	5.2148378e-05	-5.842844	-0.019225463
241.28	5.2480124e-05	-5.8427783	-0.019204123
241.92	5.2891301e-05	-5.8427732	-0.019346082
242.56	5.2815334e-05	-5.8428516	-0.01918975
243.2	5.258913e-05	-5.8428466	-0.019153049
243.84	5.2773963e-05	-5.8427963	-0.019101703
244.48	5.1856313e-05	-5.8428476	-0.019226999
245.12	5.2820218e-05	-5.8427797	-0.01934458
245.76	5.2080937e-05	-5.8427749	-0.019299694
246.4	5.2251169e-05	-5.8428028	-0.019020914
247.04	5.2038457e-05	-5.842788	-0.019141506
247.68	5.203292e-05	-5.8428103	-0.019074678
248.32	5.3088548e-05	-5.8428151	-0.019307831
248.96	5.3086386e-05	-5.8427448	-0.019365749
249.6	5.3413332e-05	-5.8428801	-0.019229075
250.24	5.318654e-05	-5.8427782	-0.01927987
250.88	5.2483923e-05	-5.8428064	-0.019332114
251.52	5.1558536e-05	-5.842853	-0.019172386
252.16	5.2256821e-05	-5.8427751	-0.01916637
252.8	5.0782236e-05	-5.8428618	-0.019310783
253.44	5.3160986e-05	-5.8428216	-0.019258472
254.08	5.258001e-05	-5.84282	-0.019234369
254.72	5.3200509e-05	-5.8427686	-0.019113031
255.36	5.2973997e-05	-5.8427772	-0.01928029
256	5.23142e-05	-5.8427675	-0.01928167
256.64	5.3664868e-05	-5.8428486	-0.019252319
257.28	5.2862114e-05	-5.8427651	-0.019146968
257.92	5.1797998e-05	-5.8428534	-0.019328963
258.56	5.2151868e-05	-5.8428308	-0.019331291
259.2	5.1290865e-05	-5.8427971	-0.019221766
259.84	5.2104808e-05	-5.8428669	-0.019159291
260.48	5.2813015e-05	-5.8427595	-0.019202011
261.12	5.2798551e-05	-5.8428099	-0.019347775
261.76	5.2399472e-05	-5.8428	-0.019314884
262.4	5.2518057e-05	-5.8428469	-0.019375946
263.04	5.2257158e-05	-5.8427916	-0.019124708
263.68	5.1831504e-05	-5.8428619	-0.019168633
264.32	5.1762241e-05	-5.8427417	-0.019218742
264.96	5.0909672e-05	-5.8428295	-0.019226047
265.6	5.2102215e-05	-5.8428351	-0.019284133
266.24	5.2021206e-05	-5.8427783	-0.019198708
266.88	5.3217819e-05	-5.8428483	-0.019289402
267.52	5.3488059e-05	-5.842843	-0.019352207
268.16	5.349464e-05	-5.8428009	-0.019309976
268.8	5.2734165e-05	-5.8428471	-0.019227105
269.44	5.2691294e-05	-5.8428154	-0.019211155
270.08	5.2665615e-05	-5.842756	-0.019141023
270.72	5.1816629e-05	-5.8427559	-0.019240272
271.36	5.1626486e-05	-5.8427373	-0.019209268
272	5.1052881e-05	-5.8427874	-0.019176577
272.64	5.2205233e-05	-5.8427736	-0.019205053
273.28	5.2283907e-05	-5.8428052	-0.01921285
273.92	5.3181561e-05	-5.8427915	-0.019156652
274.56	5.3670435e-05	-5.8428059	-0.019313824
275.2	5.2019617e-05	-5.8428513	-0.019276733
275.84	5.3551383e-05	-5.8427886	-0.019156866
276.48	5.2650076e-05	-5.8427979	-0.019218299
277.12	5.1704077e-05	-5.8427558	-0.019242964
277.76	5.1266606e-05	-5.8428019	-0.019157284
278.4	5.1155938e-05	-5.8428711	-0.019190201
279.04	5.2382971e-05	-5.8427876	-0.019262457
279.68	5.3285997e-05	-5.842769	-0.019079596
280.32	5.2513724e-05	-5.8428838	-0.019202996
280.96	5.3553786e-05	-5.8427918	-0.019188664
281.6	5.3352392e-05	-5.8427503	-0.019322527
282.24	5.2279848e-05	-5.842741	-0.019230307
282.88	5.1868229e-05	-5.8427786	-0.019244174
283.52	5.1579886e-05	-5.8427789	-0.01914451
284.16	5.1724027e-05	-5.8427976	-0.019167783
284.8	5.218938e-05	-5.8428348	-0.019183204
285.44	5.2544501e-05	-5.8428295	-0.019132152
286.08	5.3180294e-05	-5.842792	-0.01924219
286.72	5.3250495e-05	-5.8428055	-0.019106728
287.36	5.4143563e-05	-5.8428623	-0.019327848
288	5.2857968e-05	-5.8428198	-0.01923858
288.64	5.2082418e-05	-5.8428106	-0.01929369
289.28	5.1590802e-05	-5.8428482	-0.01919452
289.92	5.1658188e-05	-5.8427743	-0.01917481
290.56	5.1166396e-05	-5.8428064	-0.019238452
291.2	5.2530324e-05	-5.8428025	-0.019115445
291.84	5.2064044e-05	-5.8428709	-0.019365603
292.48	5.3278017e-05	-5.8427967	-0.019230736
293.12	5.3124135e-05	-5.8427914	-0.019143181
293.76	5.3186143e-05	-5.8427217	-0.019265696
294.4	5.3358772e-05	-5.8427412	-0.019175261
295.04	5.2515969e-05	-5.84276	-0.019263734
295.68	5.1448377e-05	-5.8428762	-0.01921806
296.32	5.1891714e-05	-5.8428817	-0.019265661
296.96	5.1950672e-05	-5.8428675	-0.019226549
297.6	5.2283387e-05	-5.8429229	-0.019268494
298.24	5.350867e-05	-5.842779	-0.019051354
298.88	5.272621e-05	-5.8427309	-0.019300468
299.52	5.3084507e-05	-5.8427867	-0.019197598
300.16	5.2920265e-05	-5.84281	-0.019264312
300.8	5.3275221e-05	-5.8428623	-0.019186532
301.44	5.2420153e-05	-5.8426857	-0.019224135
302.08	5.124804e-05	-5.8427923	-0.019360366
302.72	5.1627142e-05	-5.8428906	-0.019266565
303.36	5.2022473e-05	-5.8427512	-0.019370122
304	5.1711271e-05	-5.8427827	-0.019265284
304.64	5.2653769e-05	-5.8428292	-0.019167053
305.28	5.3342166e-05	-5.8428013	-0.019238272
305.92	5.2742732e-05	-5.8428283	-0.019366982
306.56	5.3145315e-05	-5.8427592	-0.019385376
307.2	5.1992759e-05	-5.8428472	-0.019189245
307.84	5.2180092e-05	-5.8428808	-0.019460635
308.48	5.2110054e-05	-5.8428304	-0.019309962
309.12	5.1005266e-05	-5.8427877	-0.019142703
309.76	5.1994949e-05	-5.8427744	-0.019335855
310.4	5.2617306e-05	-5.8427509	-0.019265504
311.04	5.2081197e-05	-5.8428006	-0.019146053
311.68	5.3097401e-05	-5.8428381	-0.01927394
312.32	5.3380788e-05	-5.8428475	-0.019080674
312.96	5.3504548e-05	-5.8427689	-0.019189565
313.6	5.2968015e-05	-5.8427924	-0.019374543
314.24	5.2298449e-05	-5.8428485	-0.019071354
314.88	5.13824e-05	-5.8428391	-0.019277817
315.52	5.1111205e-05	-5.8428158	-0.019234948
316.16	5.2271407e-05	-5.8427699	-0.019257113
316.8	5.2673807e-05	-5.8428346	-0.019226252
317.44	5.2064674e-05	-5.8428562	-0.019189319
318.08	5.279345e-05	-5.8427958	-0.019333517
318.72	5.2437341e-05	-5.8428	-0.019085508
319.36	5.2568406e-05	-5.8427635	-0.019288019
320	5.3263203e-05	-5.8427093	-0.01914523
320.64	5.2816854e-05	-5.8427516	-0.019196952
321.28	5.113972e-05	-5.8428249	-0.019206695
321.92	5.1813642e-05	-5.8427838	-0.019111448
322.56	5.226738e-05	-5.8429233	-0.019141558
323.2	5.2550112e-05	-5.8428482	-0.019182916
323.84	5.3730293e-05	-5.842881	-0.019119133
324.48	5.2471055e-05	-5.8427816	-0.01933558
325.12	5.199007e-05	-5.8428044	-0.019295294
325.76	5.3497383e-05	-5.8428296	-0.019213423
326.4	5.2946684e-05	-5.8428579	-0.019205371
327.04	5.209926e-05	-5.8428207	-0.019266643
327.68	5.2303034e-05	-5.8427842	-0.019261116
328.32	5.2277653e-05	-5.8428214	-0.01921557
328.96	5.2672388e-05	-5.8428399	-0.019169934
329.6	5.285835e-05	-5.8427182	-0.019281632
330.24	5.3088819e-05	-5.8427175	-0.019242751
330.88	5.2833479e-05	-5.8428191	-0.019088286
331.52	5.3398475e-05	-5.8428336	-0.019216848
332.16	5.3395298e-05	-5.8428482	-0.019176982
332.8	5.2424236e-05	-5.8428342	-0.01916991
333.44	5.2487761e-05	-5.842863	-0.019242212
334.08	5.1968187e-05	-5.8427374	-0.019305738
334.72	5.153977e-05	-5.84283	-0.019294406
335.36	5.2419552e-05	-5.8428907	-0.019351571
336	5.3474361e-05	-5.8427699	-0.019158782
336.64	5.2106156e-05	-5.8427676	-0.01920907
337.28	5.3827472e-05	-5.8428339	-0.019164512
337.92	5.2816211e-05	-5.8428563	-0.019246809
338.56	5.1838894e-05	-5.8427863	-0.019199995
339.2	5.1866694e-05	-5.8428385	-0.019344484
339.84	5.1858774e-05	-5.84283	-0.019234893
340.48	5.1219543e-05	-5.8428112	-0.019225887
341.12	5.136265e-05	-5.8428112	-0.019292785
341.76	5.219363e-05	-5.8427555	-0.019350179
342.4	5.1997991e-05	-5.8427636	-0.019255384
343.04	5.2661111e-05	-5.8428237	-0.019316949
343.68	5.2844413e-05	-5.8428003	-0.019155795
344.32	5.2387185e-05	-5.8428234	-0.019161223
344.96	5.3254736e-05	-5.8427879	-0.019223881
345.6	5.1498805e-05	-5.8428151	-0.019274026
346.24	5.1800852e-05	-5.842844	-0.019377505
346.88	5.1506443e-05	-5.8427928	-0.019236524
347.52	5.1108524e-05	-5.8428479	-0.019099454
348.16	5.2225443e-05	-5.8427646	-0.019265277
348.8	5.2924859e-05	-5.8427644	-0.01926759
349.44	5.2873634e-05	-5.8428798	-0.019318743
350.08	5.2627091e-05	-5.8427909	-0.0193678
350.72	5.2029802e-05	-5.8427999	-0.019272047
351.36	5.3215151e-05	-5.842774	-0.019233551
352	5.1963397e-05	-5.8428156	-0.019228589
352.64	5.2260858e-05	-5.8427283	-0.019176978
353.28	5.173984e-05	-5.8428303	-0.019170531
353.92	5.1620657e-05	-5.8427927	-0.01919204
354.56	5.1993174e-05	-5.8428247	-0.019108373
355.2	5.2071003e-05	-5.8428657	-0.019241772
355.84	5.2744321e-05	-5.8428284	-0.019070352
356.48	5.321471e-05	-5.8428937	-0.019067207
357.12	5.2578343e-05	-5.8427726	-0.019199983
357.76	5.2956436e-05	-5.8428158	-0.019137776
358.4	5.2201318e-05	-5.8427927	-0.01917322
359.04	5.2122393e-05	-5.8427189	-0.019142777
359.68	5.2325634e-05	-5.8427518	-0.019220055
360.32	5.2033317e-05	-5.8427836	-0.019017258
360.96	5.2538097e-05	-5.8428483	-0.019305151
361.6	5.2907089e-05	-5.8428292	-0.019305278
362.24	5.2922036e-05	-5.8428425	-0.019127636
362.88	5.2439561e-05	-5.8428139	-0.019278175
363.52	5.2998206e-05	-5.8428057	-0.019412899
364.16	5.228194e-05	-5.8428339	-0.01930617
364.8	5.1464778e-05	-5.8428247	-0.019224514
365.44	5.1851909e-05	-5.8428583	-0.019153192
366.08	5.1047807e-05	-5.8428296	-0.01926604
366.72	5.2401286e-05	-5.8427652	-0.019256895
367.36	5.2685802e-05	-5.8428297	-0.019322728
368	5.2970795e-05	-5.8428105	-0.019238467
368.64	5.2590548e-05	-5.8427816	-0.01907588
369.28	5.2063849e-05	-5.8427811	-0.019329482
369.92	5.2845938e-05	-5.8427638	-0.01927173
370.56	5.2770991e-05	-5.8428205	-0.019235353
371.2	5.1514637e-05	-5.8427737	-0.019196937
371.84	5.1947513e-05	-5.8427886	-0.019215653
372.48	5.2373812e-05	-5.8428448	-0.019306981
373.12	5.2479817e-05	-5.8428117	-0.019287533
373.76	5.349292e-05	-5.8427234	-0.019270019
374.4	5.2999061e-05	-5.8428151	-0.019259844
375.04	5.2277402e-05	-5.8428139	-0.019259461
375.68	5.2033642e-05	-5.8428881	-0.019170878
376.32	5.2351755e-05	-5.8428472	-0.019255814
376.96	5.2526256e-05	-5.8427646	-0.019263538
377.6	5.1738303e-05	-5.8429088	-0.0190874
378.24	5.1887918e-05	-5.8427095	-0.019104561
378.88	5.2024435e-05	-5.8428072	-0.019294965
379.52	5.1160292e-05	-5.8427313	-0.019183445
380.16	5.3061249e-05	-5.8428252	-0.019357486
380.8	5.2518438e-05	-5.8428145	-0.019249499
381.44	5.341546e-05	-5.8427917	-0.019283
382.08	5.3226279e-05	-5.8428335	-0.019246193
382.72	5.1600454e-05	-5.8428558	-0.019197351
383.36	5.1815492e-05	-5.8428431	-0.019341564
384	5.1974914e-05	-5.8428255	-0.019327461
384.64	5.1259659e-05	-5.8428484	-0.019232393
385.28	5.1871572e-05	-5.8427558	-0.019060313
385.92	5.2666243e-05	-5.8427419	-0.019131407
386.56	5.2978088e-05	-5.8427877	-0.019143661
387.2	5.3255974e-05	-5.8427733	-0.019362213
387.84	5.3036654e-05	-5.8427541	-0.019150937
388.48	5.3696409e-05	-5.8426992	-0.019222821
389.12	5.3358547e-05	-5.8427043	-0.019164484
389.76	5.3307336e-05	-5.8427935	-0.019229244
390.4	5.1256603e-05	-5.8428481	-0.019122184
391.04	5.1309079e-05	-5.84276	-0.019138838
391.68	5.243478e-05	-5.8427563	-0.019331839
392.32	5.2007389e-05	-5.8428063	-0.019195655
392.96	5.1940026e-05	-5.8427774	-0.019282278
393.6	5.2392032e-05	-5.8427584	-0.019199723
394.24	5.336615e-05	-5.8428242	-0.019209259
394.88	5.3104806e-05	-5.8428475	-0.019457266
395.52	5.2195313e-05	-5.842852	-0.019145037
396.16	5.2935678e-05	-5.8427978	-0.019261736
396.8	5.2360239e-05	-5.8427655	-0.019232151
397.44	5.1999479e-05	-5.8428585	-0.019267264
398.08	5.1242558e-05	-5.8427877	-0.019379748
398.72	5.2355428e-05	-5.8427415	-0.019158684
399.36	5.2368829e-05	-5.8427777	-0.019270371
400	5.298116e-05	-5.8427775	-0.019395517
400.64	5.3727452e-05	-5.8427035	-0.019158326
401.28	5.3407936e-05	-5.8427688	-0.019292877
401.92	5.2680167e-05	-5.8429131	-0.019163397
402.56	5.194863e-05	-5.8427831	-0.019259887
403.2	5.1504982e-05	-5.842802	-0.019327897
403.84	5.1159309e-05	-5.8427972	-0.01923915
404.48	5.1923844e-05	-5.8428812	-0.019144738
405.12	5.1798628e-05	-5.8427919	-0.019334881
405.76	5.2413275e-05	-5.8427961	-0.019239516
406.4	5.3153078e-05	-5.8428195	-0.019215486
407.04	5.3727617e-05	-5.8428431	-0.019148654
407.68	5.3557918e-05	-5.8428342	-0.01932138
408.32	5.2675118e-05	-5.842797	-0.019267341
408.96	5.1218132e-05	-5.8427454	-0.019271773
409.6	5.1921449e-05	-5.8427792	-0.019257591
410.24	5.1696384e-05	-5.8427743	-0.019256247
410.88	5.2029785e-05	-5.8428207	-0.019265663
411.52	5.1858723e-05	-5.8427871	-0.019163947
412.16	5.3160189e-05	-5.8427829	-0.019274895
412.8	5.2545032e-05	-5.8427863	-0.019169981
413.44	5.3333e-05	-5.8428661	-0.019127625
414.08	5.2637343e-05	-5.8427915	-0.019282528
414.72	5.165964e-05	-5.8427915	-0.019040671
415.36	5.2245508e-05	-5.8428581	-0.019324543
416	5.1457139e-05	-5.84283	-0.019149431
416.64	5.2770068e-05	-5.8428452	-0.019256059
417.28	5.2159996e-05	-5.8427742	-0.019366869
417.92	5.2738614e-05	-5.8427552	-0.019253066
418.56	5.2711778e-05	-5.8427869	-0.019188991
419.2	5.3841332e-05	-5.8428061	-0.019142433
419.84	5.3149676e-05	-5.8428381	-0.019178284
420.48	5.343138e-05	-5.8428157	-0.01915468
421.12	5.2818669e-05	-5.8428114	-0.019193671
421.76	5.1651811e-05	-5.8428111	-0.019248987
422.4	5.2416399e-05	-5.8428682	-0.01932397
423.04	5.2154751e-05	-5.8427561	-0.019233219
423.68	5.2132773e-05	-5.8428019	-0.019204585
424.32	5.3433718e-05	-5.8428581	-0.019467995
424.96	5.3388967e-05	-5.8428014	-0.019078305
425.6	5.2629421e-05	-5.8428281	-0.019113542
426.24	5.3016084e-05	-5.8428008	-0.019285459
426.88	5.3469375e-05	-5.8428298	-0.01912992
427.52	5.3480302e-05	-5.8427843	-0.019340027
428.16	5.1869037e-05	-5.8428487	-0.019288718
428.8	5.0541476e-05	-5.8428105	-0.019352632
429.44	5.2076878e-05	-5.8428117	-0.01920686
430.08	5.1278811e-05	-5.8427078	-0.019189213
430.72	5.2253786e-05	-5.8428195	-0.019351912
431.36	5.4287741e-05	-5.8428208	-0.019107725
432	5.3490519e-05	-5.842843	-0.019285327
432.64	5.2350798e-05	-5.8428887	-0.019212475
433.28	5.2937415e-05	-5.8427877	-0.019159218
433.92	5.2141417e-05	-5.8427738	-0.019303009
434.56	5.131538e-05	-5.8427505	-0.019081879
435.2	5.1027513e-05	-5.8427737	-0.019262839
435.84	5.2620997e-05	-5.8428586	-0.019343559
436.48	5.182432e-05	-5.842899	-0.019225565
437.12	5.259319e-05	-5.8428291	-0.019032154
437.76	5.2976948e-05	-5.842773	-0.019124228
438.4	5.3689296e-05	-5.8427641	-0.019293681
439.04	5.2381119e-05	-5.8428423	-0.019267041
439.68	5.2575803e-05	-5.8427734	-0.019301071
440.32	5.2053042e-05	-5.8427505	-0.019193492
440.96	5.1983918e-05	-5.842807	-0.019301566
441.6	5.1449808e-05	-5.8428021	-0.019271645
442.24	5.1936033e-05	-5.8427975	-0.019224038
442.88	5.2841746e-05	-5.8427929	-0.01914734
443.52	5.263572e-05	-5.8428197	-0.019310447
444.16	5.2612039e-05	-5.8428423	-0.019179997
444.8	5.3457081e-05	-5.842815	-0.019180495
445.44	5.2458858e-05	-5.842754	-0.019112168
446.08	5.2636194e-05	-5.8428249	-0.019346887
446.72	5.1090225e-05	-5.842787	-0.019157704
447.36	5.1163481e-05	-5.8428016	-0.019276365
448	5.173701e-05	-5.8428348	-0.019361904
448.64	5.2068692e-05	-5.8428115	-0.019370076
449.28	5.1779454e-05	-5.8427592	-0.019138577
449.92	5.320803e-05	-5.8427689	-0.019101385
450.56	5.2861891e-05	-5.8428517	-0.0192983
451.2	5.3704417e-05	-5.8427967	-0.019266332
451.84	5.2972027e-05	-5.8427872	-0.019305231
452.48	5.2253417e-05	-5.8428246	-0.019132316
453.12	5.1871502e-05	-5.8428158	-0.019245448
453.76	5.1587765e-05	-5.8428114	-0.019400146
454.4	5.2095356e-05	-5.8428026	-0.019296145
455.04	5.1657527e-05	-5.8428202	-0.019291378
455.68	5.1544332e-05	-5.8428844	-0.019297778
456.32	5.3675424e-05	-5.8428019	-0.019221768
456.96	5.2367024e-05	-5.8428094	-0.019220393
457.6	5.3333655e-05	-5.8427638	-0.019182461
458.24	5.2693353e-05	-5.8427824	-0.019186473
458.88	5.2410308e-05	-5.8427412	-0.019189218
459.52	5.2373192e-05	-5.8427467	-0.019309557
460.16	5.2073304e-05	-5.8428026	-0.019161554
460.8	5.1779233e-05	-5.8428441	-0.019124749
461.44	5.2393492e-05	-5.8428487	-0.019199806
462.08	5.1455285e-05	-5.8428888	-0.019246091
462.72	5.2839115e-05	-5.8427405	-0.019168275
463.36	5.3013521e-05	-5.8428611	-0.019041879
464	5.360592e-05	-5.8428432	-0.019209175
464.64	5.2463869e-05	-5.8428195	-0.019222829
465.28	5.2919752e-05	-5.8428162	-0.019213728
465.92	5.1909507e-05	-5.8427789	-0.019096185
466.56	5.2712693e-05	-5.8428499	-0.019211271
467.2	5.168036e-05	-5.8427743	-0.019201555
467.84	5.2592907e-05	-5.842807	-0.019129349
468.48	5.325211e-05	-5.8427927	-0.019327024
469.12	5.3110031e-05	-5.8427731	-0.019245907
469.76	5.2692502e-05	-5.842763	-0.019226406
470.4	5.3131114e-05	-5.8428661	-0.019207039
471.04	5.2267798e-05	-5.842852	-0.019375843
471.68	5.2908698e-05	-5.8428815	-0.019193019
472.32	5.1127741e-05	-5.8428294	-0.019288395
472.96	5.1915478e-05	-5.8428444	-0.019234271
473.6	5.168306e-05	-5.8428299	-0.019233833
474.24	5.2481212e-05	-5.8427835	-0.01920126
474.88	5.2903353e-05	-5.8428109	-0.019350035
475.52	5.2662346e-05	-5.8427773	-0.019046607
476.16	5.3625563e-05	-5.8427919	-0.019259362
476.8	5.3000214e-05	-5.8427963	-0.019255467
477.44	5.2681359e-05	-5.8428014	-0.019234229
478.08	5.2488278e-05	-5.8428114	-0.019172196
478.72	5.2565802e-05	-5.8427843	-0.019218748
479.36	5.1951222e-05	-5.8428072	-0.019296613
480	5.1602823e-05	-5.8428065	-0.019202259
480.64	5.1682719e-05	-5.8428755	-0.019194357
481.28	5.257093e-05	-5.8427965	-0.019213643
481.92	5.3813454e-05	-5.8428063	-0.019216279
482.56	5.3311311e-05	-5.8428149	-0.019253883
483.2	5.2579346e-05	-5.8428238	-0.019206612
483.84	5.2558833e-05	-5.842792	-0.019191132
484.48	5.1719349e-05	-5.8427782	-0.019265411
485.12	5.1934747e-05	-5.8427838	-0.019215462
485.76	5.1654017e-05	-5.8428581	-0.019194823
486.4	5.183511e-05	-5.8428764	-0.019269013
487.04	5.2342272e-05	-5.8427458	-0.019281942
487.68	5.2598326e-05	-5.8427824	-0.018974457
488.32	5.3623541e-05	-5.8428013	-0.01923219
488.96	5.2072956e-05	-5.842823	-0.019355621
489.6	5.2986157e-05	-5.8427686	-0.019213598
490.24	5.2076159e-05	-5.8427872	-0.019288254
490.88	5.175551e-05	-5.8427924	-0.019213936
491.52	5.1099096e-05	-5.8428388	-0.019207309
492.16	5.2169794e-05	-5.8428353	-0.019267152
492.8	5.2019525e-05	-5.8428207	-0.019292294
493.44	5.2148585e-05	-5.8428385	-0.019423585
494.08	5.2903909e-05	-5.8427965	-0.019126627
494.72	5.3455614e-05	-5.8427918	-0.019226627
495.36	5.3034387e-05	-5.8427589	-0.019212561
496	5.2891795e-05	-5.8427593	-0.019219759
496.64	5.2965661e-05	-5.8427649	-0.019107718
497.28	5.1180304e-05	-5.8428803	-0.019179012
497.92	5.124965e-05	-5.8427784	-0.019251684
498.56	5.2056448e-05	-5.8427373	-0.019152734
499.2	5.1940884e-05	-5.8427833	-0.019112725
499.84	5.1057882e-05	-5.8427769	-0.019190343
