0	7.3307808e-06	-5.8436093	-0.0052823441
0.64	7.3159695e-06	-5.8436046	-0.0052415745
1.28	7.5092116e-06	-5.8435814	-0.0052572975
1.92	7.4932202e-06	-5.8436231	-0.0051566507
2.56	7.5813525e-06	-5.8436185	-0.0052743477
3.2	7.6701338e-06	-5.8435813	-0.0052304947
3.84	7.625723e-06	-5.8436092	-0.0052741551
4.48	7.6050375e-06	-5.8435814	-0.0052270233
5.12	7.4324676e-06	-5.8436372	-0.0052567066
5.76	7.4222126e-06	-5.8435861	-0.0052644732
6.4	7.2316401e-06	-5.8435999	-0.0052294194
7.04	7.4737979e-06	-5.8435629	-0.0052171892
7.68	7.5282325e-06	-5.8436233	-0.0052535499
8.32	7.4177854e-06	-5.8436091	-0.005220118
8.96	7.6572849e-06	-5.8436092	-0.0052246028
9.6	7.6223709e-06	-5.8436045	-0.0052556436
10.24	7.6900482e-06	-5.8435907	-0.0052081125
10.88	7.520411e-06	-5.8436139	-0.0052136289
11.52	7.5058772e-06	-5.8436559	-0.0052180523
12.16	7.4290041e-06	-5.8436513	-0.0051520032
12.8	7.3175032e-06	-5.8435954	-0.005207487
13.44	7.3867216e-06	-5.8436325	-0.0052522836
14.08	7.4780333e-06	-5.8436232	-0.0052219335
14.72	7.6181791e-06	-5.8436232	-0.0052265713
15.36	7.6435596e-06	-5.843651	-0.0052564756
16	7.5980645e-06	-5.8436045	-0.0052010474
16.64	7.6567586e-06	-5.8436465	-0.0052354786
17.28	7.4896949e-06	-5.8436325	-0.0052343552
17.92	7.5305156e-06	-5.8436374	-0.0052609058
18.56	7.5123045e-06	-5.8436467	-0.0052180288
19.2	7.3796396e-06	-5.8436001	-0.0052273279
19.84	7.4739764e-06	-5.8436419	-0.0052810386
20.48	7.3928366e-06	-5.8435812	-0.0051882536
21.12	7.6158619e-06	-5.8436557	-0.0052318305
21.76	7.5977352e-06	-5.843558	-0.0052380226
22.4	7.5947998e-06	-5.8435998	-0.0052355183
23.04	7.5784282e-06	-5.8436046	-0.0052704571
23.68	7.4807716e-06	-5.8435814	-0.0052155448
24.32	7.3766134e-06	-5.8436233	-0.0052419689
24.96	7.3976371e-06	-5.8436048	-0.005278149
25.6	7.4429071e-06	-5.8436373	-0.0052412134
26.24	7.5299395e-06	-5.8436187	-0.0052031841
26.88	7.5787648e-06	-5.8435953	-0.0052382849
27.52	7.6757398e-06	-5.8436232	-0.0052392043
28.16	7.6388456e-06	-5.8436092	-0.0052293836
28.8	7.5810556e-06	-5.8436045	-0.0052267135
29.44	7.4466731e-06	-5.8435673	-0.0051756015
30.08	7.3991968e-06	-5.8436511	-0.0052262675
30.72	7.4953484e-06	-5.8436327	-0.0051692618
31.36	7.39188e-06	-5.8436094	-0.0052009782
32	7.4269877e-06	-5.8435954	-0.0052570786
32.64	7.4905456e-06	-5.8436093	-0.0052347214
33.28	7.4749893e-06	-5.8436278	-0.005224714
33.92	7.5359208e-06	-5.8436091	-0.0052119667
34.56	7.6175957e-06	-5.8435813	-0.0052560776
35.2	7.5808572e-06	-5.8436185	-0.0052313751
35.84	7.4907501e-06	-5.8436231	-0.0052856085
36.48	7.4120135e-06	-5.8436092	-0.0052763261
37.12	7.37381e-06	-5.8436047	-0.0052224167
37.76	7.2960324e-06	-5.8436186	-0.0052296593
38.4	7.3455284e-06	-5.8436232	-0.005181655
39.04	7.3769419e-06	-5.8435766	-0.0052954559
39.68	7.5171158e-06	-5.8435859	-0.0052208683
40.32	7.6883602e-06	-5.8436279	-0.005289866
40.96	7.4538565e-06	-5.8436462	-0.0052639378
41.6	7.5930212e-06	-5.843572	-0.0051942302
42.24	7.4760543e-06	-5.8436325	-0.0052444347
42.88	7.508972e-06	-5.8436233	-0.0052288556
43.52	7.4055991e-06	-5.8436187	-0.0052437262
44.16	7.3965228e-06	-5.8435768	-0.0052081953
44.8	7.4099636e-06	-5.8436093	-0.0052305194
45.44	7.4108429e-06	-5.8436232	-0.0052197618
46.08	7.5190391e-06	-5.8436138	-0.0051647273
46.72	7.6311719e-06	-5.8436418	-0.0052401058
47.36	7.5058552e-06	-5.8436742	-0.0052783372
48	7.5831557e-06	-5.8436092	-0.0052312915
48.64	7.4304543e-06	-5.8435906	-0.0052257187
49.28	7.4316921e-06	-5.8436372	-0.0052536978
49.92	7.3742118e-06	-5.8436326	-0.0052369142
50.56	7.378332e-06	-5.8436233	-0.0052615877
51.2	7.4307937e-06	-5.8436652	-0.0052690762
51.84	7.4816995e-06	-5.8436232	-0.005294878
52.48	7.4770266e-06	-5.8436184	-0.0052631749
53.12	7.517056e-06	-5.8436044	-0.0052720397
53.76	7.5142568e-06	-5.8435579	-0.0051131462
54.4	7.4326926e-06	-5.8435997	-0.0051656985
55.04	7.6284967e-06	-5.8436047	-0.005226465
55.68	7.2665331e-06	-5.8436557	-0.0053170041
56.32	7.3982275e-06	-5.8436373	-0.005252343
56.96	7.3609553e-06	-5.8436233	-0.0052669055
57.6	7.4316503e-06	-5.8436373	-0.0051719148
58.24	7.5265585e-06	-5.8436047	-0.0052553008
58.88	7.6030024e-06	-5.8436372	-0.0052451672
59.52	7.6080239e-06	-5.8435859	-0.0051944999
60.16	7.572716e-06	-5.843651	-0.0052049688
60.8	7.5693235e-06	-5.843665	-0.0052189814
61.44	7.5267313e-06	-5.8435907	-0.0051414834
62.08	7.4933501e-06	-5.843614	-0.005261179
62.72	7.532105e-06	-5.8435676	-0.0052617287
63.36	7.333284e-06	-5.8436279	-0.0051975446
64	7.4802939e-06	-5.8436233	-0.0051540904
64.64	7.6152453e-06	-5.8436094	-0.0052351872
65.28	7.4578419e-06	-5.8436603	-0.0052497653
65.92	7.622269e-06	-5.8436278	-0.0051881822
66.56	7.5474988e-06	-5.8436138	-0.005249809
67.2	7.4872341e-06	-5.8435673	-0.0052461272
67.84	7.4906552e-06	-5.8436279	-0.0052816481
68.48	7.4416141e-06	-5.8436326	-0.005256956
69.12	7.4561741e-06	-5.8435862	-0.0052379037
69.76	7.3711194e-06	-5.8436093	-0.0052641976
70.4	7.3909427e-06	-5.8436418	-0.0052486882
71.04	7.4086555e-06	-5.843558	-0.0052868707
71.68	7.4661507e-06	-5.843623	-0.0052556899
72.32	7.4947996e-06	-5.8436556	-0.0052545253
72.96	7.5226441e-06	-5.843651	-0.0052181085
73.6	7.5068406e-06	-5.8436185	-0.0052126711
74.24	7.3901077e-06	-5.8435813	-0.0052417154
74.88	7.4632827e-06	-5.8435861	-0.0052276252
75.52	7.6085167e-06	-5.8436003	-0.0052213915
76.16	7.4424599e-06	-5.8436327	-0.0051962492
76.8	7.5117821e-06	-5.8436233	-0.0052077778
77.44	7.501172e-06	-5.8436092	-0.0052191919
78.08	7.6021609e-06	-5.8435952	-0.0052225871
78.72	7.700124e-06	-5.8436325	-0.0051994838
79.36	7.6551452e-06	-5.8436418	-0.0052843617
80	7.5164836e-06	-5.8436185	-0.0052169199
80.64	7.5637889e-06	-5.8436141	-0.0052453726
81.28	7.5046611e-06	-5.8436792	-0.0052911781
81.92	7.4280655e-06	-5.8436048	-0.0052846142
82.56	7.5142091e-06	-5.8435862	-0.0052271121
83.2	7.5478265e-06	-5.843628	-0.0052227944
83.84	7.5131972e-06	-5.8436046	-0.0051955857
84.48	7.6371422e-06	-5.8436418	-0.0052635389
85.12	7.5177148e-06	-5.8435718	-0.0052344045
85.76	7.4388304e-06	-5.8436323	-0.0052461632
86.4	7.4763386e-06	-5.8436278	-0.0051866992
87.04	7.5906649e-06	-5.8435676	-0.0051610976
87.68	7.3953567e-06	-5.8436605	-0.0052615192
88.32	7.4708309e-06	-5.8436141	-0.0052824207
88.96	7.4789186e-06	-5.843628	-0.0052556098
89.6	7.4258838e-06	-5.8436186	-0.005246925
90.24	7.6359303e-06	-5.8435907	-0.0052234575
90.88	7.5654153e-06	-5.8435998	-0.0052238328
91.52	7.4991314e-06	-5.8436184	-0.0052331365
92.16	7.6024825e-06	-5.8435813	-0.0052158496
92.8	7.6576064e-06	-5.843628	-0.0051979703
93.44	7.3212547e-06	-5.8436278	-0.0052486397
94.08	7.461292e-06	-5.8436141	-0.0052840458
94.72	7.4086196e-06	-5.8436047	-0.0051902
95.36	7.3092493e-06	-5.8436418	-0.0051999242
96	7.3847737e-06	-5.8436231	-0.0052022754
96.64	7.5352965e-06	-5.8435999	-0.0052139035
97.28	7.5853376e-06	-5.8435766	-0.0052607761
97.92	7.5294119e-06	-5.8436463	-0.0052755923
98.56	7.5624583e-06	-5.8436139	-0.0052226192
99.2	7.4989296e-06	-5.8436465	-0.0052698562
99.84	7.4170949e-06	-5.8436605	-0.0052210186
100.48	7.4633182e-06	-5.8436001	-0.0052384812
101.12	7.3708489e-06	-5.8436326	-0.0052129757
101.76	7.4770521e-06	-5.8436	-0.0052109391
102.4	7.5056495e-06	-5.8436186	-0.0052861388
103.04	7.4888134e-06	-5.8436277	-0.005200528
103.68	7.481493e-06	-5.8436091	-0.0052256971
104.32	7.5460271e-06	-5.8435905	-0.005246604
104.96	7.4114125e-06	-5.8436509	-0.0052480634
105.6	7.5711805e-06	-5.8436187	-0.0052056697
106.24	7.5928241e-06	-5.8436513	-0.0052592577
106.88	7.3465756e-06	-5.843586	-0.0052362196
107.52	7.3052235e-06	-5.8436465	-0.0051981365
108.16	7.3007562e-06	-5.8436045	-0.0052701031
108.8	7.5171953e-06	-5.8436046	-0.0052059389
109.44	7.5031555e-06	-5.8436138	-0.0052433448
110.08	7.558611e-06	-5.8436556	-0.0052575838
110.72	7.6220948e-06	-5.8435813	-0.0051565026
111.36	7.3934547e-06	-5.8435905	-0.0052504648
112	7.4868912e-06	-5.8436186	-0.0052129373
112.64	7.4304825e-06	-5.8436372	-0.0051909364
113.28	7.4774481e-06	-5.8436141	-0.0052323406
113.92	7.3843217e-06	-5.8436372	-0.0052358605
114.56	7.4488137e-06	-5.8436093	-0.0052693758
115.2	7.6391867e-06	-5.8436373	-0.0052356614
115.84	7.4761206e-06	-5.8435858	-0.0052029243
116.48	7.5451446e-06	-5.8436277	-0.0052249845
117.12	7.6822625e-06	-5.8435814	-0.005274509
117.76	7.6552525e-06	-5.8436512	-0.0052905206
118.4	7.5073409e-06	-5.8436465	-0.0052652953
119.04	7.4490473e-06	-5.8436466	-0.0052358122
119.68	7.4339644e-06	-5.8436419	-0.00524091
120.32	7.2278439e-06	-5.8436185	-0.0051967751
120.96	7.4374356e-06	-5.8435767	-0.005285227
121.6	7.7025342e-06	-5.8435908	-0.0051836167
122.24	7.6153676e-06	-5.8436092	-0.0052295153
122.88	7.5880509e-06	-5.8435952	-0.0051483021
123.52	7.5606923e-06	-5.8436371	-0.0052311424
124.16	7.6010049e-06	-5.8436093	-0.0052701615
124.8	7.4982545e-06	-5.8435907	-0.0052396454
125.44	7.4226086e-06	-5.8435908	-0.005197705
126.08	7.3708518e-06	-5.8436512	-0.0052635004
126.72	7.3587318e-06	-5.8436046	-0.0052666997
127.36	7.4014167e-06	-5.843665	-0.00529172
128	7.3990968e-06	-5.8436323	-0.0052722032
128.64	7.7119219e-06	-5.8436093	-0.0052635738
129.28	7.6083701e-06	-5.8436092	-0.005242923
129.92	7.6608675e-06	-5.8436	-0.0051693468
130.56	7.5869961e-06	-5.8436326	-0.0052204512
131.2	7.3449058e-06	-5.8435952	-0.0053311715
131.84	7.3488006e-06	-5.8436325	-0.0052203591
132.48	7.4736198e-06	-5.8436094	-0.0051778396
133.12	7.4404686e-06	-5.8436326	-0.0052140057
133.76	7.4576125e-06	-5.8436232	-0.0052308498
134.4	7.5684673e-06	-5.8436185	-0.005226687
135.04	7.5273692e-06	-5.8436324	-0.0052409055
135.68	7.6720327e-06	-5.8435953	-0.0052701219
136.32	7.4738668e-06	-5.8436231	-0.0052632407
136.96	7.5004533e-06	-5.8436558	-0.0052658524
137.6	7.4783183e-06	-5.8436372	-0.0052656761
138.24	7.3050096e-06	-5.8436511	-0.0052841967
138.88	7.2917172e-06	-5.8435953	-0.0052630172
139.52	7.4461132e-06	-5.8435861	-0.0052712268
140.16	7.5512782e-06	-5.843614	-0.0052042951
140.8	7.5375808e-06	-5.8435859	-0.0051848805
141.44	7.573639e-06	-5.8436091	-0.0052305551
142.08	7.6096925e-06	-5.8436185	-0.0051833243
142.72	7.5941334e-06	-5.8435953	-0.0052838209
143.36	7.5066337e-06	-5.8436279	-0.0052240916
144	7.3125473e-06	-5.8436278	-0.0052180905
144.64	7.3578156e-06	-5.8435954	-0.0052615863
145.28	7.4178048e-06	-5.8436466	-0.0052322372
145.92	7.3840704e-06	-5.8436418	-0.0052294424
146.56	7.5116807e-06	-5.8436232	-0.0052164897
147.2	7.6021072e-06	-5.8435953	-0.0051899717
147.84	7.7440862e-06	-5.843614	-0.005216179
148.48	7.5941354e-06	-5.8436045	-0.0052521198
149.12	7.4801675e-06	-5.8435952	-0.0052678279
149.76	7.5464881e-06	-5.8436419	-0.0052396406
150.4	7.3645495e-06	-5.8436046	-0.0052633729
151.04	7.3340755e-06	-5.8436419	-0.0053135266
151.68	7.2778135e-06	-5.8436464	-0.0052347136
152.32	7.4483846e-06	-5.8436186	-0.0052105805
152.96	7.5171484e-06	-5.8436232	-0.0052128935
153.6	7.5026611e-06	-5.8436045	-0.0051593916
154.24	7.5823377e-06	-5.8435998	-0.0052703961
154.88	7.5866572e-06	-5.8436138	-0.0052901577
155.52	7.4488784e-06	-5.8435673	-0.0052005979
156.16	7.5273386e-06	-5.8436233	-0.0052302382
156.8	7.3901426e-06	-5.8436186	-0.005227148
157.44	7.3401132e-06	-5.8436047	-0.0052739333
158.08	7.4594477e-06	-5.843628	-0.0052419578
158.72	7.4313791e-06	-5.8436279	-0.0052228394
159.36	7.4384886e-06	-5.8436091	-0.0052903664
160	7.4782077e-06	-5.8436463	-0.0052668935
160.64	7.469252e-06	-5.8436602	-0.0052276634
161.28	7.582934e-06	-5.8436231	-0.0052144448
161.92	7.5096322e-06	-5.8435999	-0.0052686664
162.56	7.4586501e-06	-5.8436279	-0.0052208742
163.2	7.5321224e-06	-5.8436327	-0.0052367843
163.84	7.3015007e-06	-5.8436139	-0.0052422242
164.48	7.4017997e-06	-5.8436419	-0.0052530015
165.12	7.6108301e-06	-5.8436559	-0.0052601015
165.76	7.5489552e-06	-5.8436046	-0.0052178662
166.4	7.6888114e-06	-5.8436	-0.0052093855
167.04	7.4227831e-06	-5.8436415	-0.0052190396
167.68	7.4495417e-06	-5.843637	-0.0051647908
168.32	7.5592864e-06	-5.843586	-0.0052332794
168.96	7.4938428e-06	-5.8436	-0.0052430214
169.6	7.2511611e-06	-5.8436231	-0.0052646211
170.24	7.3700959e-06	-5.8435954	-0.0052182273
170.88	7.4399513e-06	-5.8436187	-0.0052617168
171.52	7.478489e-06	-5.8435814	-0.0052241208
172.16	7.4389058e-06	-5.8436184	-0.0052418515
172.8	7.4830968e-06	-5.8436323	-0.0052318642
173.44	7.5441916e-06	-5.8436277	-0.005294474
174.08	7.4580189e-06	-5.8435905	-0.0052077326
174.72	7.431155e-06	-5.8436185	-0.0052706587
175.36	7.491731e-06	-5.8436233	-0.0051768498
176	7.3653996e-06	-5.8435907	-0.0052732367
176.64	7.467047e-06	-5.8436187	-0.0052176408
177.28	7.4782045e-06	-5.8435629	-0.0052208564
177.92	7.4701654e-06	-5.8436511	-0.005211087
178.56	7.5981868e-06	-5.8436279	-0.0052425915
179.2	7.5870382e-06	-5.843665	-0.0052503524
179.84	7.5980078e-06	-5.8436278	-0.0052218232
180.48	7.5194629e-06	-5.8436091	-0.005224293
181.12	7.6356629e-06	-5.8436094	-0.0051841425
181.76	7.4695877e-06	-5.8436187	-0.0052348495
182.4	7.3022437e-06	-5.8436093	-0.0052299253
183.04	7.3899911e-06	-5.8436419	-0.0051863706
183.68	7.4028509e-06	-5.8436093	-0.0052251545
184.32	7.5423902e-06	-5.8436047	-0.0052237606
184.96	7.4363598e-06	-5.8435951	-0.0052115126
185.6	7.4751224e-06	-5.8436369	-0.0052601284
186.24	7.780287e-06	-5.843614	-0.005256366
186.88	7.7087098e-06	-5.8436093	-0.0052190578
187.52	7.5276287e-06	-5.8436512	-0.0052466726
188.16	7.443076e-06	-5.8436186	-0.0052207636
188.8	7.4447381e-06	-5.8436466	-0.0052609042
189.44	7.4765666e-06	-5.843642	-0.0052490469
190.08	7.3737861e-06	-5.8436185	-0.0052096651
190.72	7.4318086e-06	-5.8436092	-0.00523646
191.36	7.5070624e-06	-5.8436184	-0.0052500082
192	7.6263209e-06	-5.8436185	-0.0052325575
192.64	7.650327e-06	-5.8436557	-0.0052696992
193.28	7.3964022e-06	-5.8436184	-0.0052609781
193.92	7.4102959e-06	-5.8436325	-0.0052723128
194.56	7.3825749e-06	-5.8436512	-0.0051920982
195.2	7.4653815e-06	-5.8436373	-0.0052883601
195.84	7.3932999e-06	-5.8436	-0.0051734491
196.48	7.4121826e-06	-5.8435953	-0.0052428367
197.12	7.5328302e-06	-5.8436232	-0.0053012636
197.76	7.5560723e-06	-5.8436185	-0.0053025106
198.4	7.6435197e-06	-5.8435906	-0.0051655055
199.04	7.4596655e-06	-5.8435997	-0.005213319
199.68	7.5424226e-06	-5.843586	-0.0052354649
200.32	7.4249821e-06	-5.8435999	-0.0052319153
200.96	7.4830823e-06	-5.8436001	-0.0052105024
201.6	7.4431417e-06	-5.8435908	-0.0052068236
202.24	7.4844184e-06	-5.843642	-0.0052095816
202.88	7.451896e-06	-5.8436325	-0.0052317982
203.52	7.5671708e-06	-5.8436139	-0.0051633094
204.16	7.9211721e-06	-5.8435909	-0.0051882619
204.8	7.5942086e-06	-5.8436231	-0.005278067
205.44	7.6244595e-06	-5.8436278	-0.0052973712
206.08	7.5465601e-06	-5.8435627	-0.0052018713
206.72	7.369898e-06	-5.8436139	-0.0052101568
207.36	7.4109778e-06	-5.8435954	-0.0052673651
208	7.4910179e-06	-5.8436002	-0.0051938458
208.64	7.539724e-06	-5.8436141	-0.005218186
209.28	7.3994464e-06	-5.8436046	-0.0052590133
209.92	7.4973238e-06	-5.8436185	-0.0052618109
210.56	7.5362972e-06	-5.8435998	-0.0052262296
211.2	7.5651482e-06	-5.8436091	-0.0051835796
211.84	7.6267989e-06	-5.8435953	-0.0052736248
212.48	7.4822266e-06	-5.8436604	-0.0052363895
213.12	7.3579853e-06	-5.8436232	-0.0052210276
213.76	7.3794209e-06	-5.8436279	-0.0052434136
214.4	7.5509745e-06	-5.8435909	-0.0052360386
215.04	7.3160519e-06	-5.8436418	-0.0052049638
215.68	7.5447542e-06	-5.8436651	-0.0052487597
216.32	7.5585392e-06	-5.8436278	-0.0052006293
216.96	7.6160829e-06	-5.8436139	-0.0053337009
217.6	7.5055319e-06	-5.8436091	-0.0052498995
218.24	7.5510214e-06	-5.8436325	-0.0051997258
218.88	7.4649203e-06	-5.8435953	-0.0052544966
219.52	7.4278406e-06	-5.8436046	-0.0052247759
220.16	7.3687942e-06	-5.8436233	-0.0052187532
220.8	7.3821172e-06	-5.8436512	-0.0052711638
221.44	7.4386374e-06	-5.843614	-0.0052396351
222.08	7.5375553e-06	-5.8435767	-0.0052304042
222.72	7.3978729e-06	-5.8435718	-0.0052311492
223.36	7.5813509e-06	-5.8436185	-0.0052237691
224	7.4655618e-06	-5.8436416	-0.0052395139
224.64	7.5785194e-06	-5.8435999	-0.0052457417
225.28	7.4799414e-06	-5.8436092	-0.0052525882
225.92	7.3419877e-06	-5.8435953	-0.0052416547
226.56	7.3455093e-06	-5.8436372	-0.0052602286
227.2	7.3782026e-06	-5.8436233	-0.0052742469
227.84	7.2187949e-06	-5.8435533	-0.005219095
228.48	7.4874443e-06	-5.843586	-0.0051951827
229.12	7.503131e-06	-5.8436603	-0.0052627042
229.76	7.5087305e-06	-5.843651	-0.0051815718
230.4	7.6611445e-06	-5.8436139	-0.0052366092
231.04	7.6491525e-06	-5.8436186	-0.0052100452
231.68	7.3957344e-06	-5.8436557	-0.0052630869
232.32	7.4415026e-06	-5.843614	-0.0052436149
232.96	7.4788711e-06	-5.8436141	-0.0052475227
233.6	7.3100269e-06	-5.8436418	-0.0051916763
234.24	7.4380581e-06	-5.8436233	-0.0051626132
234.88	7.4435859e-06	-5.8436511	-0.0052884801
235.52	7.5102148e-06	-5.8435998	-0.0051847237
236.16	7.5213526e-06	-5.8436649	-0.0052552357
236.8	7.5568526e-06	-5.8435859	-0.0052456454
237.44	7.5070348e-06	-5.8436185	-0.0052251391
238.08	7.5315916e-06	-5.8436465	-0.0052982219
238.72	7.5440542e-06	-5.8436234	-0.0051927905
239.36	7.4441907e-06	-5.8436187	-0.0052097377
240	7.4000153e-06	-5.8436326	-0.0052297738
240.64	7.4918868e-06	-5.8436419	-0.0052763218
241.28	7.4799829e-06	-5.8436325	-0.0052318922
241.92	7.5594368e-06	-5.8436324	-0.0052571049
242.56	7.6401921e-06	-5.8436185	-0.0052094989
243.2	7.6709352e-06	-5.8436465	-0.0052651217
243.84	7.5248582e-06	-5.8435999	-0.0052331893
244.48	7.5245115e-06	-5.8436326	-0.0052211236
245.12	7.460147e-06	-5.8436466	-0.00527474
245.76	7.2915245e-06	-5.8436	-0.005191987
246.4	7.3386747e-06	-5.8435953	-0.0052724165
247.04	7.4053734e-06	-5.8435999	-0.0052736325
247.68	7.5899645e-06	-5.8436232	-0.0052212235
248.32	7.5618519e-06	-5.8436092	-0.0052122704
248.96	7.6410731e-06	-5.8436325	-0.0051804618
249.6	7.6014037e-06	-5.8436418	-0.005227754
250.24	7.5304741e-06	-5.8436744	-0.0052409019
250.88	7.5255815e-06	-5.843614	-0.0052264464
251.52	7.454235e-06	-5.8436233	-0.0052212349
252.16	7.4744444e-06	-5.843628	-0.0052881478
252.8	7.3266682e-06	-5.8435953	-0.0052870165
253.44	7.4371628e-06	-5.8435906	-0.0052737977
254.08	7.5049626e-06	-5.8436092	-0.0052210634
254.72	7.3703876e-06	-5.8436136	-0.0052382766
255.36	7.6360317e-06	-5.8436325	-0.005260799
256	7.5946526e-06	-5.8435767	-0.0052560926
256.64	7.5726799e-06	-5.8436186	-0.0052632493
257.28	7.4901226e-06	-5.8436233	-0.005205732
257.92	7.4515068e-06	-5.843614	-0.0052269985
258.56	7.3723354e-06	-5.8435814	-0.0052551408
259.2	7.6080223e-06	-5.8436281	-0.0052277994
259.84	7.4542886e-06	-5.8436092	-0.0052406867
260.48	7.4895692e-06	-5.8436092	-0.0052238666
261.12	7.5507995e-06	-5.8436603	-0.0052785254
261.76	7.6322326e-06	-5.8436232	-0.0052283149
262.4	7.5828689e-06	-5.8436325	-0.0052083246
263.04	7.5030077e-06	-5.8436046	-0.0052618797
263.68	7.4821817e-06	-5.8436001	-0.0052091319
264.32	7.3272881e-06	-5.8436139	-0.0052710136
264.96	7.2588376e-06	-5.8436232	-0.005243427
265.6	7.3779809e-06	-5.8436232	-0.0052261995
266.24	7.5950219e-06	-5.8436001	-0.0052263684
266.88	7.5500089e-06	-5.8436231	-0.005262735
267.52	7.7261045e-06	-5.8435907	-0.0052294228
268.16	7.6765511e-06	-5.8436511	-0.0052787584
268.8	7.5077656e-06	-5.8436417	-0.0052077169
269.44	7.4790838e-06	-5.8436046	-0.0052093382
270.08	7.3611409e-06	-5.8436418	-0.0052838999
270.72	7.3043076e-06	-5.843586	-0.0052321708
271.36	7.4674525e-06	-5.843628	-0.0051957062
272	7.4671221e-06	-5.8435675	-0.0052394451
272.64	7.3784543e-06	-5.8436091	-0.0052184642
273.28	7.4155809e-06	-5.8436509	-0.0052222001
273.92	7.6065291e-06	-5.8435627	-0.0052279185
274.56	7.5568762e-06	-5.8435673	-0.0051567465
275.2	7.5959459e-06	-5.8436093	-0.0052490681
275.84	7.5269956e-06	-5.8436326	-0.0052455311
276.48	7.2383556e-06	-5.8435812	-0.0052649357
277.12	7.3564619e-06	-5.843614	-0.0052308647
277.76	7.3879882e-06	-5.8436512	-0.0052383729
278.4	7.4367591e-06	-5.8435674	-0.0052558267
279.04	7.4891461e-06	-5.8435813	-0.0052660593
279.68	7.5996608e-06	-5.8436464	-0.0052218669
280.32	7.5404453e-06	-5.8436091	-0.0052417276
280.96	7.4984697e-06	-5.8436091	-0.0051450681
281.6	7.5283194e-06	-5.8436371	-0.0052028016
282.24	7.5477545e-06	-5.8436094	-0.0052029784
282.88	7.3630213e-06	-5.8436465	-0.0052494224
283.52	7.5313442e-06	-5.843577	-0.0052596185
284.16	7.4352587e-06	-5.843614	-0.0052501564
284.8	7.6073151e-06	-5.843656	-0.0052306213
285.44	7.4137404e-06	-5.8436417	-0.00525292
286.08	7.6460511e-06	-5.8436465	-0.0053154391
286.72	7.6510741e-06	-5.8435999	-0.0052071058
287.36	7.6225014e-06	-5.8436418	-0.0052403333
288	7.5059551e-06	-5.8435766	-0.0051598488
288.64	7.4402151e-06	-5.8435721	-0.0051963824
289.28	7.4014065e-06	-5.8436	-0.0052220527
289.92	7.3309396e-06	-5.8436186	-0.0052331819
290.56	7.3542509e-06	-5.8435907	-0.0052516004
291.2	7.5418102e-06	-5.8436419	-0.0052393161
291.84	7.4944669e-06	-5.8436138	-0.0051964989
292.48	7.6716768e-06	-5.8436139	-0.0052266559
293.12	7.7497103e-06	-5.8436326	-0.0052812545
293.76	7.5822869e-06	-5.8436092	-0.0052379009
294.4	7.4968115e-06	-5.8435906	-0.0052513711
295.04	7.5263894e-06	-5.8435768	-0.0052196819
295.68	7.3861972e-06	-5.8435954	-0.0052283387
296.32	7.383979e-06	-5.8436326	-0.0052158645
296.96	7.5233617e-06	-5.8436187	-0.0052113403
297.6	7.4912404e-06	-5.8435953	-0.0052101252
298.24	7.5212813e-06	-5.8436418	-0.0052366076
298.88	7.70564e-06	-5.8436232	-0.005210482
299.52	7.4715804e-06	-5.8435904	-0.005237968
300.16	7.5837913e-06	-5.8436185	-0.0052422827
300.8	7.4395627e-06	-5.8436278	-0.0051949537
301.44	7.4111195e-06	-5.8436093	-0.0051931037
302.08	7.4009555e-06	-5.8436187	-0.0053182485
302.72	7.3550541e-06	-5.8436605	-0.005228143
303.36	7.5291562e-06	-5.8435676	-0.005237872
304	7.5668182e-06	-5.8436001	-0.00520873
304.64	7.6679284e-06	-5.8435768	-0.0052061347
305.28	7.7168416e-06	-5.8436186	-0.0052434233
305.92	7.6153579e-06	-5.8436092	-0.0051836523
306.56	7.6866342e-06	-5.8436419	-0.005196051
307.2	7.4318006e-06	-5.8436138	-0.0052437852
307.84	7.5804526e-06	-5.8436374	-0.0052433493
308.48	7.3286504e-06	-5.8436093	-0.0052467401
309.12	7.3095661e-06	-5.8436465	-0.0052313859
309.76	7.5216138e-06	-5.8435908	-0.0052135704
310.4	7.4681263e-06	-5.8436232	-0.005218248
311.04	7.4653164e-06	-5.843651	-0.0052375645
311.68	7.527622e-06	-5.8436184	-0.0052613027
312.32	7.6131647e-06	-5.8435906	-0.0052153104
312.96	7.5061153e-06	-5.8436185	-0.0052237582
313.6	7.4796209e-06	-5.8436093	-0.0052149293
314.24	7.3116719e-06	-5.8435999	-0.0052750015
314.88	7.3797058e-06	-5.8436419	-0.005241877
315.52	7.3262697e-06	-5.8436232	-0.0051865013
316.16	7.4911022e-06	-5.8436233	-0.0052097741
316.8	7.543024e-06	-5.8435814	-0.0051953958
317.44	7.575427e-06	-5.8435906	-0.0052262776
318.08	7.5497878e-06	-5.8436138	-0.0051881302
318.72	7.5920775e-06	-5.8436464	-0.0052623745
319.36	7.5176482e-06	-5.8435999	-0.0052896696
320	7.443898e-06	-5.8435674	-0.0052388898
320.64	7.4144163e-06	-5.8436372	-0.0051948368
321.28	7.3778093e-06	-5.843614	-0.0052142811
321.92	7.4076348e-06	-5.8436047	-0.0052543065
322.56	7.4115812e-06	-5.8436325	-0.0052937839
323.2	7.5128936e-06	-5.8435999	-0.0052104581
323.84	7.6236267e-06	-5.8436092	-0.005286393
324.48	7.5131898e-06	-5.8436277	-0.005241201
325.12	7.5960015e-06	-5.8436417	-0.0052612381
325.76	7.6075929e-06	-5.8435814	-0.0052300369
326.4	7.4728359e-06	-5.8436279	-0.0051988155
327.04	7.4395972e-06	-5.8436559	-0.0052559717
327.68	7.4240956e-06	-5.8436234	-0.0052754421
328.32	7.4831912e-06	-5.8436373	-0.0052572172
328.96	7.4634067e-06	-5.843614	-0.0052536647
329.6	7.4374098e-06	-5.8436138	-0.0051936975
330.24	7.550312e-06	-5.8436185	-0.0051846128
330.88	7.5284712e-06	-5.8436277	-0.005244787
331.52	7.460614e-06	-5.8436509	-0.0052595863
332.16	7.5900724e-06	-5.8435767	-0.0051612104
332.8	7.3389396e-06	-5.8436138	-0.0051747209
333.44	7.2757728e-06	-5.8436185	-0.0052242401
334.08	7.4126209e-06	-5.8436513	-0.0052465879
334.72	7.4647109e-06	-5.8436466	-0.0052288019
335.36	7.4266242e-06	-5.8436093	-0.0052506559
336	7.5552661e-06	-5.8436232	-0.0052243437
336.64	7.4938439e-06	-5.8436463	-0.0052640043
337.28	7.6895675e-06	-5.8436139	-0.0052336422
337.92	7.5723422e-06	-5.8435906	-0.0052312493
338.56	7.5380846e-06	-5.8435813	-0.0052236818
339.2	7.4389182e-06	-5.8435767	-0.0051871939
339.84	7.4037041e-06	-5.843614	-0.0052595465
340.48	7.3933099e-06	-5.8436233	-0.0052757887
341.12	7.3610588e-06	-5.8436325	-0.0052437616
341.76	7.4196701e-06	-5.8436046	-0.0052809866
342.4	7.5139208e-06	-5.8435999	-0.005222454
343.04	7.573939e-06	-5.8435999	-0.0051987218
343.68	7.5664325e-06	-5.8436324	-0.0052341783
344.32	7.5369654e-06	-5.8436557	-0.0052483633
344.96	7.5404646e-06	-5.8436325	-0.0052718361
345.6	7.3317949e-06	-5.8436139	-0.0052557231
346.24	7.3834197e-06	-5.8436512	-0.0051949343
346.88	7.4589743e-06	-5.8436187	-0.0052208352
347.52	7.4011991e-06	-5.8436279	-0.0052523024
348.16	7.5389145e-06	-5.8436326	-0.0052545596
348.8	7.547646e-06	-5.8436138	-0.0052275844
349.44	7.6824282e-06	-5.8436232	-0.0052412383
350.08	7.7103655e-06	-5.8436511	-0.0053131042
350.72	7.4579802e-06	-5.843623	-0.0052761414
351.36	7.352317e-06	-5.843651	-0.0052696273
352	7.5232854e-06	-5.8436234	-0.0052042147
352.64	7.3225361e-06	-5.8436512	-0.0052555672
353.28	7.5073241e-06	-5.8435955	-0.005245019
353.92	7.4405015e-06	-5.8436326	-0.0052750178
354.56	7.4891842e-06	-5.8436418	-0.0052580774
355.2	7.4223945e-06	-5.8436416	-0.0052648455
355.84	7.6631861e-06	-5.8436139	-0.0052621437
356.48	7.6670564e-06	-5.8435674	-0.0052173283
357.12	7.538202e-06	-5.8435952	-0.0051903249
357.76	7.4891165e-06	-5.8436186	-0.0052763136
358.4	7.577925e-06	-5.843642	-0.0052268254
359.04	7.4569913e-06	-5.8435955	-0.005177808
359.68	7.5187032e-06	-5.8435909	-0.0052569907
360.32	7.3861871e-06	-5.8436465	-0.0052512821
360.96	7.4390728e-06	-5.8436371	-0.0051877034
361.6	7.7446895e-06	-5.8435861	-0.0051798938
362.24	7.6570542e-06	-5.8435674	-0.005213129
362.88	7.6636832e-06	-5.8435953	-0.0052193086
363.52	7.3457521e-06	-5.8436648	-0.0052384231
364.16	7.5741349e-06	-5.8436373	-0.0052710424
364.8	7.4843742e-06	-5.8435815	-0.0051838351
365.44	7.4912964e-06	-5.8436188	-0.0053043829
366.08	7.4083499e-06	-5.8436652	-0.0052058737
366.72	7.5134207e-06	-5.8436466	-0.0051971173
367.36	7.5489051e-06	-5.8435907	-0.0052013055
368	7.5621193e-06	-5.8436231	-0.0052254438
368.64	7.5929948e-06	-5.8436371	-0.0052853162
369.28	7.686933e-06	-5.8435953	-0.0051885936
369.92	7.4562039e-06	-5.843544	-0.0052401505
370.56	7.495168e-06	-5.8435953	-0.0052424168
371.2	7.3520517e-06	-5.8436325	-0.0052097408
371.84	7.4238985e-06	-5.8435954	-0.0052248039
372.48	7.2873109e-06	-5.8436232	-0.0051971342
373.12	7.4532311e-06	-5.8436325	-0.0052262946
373.76	7.5154281e-06	-5.8436232	-0.0052958106
374.4	7.5442422e-06	-5.8436324	-0.0052789699
375.04	7.5936769e-06	-5.843651	-0.005250933
375.68	7.6524366e-06	-5.8436186	-0.0052169035
376.32	7.4786319e-06	-5.8436278	-0.0052907764
376.96	7.5038482e-06	-5.8436093	-0.0051452092
377.6	7.3398803e-06	-5.8436	-0.005220024
378.24	7.3921757e-06	-5.8436652	-0.0052641277
378.88	7.318916e-06	-5.8436325	-0.0052217425
379.52	7.4682162e-06	-5.8436465	-0.0052056216
380.16	7.5943549e-06	-5.8435953	-0.0051863103
380.8	7.7273187e-06	-5.8436279	-0.0052789043
381.44	7.4849354e-06	-5.8435672	-0.0052530216
382.08	7.6501584e-06	-5.8436465	-0.0052402901
382.72	7.4653543e-06	-5.843665	-0.005249778
383.36	7.3820065e-06	-5.8435627	-0.0052054129
384	7.4025895e-06	-5.843614	-0.0052222576
384.64	7.3340205e-06	-5.8435954	-0.0052553144
385.28	7.3743337e-06	-5.8436093	-0.005310605
385.92	7.6041153e-06	-5.8436234	-0.0053140747
386.56	7.4596256e-06	-5.8436417	-0.005197132
387.2	7.620462e-06	-5.8436278	-0.0052341464
387.84	7.6156601e-06	-5.8435859	-0.0052094053
388.48	7.5768363e-06	-5.8435906	-0.0052247653
389.12	7.5096145e-06	-5.8435999	-0.00521487
389.76	7.300303e-06	-5.8435487	-0.005230329
390.4	7.3780103e-06	-5.8436279	-0.0051966699
391.04	7.2510561e-06	-5.8436232	-0.0052832667
391.68	7.4212436e-06	-5.8436186	-0.0052438173
392.32	7.334132e-06	-5.8436556	-0.0052787257
392.96	7.6338571e-06	-5.8436	-0.0052539524
393.6	7.5243102e-06	-5.8436137	-0.0052496933
394.24	7.693801e-06	-5.8436186	-0.0052258766
394.88	7.4737848e-06	-5.843637	-0.005235893
395.52	7.5223347e-06	-5.8436	-0.0051803845
396.16	7.4226877e-06	-5.8436326	-0.0052500333
396.8	7.4090305e-06	-5.8436187	-0.0052825224
397.44	7.380066e-06	-5.8436187	-0.0053052859
398.08	7.4295805e-06	-5.8436419	-0.0052138628
398.72	7.5456791e-06	-5.8436093	-0.0052382122
399.36	7.464879e-06	-5.8436277	-0.005195504
400	7.5361842e-06	-5.8435765	-0.0052187859
400.64	7.5450024e-06	-5.8436417	-0.0052792404
401.28	7.4177039e-06	-5.8436044	-0.0052731146
401.92	7.6066365e-06	-5.8435861	-0.0052660778
402.56	7.3223172e-06	-5.8436139	-0.0052567345
403.2	7.2274737e-06	-5.8435673	-0.0051872248
403.84	7.4042286e-06	-5.8436047	-0.0051947785
404.48	7.4492335e-06	-5.8436279	-0.0052860655
405.12	7.4293287e-06	-5.8436138	-0.0052482926
405.76	7.5708584e-06	-5.8436045	-0.0052106833
406.4	7.5576609e-06	-5.8435905	-0.0052371951
407.04	7.5758972e-06	-5.8436231	-0.0052640297
407.68	7.4393502e-06	-5.8435952	-0.0052603951
408.32	7.3707201e-06	-5.8435906	-0.0052477043
408.96	7.4306083e-06	-5.8436559	-0.0052826832
409.6	7.3380573e-06	-5.843614	-0.0052662713
410.24	7.402517e-06	-5.8436001	-0.0052318093
410.88	7.340868e-06	-5.8436278	-0.0052681048
411.52	7.5520963e-06	-5.8436046	-0.0052095794
412.16	7.5802805e-06	-5.843665	-0.0052200402
412.8	7.7251164e-06	-5.8436	-0.0052282531
413.44	7.5642653e-06	-5.8436371	-0.0052735174
414.08	7.5092136e-06	-5.8436185	-0.0052156677
414.72	7.4760321e-06	-5.8436093	-0.0051977101
415.36	7.3726148e-06	-5.8436233	-0.0051944341
416	7.396119e-06	-5.8436094	-0.005242213
416.64	7.4340776e-06	-5.8436326	-0.0052665116
417.28	7.4557443e-06	-5.8436279	-0.0052375866
417.92	7.4466724e-06	-5.8436278	-0.0052310112
418.56	7.6680325e-06	-5.8435767	-0.0051675229
419.2	7.5149248e-06	-5.8436044	-0.0052701615
419.84	7.5745915e-06	-5.8435766	-0.0052407401
420.48	7.4239588e-06	-5.8435812	-0.0051965018
421.12	7.4480234e-06	-5.8436139	-0.005258432
421.76	7.4055862e-06	-5.8435814	-0.0052102221
422.4	7.2844106e-06	-5.8436464	-0.005263258
423.04	7.4431388e-06	-5.8436	-0.0052048404
423.68	7.3482797e-06	-5.8436185	-0.0052714954
424.32	7.5677902e-06	-5.8436418	-0.0052690699
424.96	7.4982494e-06	-5.8436277	-0.0052442015
425.6	7.6054064e-06	-5.8436371	-0.0052368502
426.24	7.5636739e-06	-5.8436371	-0.0052910535
426.88	7.4730857e-06	-5.8436092	-0.0051927181
427.52	7.495179e-06	-5.8436093	-0.0052030016
428.16	7.4307152e-06	-5.8436373	-0.0052905649
428.8	7.4787326e-06	-5.8436187	-0.0052323158
429.44	7.4441743e-06	-5.8436093	-0.0052130172
430.08	7.4532247e-06	-5.8435999	-0.0052473147
430.72	7.5474557e-06	-5.8436464	-0.0052736137
431.36	7.5587121e-06	-5.8436371	-0.0052413868
432	7.6054987e-06	-5.8435859	-0.0052151287
432.64	7.6631437e-06	-5.8436	-0.0052656324
433.28	7.4852819e-06	-5.8436511	-0.0052165672
433.92	7.4283234e-06	-5.8436512	-0.0053230387
434.56	7.4458227e-06	-5.843614	-0.0052461675
435.2	7.4692951e-06	-5.8436187	-0.0052077945
435.84	7.4359582e-06	-5.8436279	-0.0052651632
436.48	7.5022645e-06	-5.8436	-0.0051832953
437.12	7.5621951e-06	-5.8436139	-0.005237934
437.76	7.5043649e-06	-5.8436277	-0.0052011611
438.4	7.6297027e-06	-5.8435953	-0.0051999282
439.04	7.5661879e-06	-5.8436046	-0.0052045648
439.68	7.62114e-06	-5.843628	-0.0052055715
440.32	7.3651824e-06	-5.8436465	-0.0052298867
440.96	7.35106e-06	-5.8435953	-0.0052166446
441.6	7.2835541e-06	-5.8436139	-0.0052363298
442.24	7.4478621e-06	-5.8436233	-0.0051878067
442.88	7.417697e-06	-5.8436185	-0.0052756678
443.52	7.568988e-06	-5.8435953	-0.005210549
444.16	7.5764958e-06	-5.8436371	-0.0052086085
444.8	7.5694454e-06	-5.8436231	-0.0052184865
445.44	7.4534648e-06	-5.8436184	-0.0052221026
446.08	7.5117565e-06	-5.843586	-0.0052376564
446.72	7.4466455e-06	-5.8436372	-0.0051608503
447.36	7.4532062e-06	-5.8436373	-0.0052251413
448	7.5037882e-06	-5.8436094	-0.0052705006
448.64	7.5281084e-06	-5.8436001	-0.0052624323
449.28	7.5009626e-06	-5.8435999	-0.0052573284
449.92	7.564369e-06	-5.8436046	-0.0052171909
450.56	7.6998701e-06	-5.8436232	-0.0052901452
451.2	7.5054648e-06	-5.8436091	-0.0052472409
451.84	7.4477376e-06	-5.8436277	-0.0052430681
452.48	7.4634022e-06	-5.8435953	-0.0052662258
453.12	7.4214339e-06	-5.8436279	-0.0052372943
453.76	7.593421e-06	-5.8436328	-0.0052605849
454.4	7.3428837e-06	-5.8436558	-0.0052504568
455.04	7.5039144e-06	-5.8436233	-0.0052462769
455.68	7.4348132e-06	-5.8436278	-0.005237568
456.32	7.598593e-06	-5.8436139	-0.0052834272
456.96	7.5204975e-06	-5.843623	-0.0052199428
457.6	7.4191784e-06	-5.8436416	-0.0052675076
458.24	7.4061019e-06	-5.843651	-0.0052400218
458.88	7.4982447e-06	-5.8435954	-0.0052360489
459.52	7.5412255e-06	-5.8436095	-0.0052152573
460.16	7.4140695e-06	-5.8436233	-0.00523834
460.8	7.4246493e-06	-5.8436047	-0.0052683221
461.44	7.4612378e-06	-5.8436139	-0.0052349672
462.08	7.4862578e-06	-5.8436185	-0.0052291427
462.72	7.4407209e-06	-5.8436044	-0.005219389
463.36	7.613037e-06	-5.8436278	-0.005241429
464	7.6615548e-06	-5.8436093	-0.0052224713
464.64	7.446639e-06	-5.8436185	-0.0051834787
465.28	7.5049293e-06	-5.8436233	-0.0052572342
465.92	7.4988673e-06	-5.8436466	-0.0052777747
466.56	7.3732453e-06	-5.8436419	-0.0051812427
467.2	7.5704385e-06	-5.8435955	-0.00529079
467.84	7.532607e-06	-5.8436326	-0.0051648058
468.48	7.5673953e-06	-5.8436093	-0.0052368859
469.12	7.6358979e-06	-5.8436092	-0.0052361547
469.76	7.6040317e-06	-5.8435906	-0.0052859071
470.4	7.5245629e-06	-5.8435998	-0.0052486003
471.04	7.5692824e-06	-5.8436465	-0.0052741654
471.68	7.429248e-06	-5.8436697	-0.0052551264
472.32	7.4939013e-06	-5.8436373	-0.0052355647
472.96	7.376533e-06	-5.8436093	-0.0052835048
473.6	7.5819629e-06	-5.8436048	-0.0052714019
474.24	7.5324969e-06	-5.8435861	-0.0051693851
474.88	7.5553417e-06	-5.8436418	-0.005312301
475.52	7.5446564e-06	-5.8436091	-0.0052653949
476.16	7.594029e-06	-5.8436464	-0.0052057904
476.8	7.488211e-06	-5.8435812	-0.0052438895
477.44	7.5371941e-06	-5.8436093	-0.0052574732
478.08	7.3716509e-06	-5.8436046	-0.0052301478
478.72	7.4574233e-06	-5.843628	-0.0052105796
479.36	7.5293279e-06	-5.8436327	-0.0052623425
480	7.4601218e-06	-5.8436373	-0.0052857943
480.64	7.5208769e-06	-5.8436465	-0.0052123721
481.28	7.4543497e-06	-5.8436045	-0.0052165116
481.92	7.7641691e-06	-5.8436093	-0.0052102181
482.56	7.4755766e-06	-5.843623	-0.0052731127
483.2	7.5963098e-06	-5.8436	-0.0051424298
483.84	7.5158293e-06	-5.8436558	-0.0052961244
484.48	7.3948052e-06	-5.8436325	-0.0052324959
485.12	7.3996436e-06	-5.8436279	-0.0052585463
485.76	7.4199598e-06	-5.843614	-0.005252793
486.4	7.4657682e-06	-5.8435907	-0.0052445942
487.04	7.5197873e-06	-5.843586	-0.005194562
487.68	7.4594254e-06	-5.8436277	-0.0051693183
488.32	7.5285533e-06	-5.8435952	-0.0052184837
488.96	7.5795379e-06	-5.8436371	-0.0053000239
489.6	7.5870914e-06	-5.8435953	-0.0052385821
490.24	7.5294713e-06	-5.8435814	-0.0052638828
490.88	7.4018206e-06	-5.8436139	-0.0052597873
491.52	7.3392272e-06	-5.8436186	-0.0052026788
492.16	7.4354752e-06	-5.8436094	-0.0052936433
492.8	7.511824e-06	-5.8436419	-0.0052635945
493.44	7.4658448e-06	-5.8436046	-0.0052677004
494.08	7.4796435e-06	-5.8436184	-0.0052407045
494.72	7.5599576e-06	-5.8436371	-0.0052327663
495.36	7.6630882e-06	-5.8436	-0.0052097117
496	7.5151676e-06	-5.8436278	-0.0052577128
496.64	7.648615e-06	-5.8436048	-0.0052334502
497.28	7.3528071e-06	-5.8436139	-0.0052178938
497.92	7.3337108e-06	-5.8436232	-0.0053136088
498.56	7.4417127e-06	-5.8436187	-0.0052230272
499.2	7.4425226e-06	-5.8435953	-0.0052071057
499.84	7.548929e-06	-5.8436279	-0.0052497407
