0	5.1956853e-05	-5.8435795	-0.0051081571
0.64	5.2119361e-05	-5.8435281	-0.0049486346
1.28	5.1993722e-05	-5.8434759	-0.0050660049
1.92	5.2538771e-05	-5.843587	-0.0052454752
2.56	5.3254125e-05	-5.8436241	-0.0052044878
3.2	5.3405716e-05	-5.8435542	-0.0051835694
3.84	5.2678248e-05	-5.8435539	-0.005064728
4.48	5.3151084e-05	-5.8435925	-0.0050911675
5.12	5.1913769e-05	-5.8435319	-0.0050180638
5.76	5.2113374e-05	-5.8435329	-0.0050328708
6.4	5.1678058e-05	-5.843542	-0.0052101044
7.04	5.1533879e-05	-5.8436158	-0.0051697766
7.68	5.244445e-05	-5.8435367	-0.0049677606
8.32	5.3483572e-05	-5.8435971	-0.0053116431
8.96	5.2886691e-05	-5.843526	-0.0050701274
9.6	5.2851119e-05	-5.8436095	-0.0051625753
10.24	5.3617253e-05	-5.8435643	-0.0050815616
10.88	5.2946868e-05	-5.8435134	-0.0051705095
11.52	5.2257787e-05	-5.8436161	-0.0051360621
12.16	5.1479173e-05	-5.8435835	-0.0052172249
12.8	5.163162e-05	-5.8434954	-0.0050927274
13.44	5.1795747e-05	-5.8436484	-0.0052565314
14.08	5.3029201e-05	-5.8436114	-0.0050955714
14.72	5.3447371e-05	-5.8434992	-0.0050018547
15.36	5.3108012e-05	-5.8435168	-0.0050818287
16	5.2523491e-05	-5.8436047	-0.0051550364
16.64	5.2322052e-05	-5.843591	-0.0050827522
17.28	5.1924436e-05	-5.8435544	-0.0052820883
17.92	5.1631873e-05	-5.8435691	-0.0051137537
18.56	5.1605887e-05	-5.8435372	-0.0049345152
19.2	5.1745327e-05	-5.8435419	-0.0051543835
19.84	5.2324151e-05	-5.8435465	-0.0050238075
20.48	5.2843968e-05	-5.8435459	-0.0050774712
21.12	5.2264095e-05	-5.8435584	-0.0050497947
21.76	5.3670651e-05	-5.8435406	-0.0050679709
22.4	5.2392469e-05	-5.8435116	-0.0051935304
23.04	5.2311106e-05	-5.8435726	-0.0050774339
23.68	5.2437809e-05	-5.8435087	-0.0051960442
24.32	5.144601e-05	-5.8435272	-0.0051238206
24.96	5.22123e-05	-5.8435099	-0.0051501662
25.6	5.2005057e-05	-5.84357	-0.005020804
26.24	5.0674727e-05	-5.843568	-0.0050508813
26.88	5.1864446e-05	-5.8436286	-0.0051416731
27.52	5.2955525e-05	-5.8435496	-0.0052176897
28.16	5.3980294e-05	-5.843606	-0.0051707208
28.8	5.3988574e-05	-5.8435644	-0.0051344243
29.44	5.2455701e-05	-5.8435776	-0.0051296005
30.08	5.2569313e-05	-5.8435833	-0.0050905016
30.72	5.1841706e-05	-5.8434905	-0.0049070967
31.36	5.0914253e-05	-5.8435133	-0.0050964306
32	5.1776065e-05	-5.8434953	-0.0050834166
32.64	5.2327818e-05	-5.8436113	-0.0052256208
33.28	5.3106772e-05	-5.843532	-0.0050906254
33.92	5.2896566e-05	-5.8436472	-0.0052672867
34.56	5.2882071e-05	-5.8435584	-0.0051212499
35.2	5.3240966e-05	-5.8436474	-0.0051933713
35.84	5.2629813e-05	-5.8435686	-0.0050595246
36.48	5.1822729e-05	-5.8435502	-0.0050331255
37.12	5.2733638e-05	-5.8435054	-0.0049071649
37.76	5.1720599e-05	-5.8436396	-0.0052280708
38.4	5.1459309e-05	-5.8435414	-0.0051752692
39.04	5.2460145e-05	-5.8435695	-0.0050624776
39.68	5.3289475e-05	-5.8435925	-0.0049354672
40.32	5.2698962e-05	-5.8435353	-0.0051328344
40.96	5.4914744e-05	-5.8435744	-0.0050003492
41.6	5.3116981e-05	-5.8435916	-0.0052020815
42.24	5.3026952e-05	-5.8436016	-0.0050384925
42.88	5.154709e-05	-5.8435872	-0.0053107562
43.52	5.1821256e-05	-5.8435836	-0.0051674192
44.16	5.137559e-05	-5.8435742	-0.0051067243
44.8	5.1822352e-05	-5.8435835	-0.0051783893
45.44	5.1884222e-05	-5.8435873	-0.00519784
46.08	5.2628342e-05	-5.8436057	-0.0049063851
46.72	5.261976e-05	-5.8436003	-0.0050666679
47.36	5.2912393e-05	-5.8436003	-0.0050272793
48	5.2689502e-05	-5.843554	-0.004853348
48.64	5.3081409e-05	-5.8435227	-0.0050411708
49.28	5.2161568e-05	-5.8435787	-0.0052116131
49.92	5.1339086e-05	-5.8436251	-0.0051885936
50.56	5.254517e-05	-5.8435334	-0.0052578959
51.2	5.1472086e-05	-5.8435784	-0.0050734498
51.84	5.1477176e-05	-5.8435263	-0.0049458864
52.48	5.2459206e-05	-5.8435822	-0.0050492902
53.12	5.4359936e-05	-5.8435554	-0.0052082208
53.76	5.3240002e-05	-5.8435821	-0.005146815
54.4	5.3610878e-05	-5.8435224	-0.0050158397
55.04	5.2726828e-05	-5.8436109	-0.0051181091
55.68	5.1987749e-05	-5.84356	-0.0051113589
56.32	5.1560255e-05	-5.8435696	-0.0050586546
56.96	5.2614615e-05	-5.8435102	-0.0051261606
57.6	5.218125e-05	-5.8436488	-0.0052744075
58.24	5.2998118e-05	-5.8436161	-0.0051600285
58.88	5.3420408e-05	-5.8435365	-0.0049542677
59.52	5.3761598e-05	-5.8436245	-0.0050001216
60.16	5.3051928e-05	-5.8436424	-0.0052112915
60.8	5.19993e-05	-5.8435861	-0.0051549037
61.44	5.2487911e-05	-5.8435177	-0.0052128274
62.08	5.1606803e-05	-5.8434853	-0.0051462151
62.72	5.0969965e-05	-5.8435318	-0.005062477
63.36	5.1249312e-05	-5.8436112	-0.0050217796
64	5.2149371e-05	-5.8435417	-0.004965389
64.64	5.2588473e-05	-5.8435784	-0.005110878
65.28	5.2557654e-05	-5.8436424	-0.0052932465
65.92	5.3246128e-05	-5.8435727	-0.0050996255
66.56	5.2861876e-05	-5.8435864	-0.0049337171
67.2	5.3377948e-05	-5.8435829	-0.0051661224
67.84	5.2610806e-05	-5.8435413	-0.0050849089
68.48	5.1854552e-05	-5.8436067	-0.0050343251
69.12	5.2445913e-05	-5.8435427	-0.0052103664
69.76	5.1368548e-05	-5.8436299	-0.0050301497
70.4	5.1443065e-05	-5.8435455	-0.0051526635
71.04	5.2382569e-05	-5.8435966	-0.0052025192
71.68	5.3299047e-05	-5.8435686	-0.0052332103
72.32	5.3026596e-05	-5.8435073	-0.0051537316
72.96	5.3720661e-05	-5.8435686	-0.0052023349
73.6	5.269921e-05	-5.8435358	-0.0050042667
74.24	5.1982134e-05	-5.8436292	-0.005068136
74.88	5.2396772e-05	-5.843626	-0.0052388008
75.52	5.1954325e-05	-5.8435005	-0.0051743247
76.16	5.1912447e-05	-5.8436072	-0.0052066274
76.8	5.2390818e-05	-5.843551	-0.0052955298
77.44	5.2947732e-05	-5.8435783	-0.005201642
78.08	5.3305464e-05	-5.8434707	-0.0049383047
78.72	5.4438767e-05	-5.8435644	-0.0051270532
79.36	5.319563e-05	-5.8435589	-0.0051205022
80	5.2976098e-05	-5.8435364	-0.005136358
80.64	5.15463e-05	-5.8435687	-0.0049494675
81.28	5.2488195e-05	-5.843617	-0.0052226269
81.92	5.1763483e-05	-5.8435142	-0.0050508731
82.56	5.1358704e-05	-5.8435693	-0.0051926168
83.2	5.2265004e-05	-5.8435553	-0.0051097693
83.84	5.273861e-05	-5.8436011	-0.0051833033
84.48	5.3424353e-05	-5.8434892	-0.0052063161
85.12	5.3587767e-05	-5.84361	-0.0051601933
85.76	5.3132848e-05	-5.8435869	-0.0050778884
86.4	5.2924246e-05	-5.8435412	-0.005172209
87.04	5.1610249e-05	-5.8435224	-0.005126279
87.68	5.1351885e-05	-5.8435695	-0.0050432214
88.32	5.1930833e-05	-5.8435144	-0.0051222255
88.96	5.116362e-05	-5.8434851	-0.0051652135
89.6	5.1488676e-05	-5.843545	-0.0050984886
90.24	5.3363788e-05	-5.8435783	-0.0051091373
90.88	5.3324512e-05	-5.8436147	-0.0051423433
91.52	5.3995885e-05	-5.843592	-0.0050577613
92.16	5.3301065e-05	-5.8435733	-0.0051702175
92.8	5.1481464e-05	-5.8435958	-0.005290795
93.44	5.1768507e-05	-5.843653	-0.0050849613
94.08	5.2231076e-05	-5.8435564	-0.0050879804
94.72	5.1879326e-05	-5.8435887	-0.0050561349
95.36	5.1450915e-05	-5.8436201	-0.0052664634
96	5.242254e-05	-5.8435642	-0.0050993069
96.64	5.2487419e-05	-5.8435493	-0.0051849314
97.28	5.342965e-05	-5.8435217	-0.0051431868
97.92	5.2750561e-05	-5.843549	-0.0051612656
98.56	5.3026013e-05	-5.8435313	-0.0051538247
99.2	5.2488095e-05	-5.8436109	-0.0050937252
99.84	5.2695815e-05	-5.8436168	-0.0052371222
100.48	5.1556397e-05	-5.8435279	-0.0050289192
101.12	5.1460077e-05	-5.84363	-0.0050753611
101.76	5.2239133e-05	-5.8435463	-0.0050683898
102.4	5.3607694e-05	-5.8435653	-0.0050868692
103.04	5.2384838e-05	-5.8435166	-0.0050413287
103.68	5.3591614e-05	-5.843587	-0.0051590721
104.32	5.2836163e-05	-5.8435771	-0.0052822229
104.96	5.2960852e-05	-5.8435175	-0.0051010842
105.6	5.252359e-05	-5.8435646	-0.0050618303
106.24	5.2269003e-05	-5.8434955	-0.0051005271
106.88	5.1724172e-05	-5.843593	-0.0052865809
107.52	5.206157e-05	-5.8435049	-0.0051267402
108.16	5.1849861e-05	-5.8435877	-0.0051520842
108.8	5.2732411e-05	-5.8435178	-0.0051184188
109.44	5.2723506e-05	-5.8436239	-0.0050744545
110.08	5.206618e-05	-5.8435623	-0.0050267907
110.72	5.3102454e-05	-5.8435868	-0.0051477939
111.36	5.2659619e-05	-5.8436522	-0.0050106655
112	5.215811e-05	-5.8435364	-0.0051295161
112.64	5.1990116e-05	-5.843537	-0.0051211315
113.28	5.149676e-05	-5.8435369	-0.0051254776
113.92	5.2030796e-05	-5.843528	-0.0050705119
114.56	5.2292168e-05	-5.8435462	-0.0050291932
115.2	5.300741e-05	-5.8436158	-0.0050873904
115.84	5.2734432e-05	-5.8435355	-0.0051310564
116.48	5.3746778e-05	-5.8436012	-0.0052439185
117.12	5.2535088e-05	-5.8435072	-0.005077106
117.76	5.2798741e-05	-5.8435687	-0.0051101247
118.4	5.1573012e-05	-5.8435451	-0.0050574079
119.04	5.1948757e-05	-5.8435695	-0.0052662974
119.68	5.2040641e-05	-5.8435467	-0.0052114328
120.32	5.2041976e-05	-5.8436024	-0.0053026164
120.96	5.1369227e-05	-5.8435779	-0.0049917949
121.6	5.2662656e-05	-5.8435177	-0.005205411
122.24	5.3590436e-05	-5.8435781	-0.0051016562
122.88	5.4178345e-05	-5.8435644	-0.0052268527
123.52	5.3727107e-05	-5.8436154	-0.0051350979
124.16	5.249658e-05	-5.8435731	-0.0051237465
124.8	5.2011826e-05	-5.8435504	-0.0050919254
125.44	5.2332095e-05	-5.8435654	-0.005142108
126.08	5.107114e-05	-5.8435598	-0.0051391513
126.72	5.2216349e-05	-5.843584	-0.0049633961
127.36	5.2304558e-05	-5.8435554	-0.0051402596
128	5.1861941e-05	-5.8435819	-0.0051001687
128.64	5.3258226e-05	-5.843615	-0.005124104
129.28	5.3424675e-05	-5.8435403	-0.0050994732
129.92	5.2836748e-05	-5.8435448	-0.005014833
130.56	5.2713542e-05	-5.8435595	-0.0051235413
131.2	5.2616739e-05	-5.8435696	-0.0049841978
131.84	5.1904773e-05	-5.8435511	-0.0050342307
132.48	5.1486328e-05	-5.843565	-0.0052604509
133.12	5.2731391e-05	-5.8436403	-0.0052506237
133.76	5.1795346e-05	-5.8435549	-0.0051821956
134.4	5.2614778e-05	-5.8435267	-0.0049824026
135.04	5.3215636e-05	-5.8435822	-0.0051807589
135.68	5.3576204e-05	-5.8435916	-0.0051710534
136.32	5.4228714e-05	-5.8436205	-0.0050671717
136.96	5.2218401e-05	-5.843559	-0.0050733816
137.6	5.1574338e-05	-5.8435316	-0.0052073892
138.24	5.1024666e-05	-5.8435969	-0.0050826755
138.88	5.2304896e-05	-5.8435752	-0.005271464
139.52	5.1452203e-05	-5.8435692	-0.0050748237
140.16	5.2831414e-05	-5.8435231	-0.0050501622
140.8	5.33508e-05	-5.843583	-0.0052842255
141.44	5.2801674e-05	-5.8435723	-0.0051490033
142.08	5.3131446e-05	-5.8435771	-0.0049121709
142.72	5.3833145e-05	-5.8435598	-0.005044524
143.36	5.2505629e-05	-5.8435502	-0.005023161
144	5.1368661e-05	-5.8435595	-0.0052771319
144.64	5.1080245e-05	-5.843532	-0.0051465257
145.28	5.1924107e-05	-5.8435469	-0.005108071
145.92	5.1858078e-05	-5.843509	-0.0051481382
146.56	5.2828992e-05	-5.8435787	-0.0049199274
147.2	5.2963966e-05	-5.8435545	-0.0049842062
147.84	5.4594826e-05	-5.8436299	-0.0051935329
148.48	5.3088698e-05	-5.8436237	-0.0049655261
149.12	5.3281343e-05	-5.8435873	-0.0050894139
149.76	5.2825801e-05	-5.843574	-0.0050962854
150.4	5.0893837e-05	-5.8435545	-0.0051153298
151.04	5.1617203e-05	-5.8436489	-0.0052835743
151.68	5.1416139e-05	-5.8434998	-0.0050726558
152.32	5.1370755e-05	-5.8435828	-0.0049867051
152.96	5.2280335e-05	-5.8435919	-0.005246983
153.6	5.3560266e-05	-5.843606	-0.0051364007
154.24	5.4228122e-05	-5.8435503	-0.0050233887
154.88	5.2561914e-05	-5.8435024	-0.0050955284
155.52	5.2323877e-05	-5.8436285	-0.0050138074
156.16	5.2242416e-05	-5.8436016	-0.0052303144
156.8	5.1194287e-05	-5.8435503	-0.0051173013
157.44	5.1420218e-05	-5.8435324	-0.0050228986
158.08	5.1398369e-05	-5.843602	-0.0053135586
158.72	5.1978281e-05	-5.8436111	-0.0051448671
159.36	5.2977576e-05	-5.8435783	-0.0051310579
160	5.3558754e-05	-5.8435919	-0.005140919
160.64	5.3065417e-05	-5.8435678	-0.0050553672
161.28	5.3948998e-05	-5.8435783	-0.0049912399
161.92	5.2990728e-05	-5.843541	-0.0051276779
162.56	5.2362234e-05	-5.8435647	-0.0050367333
163.2	5.1928782e-05	-5.8435233	-0.0050602229
163.84	5.2297106e-05	-5.8435611	-0.0050723697
164.48	5.2517665e-05	-5.8435238	-0.0050377947
165.12	5.2032471e-05	-5.8435318	-0.0051680381
165.76	5.1323848e-05	-5.8435487	-0.0052554089
166.4	5.3149989e-05	-5.8435961	-0.0051249863
167.04	5.3150771e-05	-5.8435819	-0.0052152143
167.68	5.2375771e-05	-5.8435723	-0.0052414196
168.32	5.321697e-05	-5.8435786	-0.0052612652
168.96	5.112809e-05	-5.8436101	-0.0050731514
169.6	5.267026e-05	-5.8435146	-0.0050231924
170.24	5.1784293e-05	-5.8436582	-0.0051098527
170.88	5.3072091e-05	-5.843594	-0.0050605027
171.52	5.1521976e-05	-5.8436196	-0.0051293993
172.16	5.2222995e-05	-5.843596	-0.005064021
172.8	5.2491849e-05	-5.8435258	-0.0052868987
173.44	5.3495825e-05	-5.8435777	-0.0051302202
174.08	5.3259747e-05	-5.84355	-0.0049394802
174.72	5.2213265e-05	-5.8436149	-0.0050855161
175.36	5.1898886e-05	-5.8435458	-0.0050894517
176	5.1495967e-05	-5.8436065	-0.0051944096
176.64	5.209185e-05	-5.8435514	-0.0050369645
177.28	5.239758e-05	-5.8435839	-0.0051155977
177.92	5.2241857e-05	-5.8435271	-0.0051100226
178.56	5.3242234e-05	-5.8435226	-0.0052734673
179.2	5.3015851e-05	-5.8436333	-0.0051971338
179.84	5.2762562e-05	-5.843605	-0.0050487841
180.48	5.2437749e-05	-5.8436144	-0.0050111049
181.12	5.2531112e-05	-5.8435502	-0.0051161017
181.76	5.1362166e-05	-5.843536	-0.005080866
182.4	5.1037443e-05	-5.8435642	-0.0049931437
183.04	5.2325431e-05	-5.843612	-0.0051225588
183.68	5.2122245e-05	-5.8435509	-0.0051941727
184.32	5.2505275e-05	-5.8436064	-0.00518818
184.96	5.3582335e-05	-5.8435508	-0.0051634722
185.6	5.2882144e-05	-5.843624	-0.0051896554
186.24	5.3502886e-05	-5.8435965	-0.0052190378
186.88	5.2009529e-05	-5.8434884	-0.0051395301
187.52	5.2613069e-05	-5.8435456	-0.0052492773
188.16	5.1576749e-05	-5.8435176	-0.004892548
188.8	5.263393e-05	-5.8435611	-0.0049769336
189.44	5.2002207e-05	-5.8435605	-0.0051536836
190.08	5.1604831e-05	-5.8435505	-0.0050965515
190.72	5.2228307e-05	-5.8436062	-0.0052728386
191.36	5.3230968e-05	-5.8435365	-0.0051363136
192	5.2707351e-05	-5.8435958	-0.0052233061
192.64	5.3967144e-05	-5.8435551	-0.0050688549
193.28	5.2829286e-05	-5.8435311	-0.0051783366
193.92	5.2768935e-05	-5.8435597	-0.0048892384
194.56	5.340811e-05	-5.8436217	-0.0050813113
195.2	5.0773557e-05	-5.8435454	-0.0051477855
195.84	5.1290915e-05	-5.8436437	-0.0051693594
196.48	5.1753602e-05	-5.8435693	-0.0051822189
197.12	5.2307761e-05	-5.8435783	-0.0051785413
197.76	5.263275e-05	-5.8435312	-0.0050984892
198.4	5.3412377e-05	-5.8435825	-0.0053470478
199.04	5.2825357e-05	-5.8435539	-0.0051688691
199.68	5.2607466e-05	-5.843582	-0.0053059509
200.32	5.2521957e-05	-5.8435689	-0.0050515524
200.96	5.2148962e-05	-5.8435601	-0.0049567482
201.6	5.1767992e-05	-5.8435464	-0.0050852784
202.24	5.1354379e-05	-5.8435554	-0.0051722454
202.88	5.1417204e-05	-5.8435132	-0.005158313
203.52	5.1547531e-05	-5.8436193	-0.0051112009
204.16	5.3714771e-05	-5.8435554	-0.00505965
204.8	5.3271255e-05	-5.8435636	-0.0049691112
205.44	5.29483e-05	-5.8435772	-0.0051575201
206.08	5.3077724e-05	-5.8436011	-0.0049961303
206.72	5.2449485e-05	-5.8435642	-0.0052466723
207.36	5.1473746e-05	-5.8435782	-0.0050156117
208	5.1835644e-05	-5.8436303	-0.0049950144
208.64	5.2281893e-05	-5.8436076	-0.0051877683
209.28	5.1926539e-05	-5.8435788	-0.0050106219
209.92	5.284037e-05	-5.8435833	-0.0051910523
210.56	5.2698906e-05	-5.8435728	-0.0050737167
211.2	5.3930871e-05	-5.8435687	-0.005139339
211.84	5.2896805e-05	-5.8435119	-0.0049949619
212.48	5.3008851e-05	-5.8435639	-0.0052746275
213.12	5.198144e-05	-5.8435082	-0.0051576846
213.76	5.1551734e-05	-5.8435786	-0.0053393055
214.4	5.1581996e-05	-5.8435977	-0.0051815083
215.04	5.1534043e-05	-5.8435975	-0.0051710839
215.68	5.2695466e-05	-5.8435515	-0.0049633996
216.32	5.2683841e-05	-5.8435736	-0.0051480372
216.96	5.2770966e-05	-5.8435959	-0.0050727908
217.6	5.3216508e-05	-5.8435586	-0.0049682101
218.24	5.336899e-05	-5.8435682	-0.005281448
218.88	5.2610812e-05	-5.8435823	-0.005229234
219.52	5.1736471e-05	-5.8435919	-0.0051856586
220.16	5.1273295e-05	-5.8435552	-0.0050947278
220.8	5.0989136e-05	-5.8436112	-0.0050660598
221.44	5.2370927e-05	-5.8435657	-0.0050355285
222.08	5.25277e-05	-5.8436301	-0.0051280492
222.72	5.2524883e-05	-5.8434802	-0.0050972853
223.36	5.3672797e-05	-5.8435222	-0.005181191
224	5.4108401e-05	-5.8435548	-0.0051926541
224.64	5.2485076e-05	-5.8436047	-0.0051946898
225.28	5.2458751e-05	-5.8435638	-0.0049210555
225.92	5.319233e-05	-5.843547	-0.0051170827
226.56	5.195342e-05	-5.8436443	-0.0051519867
227.2	5.1135264e-05	-5.8435694	-0.0050816811
227.84	5.1573935e-05	-5.8434997	-0.0050177757
228.48	5.2714264e-05	-5.8435836	-0.0051029652
229.12	5.2915203e-05	-5.8436478	-0.005124862
229.76	5.3785919e-05	-5.8435873	-0.0051461113
230.4	5.33441e-05	-5.8434843	-0.0051070695
231.04	5.3412661e-05	-5.8436058	-0.005155479
231.68	5.27388e-05	-5.8436155	-0.0049202953
232.32	5.2776455e-05	-5.8435887	-0.0051164593
232.96	5.2011886e-05	-5.8435655	-0.0049157251
233.6	5.1621851e-05	-5.8435652	-0.0051262342
234.24	5.2098301e-05	-5.8435558	-0.0050077742
234.88	5.2018468e-05	-5.8435733	-0.0051834863
235.52	5.2335818e-05	-5.8435075	-0.0051879111
236.16	5.3291821e-05	-5.8435496	-0.0051566075
236.8	5.4283998e-05	-5.8435133	-0.0051308494
237.44	5.2674421e-05	-5.8435495	-0.0051616663
238.08	5.2645493e-05	-5.843504	-0.0050508662
238.72	5.1370146e-05	-5.8435317	-0.0051482736
239.36	5.1822605e-05	-5.8435606	-0.0051785502
240	5.1461193e-05	-5.8436161	-0.005225477
240.64	5.1944157e-05	-5.8435647	-0.0051545498
241.28	5.3008906e-05	-5.8435695	-0.0051815277
241.92	5.2494548e-05	-5.8435633	-0.0052442369
242.56	5.2851358e-05	-5.843605	-0.0052109932
243.2	5.3903577e-05	-5.8435316	-0.0049516732
243.84	5.3656309e-05	-5.8435413	-0.0051500896
244.48	5.2096496e-05	-5.8436291	-0.0052691059
245.12	5.1579889e-05	-5.8435087	-0.0049806707
245.76	5.1274704e-05	-5.8435647	-0.0051453814
246.4	5.1904473e-05	-5.8435233	-0.0051618174
247.04	5.2146733e-05	-5.8435602	-0.0051533887
247.68	5.2439698e-05	-5.8435874	-0.005327377
248.32	5.3238505e-05	-5.843485	-0.0051204916
248.96	5.3231952e-05	-5.8435542	-0.0051657433
249.6	5.3095346e-05	-5.8435495	-0.0051569604
250.24	5.3233354e-05	-5.8435783	-0.0051644346
250.88	5.2522579e-05	-5.8436623	-0.0051403215
251.52	5.1432201e-05	-5.8435178	-0.0050763453
252.16	5.248543e-05	-5.8435658	-0.0051590721
252.8	5.190745e-05	-5.8435605	-0.0051077654
253.44	5.2016519e-05	-5.8435925	-0.0052024999
254.08	5.2137808e-05	-5.8435498	-0.0050913105
254.72	5.2326123e-05	-5.8435352	-0.0051227917
255.36	5.3160093e-05	-5.8436658	-0.005198606
256	5.3377379e-05	-5.8434941	-0.0051843281
256.64	5.3138872e-05	-5.8436481	-0.0051223866
257.28	5.1190148e-05	-5.8436657	-0.0049872983
257.92	5.2027341e-05	-5.8435696	-0.0051788877
258.56	5.1332197e-05	-5.8435414	-0.0051648004
259.2	5.1442966e-05	-5.8436064	-0.0050864602
259.84	5.1960035e-05	-5.8435598	-0.0050998787
260.48	5.2267411e-05	-5.8435685	-0.0052893464
261.12	5.2506163e-05	-5.8435865	-0.0052114559
261.76	5.3416013e-05	-5.8435777	-0.0051147844
262.4	5.2899762e-05	-5.8435169	-0.0051022413
263.04	5.3395461e-05	-5.8436158	-0.0049695504
263.68	5.2148625e-05	-5.8436528	-0.0051770296
264.32	5.2686206e-05	-5.8436076	-0.0051245604
264.96	5.1475159e-05	-5.8435508	-0.0051606176
265.6	5.2081789e-05	-5.8435606	-0.0050077827
266.24	5.1987192e-05	-5.8435691	-0.0051579178
266.88	5.1766428e-05	-5.8435773	-0.0051295467
267.52	5.2953418e-05	-5.8435496	-0.0050642116
268.16	5.3137462e-05	-5.8436145	-0.0050887503
268.8	5.3595067e-05	-5.8435082	-0.005251041
269.44	5.2954399e-05	-5.8436619	-0.004912566
270.08	5.1784338e-05	-5.8436013	-0.0049834031
270.72	5.1407961e-05	-5.8435738	-0.0051153863
271.36	5.2065947e-05	-5.8435283	-0.005107536
272	5.1717771e-05	-5.8435835	-0.0052074455
272.64	5.1296977e-05	-5.8435916	-0.0051003231
273.28	5.2102604e-05	-5.8435821	-0.0051744509
273.92	5.3552603e-05	-5.8435966	-0.0052276289
274.56	5.2789908e-05	-5.8435955	-0.0050737278
275.2	5.3614285e-05	-5.843564	-0.0051295126
275.84	5.2482418e-05	-5.8435219	-0.0049158922
276.48	5.1442912e-05	-5.8435824	-0.005033884
277.12	5.2354509e-05	-5.8435796	-0.0051244844
277.76	5.1091433e-05	-5.8435368	-0.0050736401
278.4	5.2225261e-05	-5.8435189	-0.0052059585
279.04	5.1609712e-05	-5.8436104	-0.0051022749
279.68	5.1761344e-05	-5.8435723	-0.0051499241
280.32	5.1354816e-05	-5.8436222	-0.0052304887
280.96	5.3407078e-05	-5.8436286	-0.0050262261
281.6	5.3275949e-05	-5.8435684	-0.005363753
282.24	5.2834938e-05	-5.8435596	-0.0051166802
282.88	5.2156983e-05	-5.8434856	-0.0050338011
283.52	5.129657e-05	-5.8435786	-0.0049660241
284.16	5.1075441e-05	-5.8436252	-0.0051474775
284.8	5.1806173e-05	-5.8435883	-0.0050810164
285.44	5.1657196e-05	-5.843615	-0.0050066747
286.08	5.3438015e-05	-5.8435924	-0.0051791111
286.72	5.3617316e-05	-5.8435591	-0.005168567
287.36	5.4141478e-05	-5.8435129	-0.0050365919
288	5.3063053e-05	-5.8435682	-0.0052357033
288.64	5.2093457e-05	-5.8435311	-0.0049508659
289.28	5.1737613e-05	-5.8435878	-0.0051592127
289.92	5.1039119e-05	-5.8434949	-0.0050728127
290.56	5.1644836e-05	-5.8435793	-0.0050452845
291.2	5.1794915e-05	-5.8435742	-0.0050348664
291.84	5.2087439e-05	-5.8435547	-0.0049402216
292.48	5.2710597e-05	-5.8435635	-0.0052043094
293.12	5.4028498e-05	-5.8434756	-0.0050483065
293.76	5.385849e-05	-5.8435405	-0.0051290617
294.4	5.1810335e-05	-5.8435206	-0.0050384801
295.04	5.2404099e-05	-5.8436247	-0.0051246072
295.68	5.1953635e-05	-5.8435417	-0.0050613435
296.32	5.1652268e-05	-5.8436119	-0.0050178883
296.96	5.1758554e-05	-5.8435934	-0.0051465561
297.6	5.1453299e-05	-5.8435319	-0.0051403117
298.24	5.2361918e-05	-5.8435641	-0.0051253909
298.88	5.2873498e-05	-5.8435495	-0.0051198494
299.52	5.3513412e-05	-5.8436285	-0.0053051656
300.16	5.4354201e-05	-5.8435922	-0.0051387694
300.8	5.3294882e-05	-5.8435549	-0.0051517224
301.44	5.2757663e-05	-5.8435788	-0.0051267021
302.08	5.2293047e-05	-5.8435422	-0.005052221
302.72	5.1094158e-05	-5.84363	-0.0051986504
303.36	5.1372104e-05	-5.8435789	-0.0050015366
304	5.1805689e-05	-5.8435366	-0.0051872128
304.64	5.2342114e-05	-5.8436382	-0.0051015881
305.28	5.2589628e-05	-5.843563	-0.0050093212
305.92	5.3789842e-05	-5.8436241	-0.0051471346
306.56	5.3161442e-05	-5.8435586	-0.0051643415
307.2	5.2228767e-05	-5.8435494	-0.0052622296
307.84	5.2245254e-05	-5.8435925	-0.0051494423
308.48	5.1012336e-05	-5.8435179	-0.0051281199
309.12	5.0991468e-05	-5.8435973	-0.0050263915
309.76	5.1870233e-05	-5.8435607	-0.0051451528
310.4	5.1998316e-05	-5.8435273	-0.0050562182
311.04	5.2054723e-05	-5.8435354	-0.0050891772
311.68	5.3165814e-05	-5.8435588	-0.0052144724
312.32	5.3518515e-05	-5.8435401	-0.0050959889
312.96	5.3878362e-05	-5.843606	-0.0050204057
313.6	5.2909677e-05	-5.8435829	-0.0050918614
314.24	5.2696989e-05	-5.8435792	-0.0050854689
314.88	5.0815777e-05	-5.8436387	-0.0051302446
315.52	5.153244e-05	-5.8435559	-0.0051888303
316.16	5.2485016e-05	-5.8435471	-0.0051076361
316.8	5.1569666e-05	-5.8435731	-0.0050885081
317.44	5.268506e-05	-5.8435824	-0.0051715505
318.08	5.406531e-05	-5.8435643	-0.0050853162
318.72	5.4057277e-05	-5.8435362	-0.0051701313
319.36	5.3421633e-05	-5.8436337	-0.0050469055
320	5.2727835e-05	-5.8435782	-0.0051768266
320.64	5.2144113e-05	-5.8435694	-0.0048865382
321.28	5.2066792e-05	-5.8436073	-0.0053084302
321.92	5.2095103e-05	-5.8436215	-0.0050791907
322.56	5.0974294e-05	-5.8435548	-0.0051799343
323.2	5.3022454e-05	-5.8435558	-0.0051003749
323.84	5.3437182e-05	-5.8435831	-0.0051980947
324.48	5.2945435e-05	-5.8436004	-0.0050963172
325.12	5.383167e-05	-5.8434895	-0.0050919658
325.76	5.319417e-05	-5.8435824	-0.0050654029
326.4	5.2539995e-05	-5.8435269	-0.0049882577
327.04	5.157758e-05	-5.8435783	-0.004942111
327.68	5.2537972e-05	-5.8435799	-0.0050451207
328.32	5.2034938e-05	-5.8435516	-0.0051119461
328.96	5.1734622e-05	-5.8436066	-0.0052191475
329.6	5.151275e-05	-5.8436007	-0.005148243
330.24	5.2505565e-05	-5.8435914	-0.0052033881
330.88	5.2507666e-05	-5.8435813	-0.0050389574
331.52	5.3339944e-05	-5.8435589	-0.0048915027
332.16	5.2495666e-05	-5.843526	-0.0050573921
332.8	5.3370502e-05	-5.8436116	-0.0051279535
333.44	5.2611108e-05	-5.843584	-0.0051091408
334.08	5.1738848e-05	-5.843528	-0.0050387573
334.72	5.2133964e-05	-5.8436401	-0.0050813489
335.36	5.1755327e-05	-5.8436205	-0.0051428895
336	5.2180457e-05	-5.8435082	-0.0050105485
336.64	5.3364779e-05	-5.843527	-0.0052103219
337.28	5.3867048e-05	-5.843578	-0.0052019391
337.92	5.3151518e-05	-5.8435912	-0.0052707401
338.56	5.3051552e-05	-5.8436011	-0.0049414217
339.2	5.2284519e-05	-5.8435408	-0.0051648956
339.84	5.1217017e-05	-5.8435966	-0.0050398357
340.48	5.1698572e-05	-5.8436024	-0.0051787333
341.12	5.1225278e-05	-5.8435833	-0.0052567582
341.76	5.2653139e-05	-5.8435516	-0.0052744053
342.4	5.229898e-05	-5.8435595	-0.00509507
343.04	5.2601416e-05	-5.8435634	-0.0051778942
343.68	5.3766172e-05	-5.8435592	-0.0050351378
344.32	5.3161305e-05	-5.8435447	-0.0051689853
344.96	5.3093205e-05	-5.8435825	-0.0048920614
345.6	5.1663873e-05	-5.8435915	-0.005068609
346.24	5.1502129e-05	-5.8435831	-0.0051308271
346.88	5.1906375e-05	-5.8435516	-0.0050888681
347.52	5.1324591e-05	-5.8436346	-0.0052098898
348.16	5.2287586e-05	-5.8435418	-0.0049146345
348.8	5.2518021e-05	-5.8434805	-0.0050605159
349.44	5.2648344e-05	-5.8435911	-0.0052164472
350.08	5.28073e-05	-5.8436233	-0.0052534273
350.72	5.4235289e-05	-5.8435829	-0.0052083869
351.36	5.226625e-05	-5.8436097	-0.0052312572
352	5.2084268e-05	-5.8435735	-0.0050822384
352.64	5.1463984e-05	-5.8435181	-0.0050604263
353.28	5.1542048e-05	-5.8436118	-0.0050600908
353.92	5.1937693e-05	-5.8435934	-0.005095389
354.56	5.2284499e-05	-5.8435371	-0.0051347332
355.2	5.2714636e-05	-5.8435503	-0.0053932081
355.84	5.3315047e-05	-5.8435452	-0.0051152121
356.48	5.4803448e-05	-5.8436158	-0.0050262043
357.12	5.2709817e-05	-5.8435256	-0.0051857132
357.76	5.3329163e-05	-5.8435179	-0.0049720131
358.4	5.2316516e-05	-5.843532	-0.0050531329
359.04	5.1458032e-05	-5.8435555	-0.0050792292
359.68	5.1716617e-05	-5.8435841	-0.0049394954
360.32	5.2141951e-05	-5.8435656	-0.0050991112
360.96	5.1746118e-05	-5.8434852	-0.0052142694
361.6	5.2211574e-05	-5.8435728	-0.005140446
362.24	5.3266323e-05	-5.8435171	-0.0050594607
362.88	5.3235468e-05	-5.8435259	-0.0050691164
363.52	5.2964276e-05	-5.8436003	-0.0050401925
364.16	5.2526644e-05	-5.843587	-0.0051138546
364.8	5.1845204e-05	-5.8435783	-0.0050510403
365.44	5.1719003e-05	-5.8435978	-0.0051751851
366.08	5.1993035e-05	-5.8435239	-0.0051181241
366.72	5.1535363e-05	-5.8435231	-0.004941572
367.36	5.2659882e-05	-5.8435464	-0.0051321071
368	5.2870139e-05	-5.8435407	-0.0051349161
368.64	5.3430534e-05	-5.8436054	-0.0052321957
369.28	5.3566155e-05	-5.8435495	-0.0052195908
369.92	5.3153557e-05	-5.8435775	-0.0052543861
370.56	5.2433755e-05	-5.843536	-0.0050216716
371.2	5.1742672e-05	-5.8435458	-0.0050246374
371.84	5.1222707e-05	-5.8436439	-0.0049925832
372.48	5.1196451e-05	-5.8435418	-0.0050926615
373.12	5.2078977e-05	-5.8436071	-0.0051182874
373.76	5.1872805e-05	-5.8435128	-0.0051511632
374.4	5.1905584e-05	-5.843586	-0.004984601
375.04	5.3620509e-05	-5.8436008	-0.0051030326
375.68	5.4063654e-05	-5.843536	-0.0050260051
376.32	5.2358056e-05	-5.8435722	-0.0051270057
376.96	5.2363558e-05	-5.843592	-0.0052523915
377.6	5.1852037e-05	-5.8435136	-0.0049904139
378.24	5.1941679e-05	-5.8435145	-0.0051734337
378.88	5.1931563e-05	-5.8436262	-0.0050174779
379.52	5.186151e-05	-5.8435836	-0.0050393545
380.16	5.2551892e-05	-5.8435598	-0.0051197517
380.8	5.2484321e-05	-5.843512	-0.0050833362
381.44	5.352318e-05	-5.8436193	-0.0051996648
382.08	5.3250014e-05	-5.8435585	-0.0050232597
382.72	5.2735012e-05	-5.8435402	-0.005286951
383.36	5.27514e-05	-5.8435833	-0.0051255597
384	5.2028928e-05	-5.8435791	-0.0049591833
384.64	5.1485208e-05	-5.8436071	-0.0051640226
385.28	5.0959788e-05	-5.8435833	-0.0050166389
385.92	5.2279134e-05	-5.8435745	-0.0051573825
386.56	5.2848041e-05	-5.8435273	-0.0051699653
387.2	5.2890021e-05	-5.8435727	-0.0049729738
387.84	5.32532e-05	-5.8435724	-0.0051883262
388.48	5.359854e-05	-5.8435915	-0.0051121466
389.12	5.197185e-05	-5.8435815	-0.0051888669
389.76	5.2694566e-05	-5.8436067	-0.0051107386
390.4	5.2236136e-05	-5.8436073	-0.0050528561
391.04	5.1820561e-05	-5.8435237	-0.0049128714
391.68	5.1714454e-05	-5.8435001	-0.004985075
392.32	5.2911527e-05	-5.8435098	-0.0050730044
392.96	5.2528816e-05	-5.8436152	-0.0051907006
393.6	5.3128157e-05	-5.8435496	-0.0051998094
394.24	5.3125424e-05	-5.8435537	-0.0051018842
394.88	5.3619384e-05	-5.843587	-0.0051527785
395.52	5.3034415e-05	-5.8435409	-0.005114742
396.16	5.2493671e-05	-5.8435415	-0.0051132453
396.8	5.2017949e-05	-5.8435746	-0.0051562218
397.44	5.0889108e-05	-5.8435879	-0.0050583724
398.08	5.160029e-05	-5.8435558	-0.0052128493
398.72	5.2234416e-05	-5.8434624	-0.0050186059
399.36	5.2804998e-05	-5.8435688	-0.0052060504
400	5.2793292e-05	-5.843526	-0.0050101875
400.64	5.3306785e-05	-5.8435167	-0.0051613863
401.28	5.3778741e-05	-5.8436477	-0.0052573468
401.92	5.2170838e-05	-5.8434843	-0.0050323072
402.56	5.2621372e-05	-5.8436116	-0.0051084299
403.2	5.1792029e-05	-5.8436163	-0.005014312
403.84	5.2264594e-05	-5.8435195	-0.0050850517
404.48	5.1012285e-05	-5.8435597	-0.0051755381
405.12	5.2022206e-05	-5.8435876	-0.0051242269
405.76	5.296032e-05	-5.8436246	-0.0051585449
406.4	5.301451e-05	-5.8436145	-0.0051761697
407.04	5.2762125e-05	-5.8435953	-0.0050226255
407.68	5.3064634e-05	-5.8435634	-0.0050961886
408.32	5.3329769e-05	-5.8435275	-0.0051150663
408.96	5.2325211e-05	-5.8435649	-0.0049045942
409.6	5.1061991e-05	-5.8436203	-0.0052269546
410.24	5.1520481e-05	-5.8435884	-0.0050002112
410.88	5.1748381e-05	-5.8435557	-0.0050331215
411.52	5.1683893e-05	-5.8436197	-0.005029576
412.16	5.3601742e-05	-5.8435182	-0.0050353565
412.8	5.3846445e-05	-5.8435594	-0.0050434439
413.44	5.3266346e-05	-5.8435865	-0.0051763381
414.08	5.3037015e-05	-5.8435914	-0.0050370899
414.72	5.2762936e-05	-5.8436154	-0.0050256313
415.36	5.198103e-05	-5.8435274	-0.0051250283
416	5.1403229e-05	-5.8435882	-0.0051869701
416.64	5.1657634e-05	-5.8435608	-0.0051005861
417.28	5.1842119e-05	-5.8435325	-0.005030759
417.92	5.2514401e-05	-5.8435414	-0.0049284002
418.56	5.2776424e-05	-5.8436475	-0.0049580033
419.2	5.3072423e-05	-5.8435865	-0.0051811488
419.84	5.328391e-05	-5.84354	-0.0051322228
420.48	5.3402576e-05	-5.8435732	-0.0051233356
421.12	5.2746863e-05	-5.8435225	-0.0050954152
421.76	5.2581687e-05	-5.8435886	-0.0050313811
422.4	5.2131901e-05	-5.8436123	-0.00510873
423.04	5.0782112e-05	-5.843518	-0.005152209
423.68	5.2459402e-05	-5.843519	-0.0051010635
424.32	5.1550514e-05	-5.8435031	-0.0050255014
424.96	5.2463119e-05	-5.8434888	-0.005091632
425.6	5.367966e-05	-5.8435404	-0.0050196294
426.24	5.3933389e-05	-5.843536	-0.0051734375
426.88	5.353101e-05	-5.8436107	-0.0051155154
427.52	5.283966e-05	-5.8435879	-0.0050530088
428.16	5.2850339e-05	-5.8435379	-0.0051123503
428.8	5.1668743e-05	-5.8435561	-0.0050225555
429.44	5.167515e-05	-5.8435654	-0.0051156942
430.08	5.2234543e-05	-5.8435559	-0.0053117694
430.72	5.2497133e-05	-5.8435317	-0.0052309734
431.36	5.3660053e-05	-5.843527	-0.0050813063
432	5.2982404e-05	-5.8435629	-0.0051267843
432.64	5.2869224e-05	-5.843535	-0.0051084217
433.28	5.3595641e-05	-5.8436109	-0.0051422737
433.92	5.1949073e-05	-5.8435686	-0.0050113792
434.56	5.2089116e-05	-5.8435978	-0.0050583217
435.2	5.1180662e-05	-5.843565	-0.0050389649
435.84	5.1481554e-05	-5.843514	-0.0050587127
436.48	5.1477349e-05	-5.8435364	-0.0051245107
437.12	5.203119e-05	-5.8435264	-0.005075438
437.76	5.3899693e-05	-5.8435131	-0.004974884
438.4	5.3810542e-05	-5.8435497	-0.0051650415
439.04	5.4486007e-05	-5.8436436	-0.0050283204
439.68	5.3769999e-05	-5.8435462	-0.0050869928
440.32	5.3142807e-05	-5.8435096	-0.0050263862
440.96	5.0439257e-05	-5.8435591	-0.0050498018
441.6	5.0987381e-05	-5.8436346	-0.0053612009
442.24	5.1789225e-05	-5.8435281	-0.004991561
442.88	5.1697274e-05	-5.8435085	-0.0052129189
443.52	5.2189368e-05	-5.843531	-0.0051592711
444.16	5.337035e-05	-5.8436381	-0.0051922604
444.8	5.4161914e-05	-5.8435733	-0.0052664797
445.44	5.4563461e-05	-5.8435927	-0.0049921135
446.08	5.1580185e-05	-5.8435722	-0.0050906846
446.72	5.2515913e-05	-5.843579	-0.005168189
447.36	5.2162079e-05	-5.8435424	-0.0050784754
448	5.1483628e-05	-5.8435699	-0.0050523722
448.64	5.1328901e-05	-5.8435508	-0.0049854765
449.28	5.2028569e-05	-5.8436062	-0.0052236684
449.92	5.2601661e-05	-5.8435172	-0.0051632564
450.56	5.2761499e-05	-5.843628	-0.0051369671
451.2	5.3219133e-05	-5.8436096	-0.0050604905
451.84	5.3824039e-05	-5.8435316	-0.0051089819
452.48	5.2930966e-05	-5.8435597	-0.005021349
453.12	5.2039284e-05	-5.8436949	-0.0052378399
453.76	5.1563739e-05	-5.8435744	-0.005165589
454.4	5.1183943e-05	-5.8436301	-0.0051583479
455.04	5.0892761e-05	-5.8435502	-0.0050668453
455.68	5.1470575e-05	-5.8435869	-0.0052213223
456.32	5.273913e-05	-5.8435916	-0.005207426
456.96	5.2831513e-05	-5.8434653	-0.0050297579
457.6	5.2953127e-05	-5.8435443	-0.0051291287
458.24	5.2615798e-05	-5.8435771	-0.005175263
458.88	5.2012361e-05	-5.8435776	-0.0051218773
459.52	5.1458546e-05	-5.8436108	-0.0053481851
460.16	5.2875691e-05	-5.8435944	-0.0050217507
460.8	5.2729903e-05	-5.8436222	-0.0051203306
461.44	5.2089139e-05	-5.8435698	-0.0050583542
462.08	5.2284174e-05	-5.8435456	-0.0050496333
462.72	5.3414129e-05	-5.843527	-0.005020804
463.36	5.3825657e-05	-5.8435546	-0.0051689507
464	5.4345517e-05	-5.8435458	-0.0051838034
464.64	5.2266989e-05	-5.8436654	-0.005243005
465.28	5.2553899e-05	-5.8435132	-0.0050124708
465.92	5.1692137e-05	-5.8435925	-0.0050217673
466.56	5.1950482e-05	-5.8435051	-0.0051427815
467.2	5.0920699e-05	-5.8435691	-0.0051641692
467.84	5.0982097e-05	-5.8436057	-0.0050873642
468.48	5.3059516e-05	-5.8436764	-0.0050610649
469.12	5.2396705e-05	-5.8436049	-0.0051362517
469.76	5.3734915e-05	-5.8435452	-0.0051659289
470.4	5.3678356e-05	-5.8435545	-0.0049994665
471.04	5.3703006e-05	-5.8435506	-0.0052229324
471.68	5.1820978e-05	-5.8435824	-0.0050885683
472.32	5.1360439e-05	-5.8435923	-0.0051505288
472.96	5.1910595e-05	-5.8435283	-0.0050436536
473.6	5.1817981e-05	-5.8436351	-0.0051523928
474.24	5.121315e-05	-5.8436012	-0.0051039402
474.88	5.2425205e-05	-5.8435408	-0.0050747008
475.52	5.3513636e-05	-5.8435594	-0.004983835
476.16	5.3304324e-05	-5.8436005	-0.0051419242
476.8	5.3739661e-05	-5.84355	-0.0051403661
477.44	5.2507969e-05	-5.8435728	-0.005153441
478.08	5.2998662e-05	-5.8435558	-0.0051160729
478.72	5.1632137e-05	-5.843588	-0.0050805732
479.36	5.2367686e-05	-5.8435334	-0.0050998908
480	5.2033461e-05	-5.8435701	-0.0049805847
480.64	5.1193559e-05	-5.843615	-0.0050953363
481.28	5.1974788e-05	-5.843503	-0.0050484971
481.92	5.3331556e-05	-5.8435871	-0.0049905843
482.56	5.3569059e-05	-5.8435542	-0.0051863925
483.2	5.3309123e-05	-5.8435682	-0.0051584937
483.84	5.2454002e-05	-5.8436148	-0.0051906916
484.48	5.2300937e-05	-5.8435785	-0.0051661366
485.12	5.2235611e-05	-5.8434306	-0.0050029197
485.76	5.0839581e-05	-5.8435599	-0.0050644937
486.4	5.1311062e-05	-5.8436205	-0.0052517033
487.04	5.1783863e-05	-5.8436015	-0.0050539993
487.68	5.2788167e-05	-5.8435177	-0.0050682719
488.32	5.2565248e-05	-5.843563	-0.0050012517
488.96	5.3376745e-05	-5.8435913	-0.0051506021
489.6	5.4002017e-05	-5.8435364	-0.0050453987
490.24	5.213299e-05	-5.8435354	-0.0051215153
490.88	5.3003336e-05	-5.8436026	-0.0051242646
491.52	5.1542393e-05	-5.8435555	-0.0049552493
492.16	5.1332568e-05	-5.8435557	-0.0052278599
492.8	5.1297917e-05	-5.8435786	-0.0051043572
493.44	5.1998919e-05	-5.8435598	-0.005181389
494.08	5.2818782e-05	-5.843606	-0.0051289975
494.72	5.2871609e-05	-5.8435911	-0.0049757542
495.36	5.2993342e-05	-5.8436141	-0.0052059022
496	5.2573892e-05	-5.8436001	-0.0051273019
496.64	5.2650381e-05	-5.8435268	-0.0051909658
497.28	5.1572635e-05	-5.8435316	-0.0051514793
497.92	5.1491021e-05	-5.8435371	-0.0050291187
498.56	5.1237992e-05	-5.8436161	-0.0052467487
499.2	5.1280687e-05	-5.8434994	-0.0051012613
499.84	5.263848e-05	-5.8435648	-0.0050338228
