0	5.8657261e-05	-5.8473101	-0.020439677
0.64	5.8358843e-05	-5.8473839	-0.020555827
1.28	5.9625983e-05	-5.8473098	-0.020503496
1.92	6.0121661e-05	-5.8473556	-0.020667795
2.56	6.1884738e-05	-5.8473888	-0.02063339
3.2	6.0423552e-05	-5.8472986	-0.020494675
3.84	5.9549959e-05	-5.8473307	-0.020510241
4.48	6.0837278e-05	-5.8473144	-0.020602924
5.12	5.9159771e-05	-5.8474024	-0.020373411
5.76	5.9357039e-05	-5.8473617	-0.020622893
6.4	5.8307825e-05	-5.8473982	-0.020490855
7.04	5.9205594e-05	-5.8473056	-0.020504167
7.68	6.0172029e-05	-5.8473613	-0.020599223
8.32	5.9581924e-05	-5.847313	-0.020481487
8.96	6.1660862e-05	-5.8472722	-0.020461607
9.6	6.0256832e-05	-5.8473543	-0.020517973
10.24	6.0931607e-05	-5.8473461	-0.02041053
10.88	6.0276189e-05	-5.847407	-0.020718446
11.52	5.9917236e-05	-5.8473522	-0.020572611
12.16	5.9586544e-05	-5.8473341	-0.02044781
12.8	5.9189941e-05	-5.8473851	-0.020529996
13.44	5.887222e-05	-5.8473238	-0.020535097
14.08	6.0087449e-05	-5.847375	-0.020635543
14.72	6.0275503e-05	-5.8473646	-0.020696767
15.36	6.0876046e-05	-5.8473039	-0.020445449
16	6.075989e-05	-5.8473641	-0.020507545
16.64	6.0377436e-05	-5.8473644	-0.020752619
17.28	6.0818362e-05	-5.8473287	-0.02047754
17.92	5.8568978e-05	-5.8473323	-0.020663805
18.56	5.9096795e-05	-5.8473709	-0.02044458
19.2	5.9141959e-05	-5.8473478	-0.020592281
19.84	5.9974967e-05	-5.847348	-0.020476953
20.48	5.9666668e-05	-5.8473605	-0.02047026
21.12	6.0741168e-05	-5.8473464	-0.020474341
21.76	6.1384791e-05	-5.8473927	-0.020626927
22.4	6.1866265e-05	-5.8473559	-0.020553395
23.04	6.0402363e-05	-5.8472808	-0.020755293
23.68	6.0558172e-05	-5.8473473	-0.020691492
24.32	5.9676836e-05	-5.8473987	-0.020541861
24.96	5.9433212e-05	-5.8473062	-0.020475109
25.6	5.9544475e-05	-5.8473342	-0.020597772
26.24	5.8235716e-05	-5.8473135	-0.020508691
26.88	6.0691844e-05	-5.8473799	-0.020443107
27.52	6.0404422e-05	-5.8473133	-0.020527372
28.16	6.1525678e-05	-5.8472394	-0.02043211
28.8	6.0532625e-05	-5.8473548	-0.020682585
29.44	6.0685658e-05	-5.8473649	-0.020732182
30.08	5.9682947e-05	-5.8473652	-0.020647747
30.72	5.9402604e-05	-5.8474125	-0.020546311
31.36	5.9030477e-05	-5.847357	-0.020487169
32	5.8925608e-05	-5.8473102	-0.020424433
32.64	5.9211015e-05	-5.8472864	-0.02061685
33.28	5.9358175e-05	-5.8473318	-0.020459104
33.92	6.0120749e-05	-5.8472757	-0.020650511
34.56	6.1240119e-05	-5.8472902	-0.020700381
35.2	6.0072575e-05	-5.8472893	-0.020508519
35.84	6.019374e-05	-5.8473229	-0.020465839
36.48	5.9519783e-05	-5.847342	-0.020423531
37.12	5.9292244e-05	-5.8474032	-0.020553165
37.76	5.8962102e-05	-5.8473336	-0.020455234
38.4	5.9383787e-05	-5.8472733	-0.020550558
39.04	5.9262208e-05	-5.847384	-0.020607989
39.68	5.963585e-05	-5.8473692	-0.020550165
40.32	6.1439811e-05	-5.8473234	-0.020458597
40.96	6.1190546e-05	-5.8473413	-0.020447198
41.6	6.0470745e-05	-5.8472944	-0.020457336
42.24	6.0618701e-05	-5.847356	-0.020694412
42.88	5.9697312e-05	-5.8473423	-0.020650392
43.52	5.892269e-05	-5.8473239	-0.020505807
44.16	5.9179979e-05	-5.8473385	-0.020596885
44.8	5.9089793e-05	-5.8473566	-0.020523545
45.44	5.9650881e-05	-5.8473051	-0.020531761
46.08	5.9308319e-05	-5.8473269	-0.020571145
46.72	6.0394883e-05	-5.8473037	-0.020521863
47.36	6.2108542e-05	-5.8473702	-0.020437002
48	6.1800993e-05	-5.8473796	-0.020543275
48.64	6.0765199e-05	-5.8473982	-0.020657861
49.28	6.0859377e-05	-5.8473809	-0.020605905
49.92	5.88683e-05	-5.8474356	-0.020511991
50.56	5.9476743e-05	-5.8473341	-0.020297474
51.2	5.8136453e-05	-5.8473184	-0.020571285
51.84	5.8993641e-05	-5.8473414	-0.020517603
52.48	6.1108657e-05	-5.8473516	-0.02037352
53.12	6.0159318e-05	-5.8473126	-0.020531035
53.76	6.0660998e-05	-5.8473362	-0.020600408
54.4	6.0424603e-05	-5.847383	-0.020570801
55.04	5.9956761e-05	-5.8473464	-0.020436224
55.68	5.9100109e-05	-5.8474165	-0.020581364
56.32	5.9227622e-05	-5.8473477	-0.020582141
56.96	5.8272358e-05	-5.8473468	-0.020686384
57.6	5.9951092e-05	-5.8473804	-0.020535955
58.24	5.9855134e-05	-5.8473188	-0.020710492
58.88	6.0336094e-05	-5.8474205	-0.020722011
59.52	6.1887031e-05	-5.8473003	-0.020596882
60.16	6.1833149e-05	-5.8473327	-0.020584586
60.8	6.0001864e-05	-5.8473549	-0.020333477
61.44	5.94045e-05	-5.8473508	-0.020615983
62.08	5.8671592e-05	-5.8474209	-0.02043689
62.72	5.858564e-05	-5.8473889	-0.020703514
63.36	5.8721843e-05	-5.8473844	-0.020543484
64	5.93864e-05	-5.8473518	-0.020681556
64.64	5.8887927e-05	-5.847313	-0.020524193
65.28	5.975727e-05	-5.8472569	-0.020577135
65.92	6.1873794e-05	-5.8473933	-0.020380293
66.56	6.1440435e-05	-5.8473417	-0.020596822
67.2	6.1112222e-05	-5.8473468	-0.02049617
67.84	6.0249366e-05	-5.8473657	-0.020562824
68.48	5.8766259e-05	-5.8473281	-0.020484125
69.12	5.8422634e-05	-5.8473051	-0.020635129
69.76	5.9155252e-05	-5.8473755	-0.020581662
70.4	6.0143226e-05	-5.8473989	-0.020613316
71.04	6.0372069e-05	-5.8473328	-0.020470056
71.68	6.1247092e-05	-5.8473094	-0.020580401
72.32	6.0714619e-05	-5.8473223	-0.020510056
72.96	6.0813434e-05	-5.8474017	-0.020489512
73.6	5.9284387e-05	-5.8473127	-0.020521181
74.24	5.9457438e-05	-5.8473652	-0.02039155
74.88	6.0376584e-05	-5.8473345	-0.020502031
75.52	5.8709551e-05	-5.8473659	-0.020637568
76.16	5.9547901e-05	-5.8473665	-0.020538204
76.8	5.8904475e-05	-5.8472719	-0.020632367
77.44	6.0122275e-05	-5.8473417	-0.020534483
78.08	5.9933353e-05	-5.8472847	-0.020535848
78.72	5.9920861e-05	-5.8473076	-0.020390383
79.36	6.0412232e-05	-5.8473177	-0.020692825
80	6.069568e-05	-5.847398	-0.020567268
80.64	5.8799624e-05	-5.8473415	-0.020521312
81.28	5.9064219e-05	-5.8473705	-0.020640842
81.92	5.9094075e-05	-5.8473011	-0.020693096
82.56	5.88261e-05	-5.8473052	-0.020535361
83.2	5.8867161e-05	-5.847281	-0.020731904
83.84	5.9208443e-05	-5.8472755	-0.020618426
84.48	6.1568377e-05	-5.8473467	-0.020544507
85.12	5.9927709e-05	-5.8474192	-0.020725178
85.76	6.028928e-05	-5.8473363	-0.020479807
86.4	5.9975892e-05	-5.8473788	-0.020669501
87.04	5.9649116e-05	-5.8473517	-0.020500329
87.68	5.920449e-05	-5.8473847	-0.020555168
88.32	5.7562946e-05	-5.8472996	-0.020574333
88.96	5.8470322e-05	-5.8473559	-0.020634446
89.6	5.967575e-05	-5.8473282	-0.020449077
90.24	6.0101995e-05	-5.847374	-0.020535323
90.88	6.0313073e-05	-5.8473733	-0.020483977
91.52	6.0822632e-05	-5.8473875	-0.020562818
92.16	5.9894924e-05	-5.8473034	-0.020531352
92.8	6.0701929e-05	-5.8473564	-0.02063479
93.44	5.950618e-05	-5.8472959	-0.020537998
94.08	5.9303235e-05	-5.8473663	-0.020339638
94.72	5.9211671e-05	-5.847371	-0.020575959
95.36	5.957132e-05	-5.8473569	-0.020712757
96	5.9943558e-05	-5.8473562	-0.020656125
96.64	6.0786079e-05	-5.8473512	-0.02070376
97.28	6.0858591e-05	-5.8473365	-0.020648388
97.92	6.042525e-05	-5.8472941	-0.020569902
98.56	6.0640948e-05	-5.8473555	-0.020561709
99.2	6.0321175e-05	-5.8473796	-0.020535357
99.84	5.9978573e-05	-5.8473292	-0.020537116
100.48	5.9542807e-05	-5.847362	-0.020567773
101.12	6.0029853e-05	-5.847316	-0.020582377
101.76	5.9537297e-05	-5.8472543	-0.02063621
102.4	5.971777e-05	-5.8473138	-0.020527938
103.04	6.1423521e-05	-5.8474029	-0.020362916
103.68	6.1037385e-05	-5.8473274	-0.020526662
104.32	6.0578271e-05	-5.8473734	-0.020580292
104.96	6.0831886e-05	-5.8473837	-0.020584247
105.6	5.9644262e-05	-5.8473279	-0.020609375
106.24	5.9173618e-05	-5.8473425	-0.020532094
106.88	6.022715e-05	-5.8473581	-0.020467456
107.52	5.8863823e-05	-5.8473194	-0.020626398
108.16	5.9152626e-05	-5.8474027	-0.020671381
108.8	5.9843525e-05	-5.8473604	-0.020529778
109.44	6.0538591e-05	-5.8473227	-0.020496229
110.08	6.0174344e-05	-5.847359	-0.020693278
110.72	6.0512596e-05	-5.8472804	-0.020580915
111.36	6.0692537e-05	-5.8473279	-0.020636568
112	5.8717354e-05	-5.8473271	-0.020562627
112.64	5.9382152e-05	-5.8473521	-0.020585331
113.28	5.8543816e-05	-5.8473797	-0.020480493
113.92	5.8966128e-05	-5.8473334	-0.020704078
114.56	6.0443196e-05	-5.8473201	-0.020601446
115.2	5.9747264e-05	-5.8472997	-0.020658913
115.84	6.0388164e-05	-5.8473829	-0.020456213
116.48	6.1102601e-05	-5.8473087	-0.020515638
117.12	6.1173307e-05	-5.847309	-0.02051947
117.76	6.0782064e-05	-5.8473886	-0.020532138
118.4	5.9900098e-05	-5.8473424	-0.020515807
119.04	5.8586719e-05	-5.8473049	-0.020597907
119.68	5.8565801e-05	-5.8473286	-0.020263945
120.32	5.9043375e-05	-5.8474404	-0.020467978
120.96	6.0184184e-05	-5.8473801	-0.020700627
121.6	6.0658044e-05	-5.8473701	-0.020604367
122.24	6.0355755e-05	-5.8473409	-0.020464498
122.88	6.0530607e-05	-5.8473035	-0.020537534
123.52	6.0546965e-05	-5.8474109	-0.020671054
124.16	5.9924497e-05	-5.8473926	-0.020593519
124.8	5.9157889e-05	-5.8472767	-0.020654282
125.44	5.9174393e-05	-5.8473754	-0.020705048
126.08	5.8202636e-05	-5.8474073	-0.020550177
126.72	5.8340707e-05	-5.8473558	-0.020551636
127.36	5.9620129e-05	-5.847384	-0.0206047
128	6.0830726e-05	-5.8473282	-0.020501354
128.64	6.0431177e-05	-5.8473083	-0.0204959
129.28	6.0525463e-05	-5.8473361	-0.02061284
129.92	6.0158761e-05	-5.8473269	-0.020555195
130.56	5.9884677e-05	-5.8473137	-0.020516002
131.2	5.8965919e-05	-5.8473604	-0.02057489
131.84	5.908291e-05	-5.8472962	-0.02056885
132.48	5.8658914e-05	-5.8472914	-0.020462928
133.12	5.9520778e-05	-5.847315	-0.020348154
133.76	6.0278355e-05	-5.8474078	-0.020633941
134.4	5.9928651e-05	-5.847355	-0.020462633
135.04	6.0002098e-05	-5.8473125	-0.020515567
135.68	6.0016827e-05	-5.8473914	-0.020588827
136.32	6.0470185e-05	-5.8472994	-0.020567847
136.96	6.0354668e-05	-5.8474027	-0.020659143
137.6	5.9631338e-05	-5.8472775	-0.020546082
138.24	5.8605708e-05	-5.847268	-0.020540983
138.88	5.9506037e-05	-5.8473806	-0.020439567
139.52	6.0143328e-05	-5.8473573	-0.020415936
140.16	6.0434011e-05	-5.8473566	-0.020394183
140.8	5.9280256e-05	-5.8473729	-0.020618851
141.44	6.1130198e-05	-5.8473274	-0.020484364
142.08	6.055792e-05	-5.8473641	-0.020417271
142.72	6.0841047e-05	-5.8473697	-0.020523718
143.36	6.0463056e-05	-5.84731	-0.020412711
144	6.0461883e-05	-5.8473343	-0.02054062
144.64	5.9787869e-05	-5.8473343	-0.020593015
145.28	5.9941251e-05	-5.8473159	-0.020500794
145.92	5.9992943e-05	-5.847292	-0.020573132
146.56	5.9523077e-05	-5.8472438	-0.020496814
147.2	6.0741538e-05	-5.8473695	-0.020546837
147.84	6.0445449e-05	-5.8473407	-0.020475618
148.48	6.0281455e-05	-5.8473081	-0.0205737
149.12	6.0853718e-05	-5.8473373	-0.020698295
149.76	5.9779577e-05	-5.8473327	-0.020570313
150.4	5.8568756e-05	-5.8473093	-0.020522855
151.04	5.9568378e-05	-5.8473852	-0.020704168
151.68	5.8745251e-05	-5.8473704	-0.020497477
152.32	5.960787e-05	-5.8473426	-0.020582772
152.96	6.0230466e-05	-5.8473654	-0.020489804
153.6	6.0998008e-05	-5.8473046	-0.020436672
154.24	6.0936202e-05	-5.8472899	-0.020415148
154.88	6.1788885e-05	-5.8473608	-0.020604334
155.52	5.9808765e-05	-5.8473224	-0.0204571
156.16	6.1036664e-05	-5.8473341	-0.020674703
156.8	5.9677695e-05	-5.8473989	-0.020616134
157.44	5.9406857e-05	-5.8473154	-0.020545624
158.08	5.8576324e-05	-5.8474213	-0.020601934
158.72	6.0360263e-05	-5.8473059	-0.020577646
159.36	5.9994523e-05	-5.8474021	-0.020637126
160	6.028435e-05	-5.8473316	-0.020540035
160.64	6.0988552e-05	-5.8473179	-0.020628368
161.28	6.1242065e-05	-5.8473557	-0.020529626
161.92	5.9412187e-05	-5.8473594	-0.020395926
162.56	6.0174249e-05	-5.8473614	-0.0206246
163.2	5.9497379e-05	-5.8473989	-0.020432304
163.84	5.8227483e-05	-5.8473049	-0.020459545
164.48	5.9734536e-05	-5.8473712	-0.020553634
165.12	5.9571309e-05	-5.847398	-0.020443586
165.76	6.0855572e-05	-5.8473469	-0.020503817
166.4	6.1514893e-05	-5.8473141	-0.020335323
167.04	6.1439564e-05	-5.8473603	-0.020584173
167.68	6.1077166e-05	-5.8473325	-0.020541926
168.32	6.0877776e-05	-5.8473193	-0.020708121
168.96	5.9406365e-05	-5.8473701	-0.020557335
169.6	5.9562117e-05	-5.847306	-0.0205254
170.24	5.9618053e-05	-5.8473388	-0.020578698
170.88	5.9405802e-05	-5.8474312	-0.020567714
171.52	5.9835002e-05	-5.8473422	-0.020429799
172.16	5.9819414e-05	-5.8473225	-0.020613492
172.8	6.0857762e-05	-5.8473274	-0.020464687
173.44	6.0318823e-05	-5.847429	-0.020608991
174.08	6.0467488e-05	-5.847225	-0.020540835
174.72	5.9177547e-05	-5.847327	-0.020606154
175.36	6.0032829e-05	-5.8473522	-0.020608712
176	5.8814169e-05	-5.8473611	-0.020521669
176.64	5.9016967e-05	-5.8473429	-0.020504783
177.28	5.9572794e-05	-5.8473614	-0.02042376
177.92	6.0908269e-05	-5.8473617	-0.020495439
178.56	6.0875587e-05	-5.8473048	-0.020645294
179.2	6.1042302e-05	-5.8473601	-0.020565558
179.84	6.0674357e-05	-5.8474154	-0.020649716
180.48	6.0527176e-05	-5.8473182	-0.020585755
181.12	5.8969731e-05	-5.8473596	-0.02040535
181.76	5.8074861e-05	-5.8473272	-0.020497039
182.4	5.910412e-05	-5.8473474	-0.020461646
183.04	6.0441147e-05	-5.8473489	-0.020693845
183.68	5.8469641e-05	-5.8473091	-0.020390181
184.32	6.0543166e-05	-5.8473472	-0.020458065
184.96	6.0517229e-05	-5.8473461	-0.020721673
185.6	6.0457718e-05	-5.8473129	-0.020453985
186.24	5.9897188e-05	-5.8473357	-0.020416849
186.88	6.0287136e-05	-5.8473832	-0.020395716
187.52	5.9413397e-05	-5.8473602	-0.02054643
188.16	5.9010883e-05	-5.8473562	-0.020644906
188.8	5.9213071e-05	-5.8473012	-0.020656037
189.44	5.9367002e-05	-5.8473895	-0.02054163
190.08	5.916224e-05	-5.8473514	-0.020540494
190.72	6.0038729e-05	-5.8473884	-0.020385511
191.36	6.0660914e-05	-5.8473182	-0.020539623
192	5.9800459e-05	-5.8472703	-0.020623981
192.64	6.1771737e-05	-5.8473143	-0.020783899
193.28	5.9629756e-05	-5.847299	-0.020581541
193.92	5.9491014e-05	-5.8473419	-0.020578191
194.56	5.9667295e-05	-5.8473058	-0.020463101
195.2	5.950636e-05	-5.8473341	-0.02050704
195.84	5.9604876e-05	-5.8474223	-0.020662868
196.48	5.9734006e-05	-5.847375	-0.020367333
197.12	5.9898371e-05	-5.8473276	-0.020590343
197.76	6.1961852e-05	-5.8473706	-0.02065736
198.4	6.06431e-05	-5.8473316	-0.020536362
199.04	6.0521321e-05	-5.8473922	-0.020575806
199.68	6.0414586e-05	-5.8473046	-0.020630874
200.32	5.9710571e-05	-5.8473376	-0.020554404
200.96	5.9835751e-05	-5.8473573	-0.020620547
201.6	5.9126583e-05	-5.8473895	-0.020700853
202.24	5.8535226e-05	-5.8473235	-0.020589298
202.88	5.9425554e-05	-5.8473793	-0.020576335
203.52	6.1297226e-05	-5.8473009	-0.020539598
204.16	6.041611e-05	-5.8473363	-0.020603832
204.8	6.0728661e-05	-5.8473642	-0.020513078
205.44	6.1014841e-05	-5.8473649	-0.020574038
206.08	6.0107635e-05	-5.8473185	-0.020470049
206.72	5.8930146e-05	-5.8473743	-0.020473344
207.36	5.8632695e-05	-5.8473888	-0.020545471
208	5.8854497e-05	-5.8473474	-0.020504093
208.64	5.8190371e-05	-5.847309	-0.020400296
209.28	5.9673929e-05	-5.8473141	-0.020439689
209.92	6.0500795e-05	-5.8472534	-0.020388751
210.56	6.0189332e-05	-5.8472849	-0.02046283
211.2	6.0618497e-05	-5.8473177	-0.020720699
211.84	6.1332242e-05	-5.8473374	-0.020647377
212.48	5.9804099e-05	-5.8472671	-0.020540341
213.12	6.0556142e-05	-5.8472877	-0.020595619
213.76	5.9176452e-05	-5.8473568	-0.020503647
214.4	5.902096e-05	-5.8474173	-0.020589146
215.04	6.0170512e-05	-5.8474085	-0.020490244
215.68	5.8571973e-05	-5.8473176	-0.020493947
216.32	6.0704432e-05	-5.8473465	-0.020510177
216.96	6.0411682e-05	-5.8473734	-0.020345038
217.6	6.1470317e-05	-5.8473185	-0.020551922
218.24	6.0962564e-05	-5.8472907	-0.02057199
218.88	6.0480862e-05	-5.8473471	-0.020712858
219.52	5.9541796e-05	-5.8473286	-0.020452538
220.16	5.9402697e-05	-5.8473711	-0.020332822
220.8	5.8127772e-05	-5.8473513	-0.020618352
221.44	6.0020639e-05	-5.8474176	-0.020508858
222.08	5.9173426e-05	-5.8473366	-0.020681368
222.72	6.1086517e-05	-5.8473048	-0.020568698
223.36	6.057436e-05	-5.8473734	-0.020660359
224	6.0418273e-05	-5.8473826	-0.020410464
224.64	5.9772763e-05	-5.8473129	-0.020586649
225.28	6.0262728e-05	-5.8473377	-0.020433841
225.92	5.9517987e-05	-5.8473985	-0.020490741
226.56	5.900178e-05	-5.8473056	-0.020504088
227.2	5.8853741e-05	-5.8473705	-0.020517107
227.84	5.7589191e-05	-5.8473174	-0.020626119
228.48	5.9507946e-05	-5.8473554	-0.020511871
229.12	6.0015928e-05	-5.8473223	-0.020538345
229.76	6.0268618e-05	-5.8472987	-0.020544829
230.4	6.1153911e-05	-5.8473555	-0.020531107
231.04	6.0014382e-05	-5.8473737	-0.020496557
231.68	6.0510847e-05	-5.8473986	-0.020639335
232.32	5.8090208e-05	-5.8473089	-0.020480478
232.96	5.9129815e-05	-5.8472965	-0.020513222
233.6	5.9146953e-05	-5.8474079	-0.0206666
234.24	5.920545e-05	-5.8474072	-0.020548498
234.88	5.913783e-05	-5.8473316	-0.020468626
235.52	6.0319911e-05	-5.8473271	-0.020591062
236.16	6.1336509e-05	-5.8472765	-0.020652997
236.8	6.0562452e-05	-5.8473457	-0.020708039
237.44	5.9259414e-05	-5.8474197	-0.02057833
238.08	6.0040815e-05	-5.8473099	-0.020465179
238.72	5.9757466e-05	-5.8473664	-0.020422071
239.36	5.8716856e-05	-5.8473007	-0.020337233
240	5.8777588e-05	-5.8472727	-0.020383516
240.64	5.9237671e-05	-5.8473606	-0.020457106
241.28	5.9822186e-05	-5.8473833	-0.020566224
241.92	5.9716339e-05	-5.8473078	-0.020461676
242.56	6.090724e-05	-5.8473318	-0.020492686
243.2	6.132237e-05	-5.8472813	-0.020405361
243.84	6.15838e-05	-5.8473198	-0.020635292
244.48	5.9651207e-05	-5.8473655	-0.020560408
245.12	5.9805331e-05	-5.8474085	-0.020528663
245.76	5.9397756e-05	-5.8473433	-0.020525564
246.4	5.9860898e-05	-5.8473713	-0.020470311
247.04	6.0159369e-05	-5.8473428	-0.020596008
247.68	6.1501522e-05	-5.8473615	-0.020579327
248.32	6.1075355e-05	-5.8473741	-0.020500127
248.96	6.0293826e-05	-5.8473824	-0.020622696
249.6	6.1267905e-05	-5.8474117	-0.020593546
250.24	6.0229395e-05	-5.8473604	-0.020344165
250.88	6.0093738e-05	-5.8473708	-0.020661835
251.52	5.9699563e-05	-5.8473527	-0.020552062
252.16	6.0220673e-05	-5.8473627	-0.020622415
252.8	5.9893834e-05	-5.8473526	-0.02047432
253.44	5.9845404e-05	-5.847319	-0.020825616
254.08	6.0348057e-05	-5.8472719	-0.020536214
254.72	6.1125917e-05	-5.8473648	-0.020433279
255.36	6.104706e-05	-5.8473552	-0.020545241
256	6.0328204e-05	-5.847383	-0.020479884
256.64	6.0737998e-05	-5.8474216	-0.020591107
257.28	5.9380731e-05	-5.8473237	-0.020537486
257.92	5.8935333e-05	-5.8473334	-0.020468754
258.56	5.9015815e-05	-5.8473662	-0.020470287
259.2	5.8580091e-05	-5.8473	-0.020612671
259.84	5.9775551e-05	-5.8473234	-0.020762192
260.48	5.9763604e-05	-5.8473316	-0.020482614
261.12	6.2055856e-05	-5.8473703	-0.020513563
261.76	6.0574407e-05	-5.8473641	-0.020581638
262.4	5.993074e-05	-5.8473176	-0.020480653
263.04	5.9126995e-05	-5.8473505	-0.02054109
263.68	5.9200675e-05	-5.8473284	-0.020783809
264.32	5.912561e-05	-5.8473197	-0.020381626
264.96	5.8478344e-05	-5.8473144	-0.020417712
265.6	5.9762289e-05	-5.8472871	-0.020624664
266.24	5.8790376e-05	-5.8473362	-0.020579654
266.88	6.0879302e-05	-5.847286	-0.020563886
267.52	6.1661808e-05	-5.8473931	-0.020458201
268.16	6.0085968e-05	-5.8474148	-0.020729832
268.8	6.063773e-05	-5.8473417	-0.020591917
269.44	6.0488455e-05	-5.8473752	-0.020612453
270.08	5.9429536e-05	-5.8473474	-0.02051925
270.72	5.8589636e-05	-5.8472867	-0.020514681
271.36	6.0292662e-05	-5.8473208	-0.020494987
272	6.0809134e-05	-5.8473112	-0.020616848
272.64	6.0689772e-05	-5.8473518	-0.020659468
273.28	6.112768e-05	-5.8473651	-0.020485307
273.92	6.1174865e-05	-5.8473507	-0.020619043
274.56	6.0339561e-05	-5.847378	-0.020522989
275.2	6.0304161e-05	-5.8473509	-0.020608152
275.84	5.9913482e-05	-5.8473144	-0.020467262
276.48	5.8508794e-05	-5.8473466	-0.020490255
277.12	5.8921276e-05	-5.8473149	-0.020407752
277.76	5.8769979e-05	-5.847361	-0.020352602
278.4	5.9783634e-05	-5.847296	-0.020533554
279.04	6.0286834e-05	-5.8472907	-0.020707727
279.68	6.1113093e-05	-5.8473325	-0.020612106
280.32	6.0409033e-05	-5.84735	-0.020676787
280.96	6.0849239e-05	-5.8473367	-0.02061767
281.6	6.0054572e-05	-5.8474252	-0.020522924
282.24	6.0113284e-05	-5.8473567	-0.02059552
282.88	5.9187895e-05	-5.8472915	-0.020592219
283.52	5.9112574e-05	-5.8472918	-0.02042656
284.16	5.9701173e-05	-5.8473339	-0.020485309
284.8	5.8603369e-05	-5.8473273	-0.020740873
285.44	6.0107739e-05	-5.8473509	-0.020537137
286.08	6.0943742e-05	-5.8473321	-0.02062545
286.72	6.0192767e-05	-5.8474102	-0.020527426
287.36	5.9845364e-05	-5.8473498	-0.020443914
288	6.0506456e-05	-5.8473049	-0.020471871
288.64	5.9027153e-05	-5.8473697	-0.020489613
289.28	5.8908741e-05	-5.8472728	-0.020418655
289.92	5.8302871e-05	-5.8473888	-0.020575701
290.56	5.9279174e-05	-5.8473567	-0.020544924
291.2	5.9401516e-05	-5.8473139	-0.020535095
291.84	6.0503638e-05	-5.8473511	-0.02055549
292.48	6.0779697e-05	-5.847425	-0.020526148
293.12	6.0590932e-05	-5.8473641	-0.020610916
293.76	6.1140013e-05	-5.8473791	-0.020718381
294.4	5.9421202e-05	-5.8474016	-0.020638701
295.04	5.9667923e-05	-5.8473286	-0.020447408
295.68	5.8850743e-05	-5.8473286	-0.020550923
296.32	5.8567994e-05	-5.8473517	-0.020526784
296.96	5.9373586e-05	-5.8473102	-0.020465349
297.6	6.0435876e-05	-5.8473056	-0.020654287
298.24	5.8940372e-05	-5.8473309	-0.020610045
298.88	5.9815953e-05	-5.8473542	-0.020592875
299.52	6.0190448e-05	-5.8474195	-0.020690028
300.16	6.1097923e-05	-5.8473093	-0.020427365
300.8	5.9541563e-05	-5.8473414	-0.020627695
301.44	5.885758e-05	-5.8473419	-0.020566372
302.08	5.9539634e-05	-5.847334	-0.020526625
302.72	5.7935055e-05	-5.8473976	-0.020449945
303.36	5.9762192e-05	-5.8473476	-0.020527011
304	5.9381862e-05	-5.8473927	-0.02052895
304.64	6.0855903e-05	-5.8473326	-0.020519887
305.28	6.011955e-05	-5.8473079	-0.020612748
305.92	6.0618433e-05	-5.8473874	-0.020647964
306.56	6.0603792e-05	-5.8473462	-0.020592962
307.2	6.0055313e-05	-5.8473095	-0.020680418
307.84	5.9470499e-05	-5.8473798	-0.020532173
308.48	5.9059971e-05	-5.8473662	-0.020477243
309.12	6.0232794e-05	-5.847358	-0.020438967
309.76	5.8785679e-05	-5.8473234	-0.02056567
310.4	5.9491719e-05	-5.847374	-0.020600046
311.04	6.0098789e-05	-5.8473177	-0.020510015
311.68	6.0997154e-05	-5.8473458	-0.020477376
312.32	6.0998752e-05	-5.8473366	-0.020475523
312.96	6.0357961e-05	-5.847374	-0.020623355
313.6	5.9358665e-05	-5.847323	-0.020455327
314.24	5.8987548e-05	-5.8473842	-0.020568763
314.88	5.8386993e-05	-5.8473935	-0.020456511
315.52	5.9234563e-05	-5.8473151	-0.020595616
316.16	5.9927293e-05	-5.8473754	-0.020597094
316.8	5.9800188e-05	-5.847337	-0.020593309
317.44	6.0495102e-05	-5.8473412	-0.02043119
318.08	6.1807171e-05	-5.8473326	-0.020389485
318.72	6.0513899e-05	-5.8473455	-0.020523829
319.36	5.9998145e-05	-5.8472855	-0.020644272
320	5.9492232e-05	-5.847314	-0.020682038
320.64	5.9850557e-05	-5.8473526	-0.020518894
321.28	5.9599183e-05	-5.8473993	-0.020489058
321.92	5.9292608e-05	-5.8473291	-0.020379654
322.56	6.0406982e-05	-5.84732	-0.020685432
323.2	6.0368691e-05	-5.8473513	-0.020590261
323.84	6.0474525e-05	-5.8473132	-0.020546938
324.48	6.1138997e-05	-5.8473785	-0.020521854
325.12	6.0288985e-05	-5.8473547	-0.020557065
325.76	6.0313543e-05	-5.847379	-0.020533527
326.4	5.9276734e-05	-5.8473884	-0.020472698
327.04	5.9157402e-05	-5.847259	-0.020509883
327.68	5.86594e-05	-5.8473705	-0.020543531
328.32	5.9247537e-05	-5.8473521	-0.020617576
328.96	6.0092777e-05	-5.8473613	-0.020582243
329.6	6.1191183e-05	-5.8473426	-0.020560221
330.24	6.0435207e-05	-5.8473316	-0.020597688
330.88	6.0794341e-05	-5.8473921	-0.020462542
331.52	6.0504218e-05	-5.8473737	-0.020365798
332.16	5.9332497e-05	-5.8473596	-0.020674978
332.8	5.8536939e-05	-5.8473088	-0.02066875
333.44	5.8868451e-05	-5.8473518	-0.020523654
334.08	5.8846255e-05	-5.8473241	-0.020514275
334.72	5.9754113e-05	-5.8473199	-0.020756392
335.36	6.0377848e-05	-5.8473103	-0.020326443
336	5.9214617e-05	-5.8473545	-0.020553713
336.64	6.0648926e-05	-5.847355	-0.020556213
337.28	6.0790128e-05	-5.8473782	-0.020488051
337.92	6.115e-05	-5.8473512	-0.020632132
338.56	6.0986693e-05	-5.8473103	-0.020494826
339.2	5.9739518e-05	-5.8473613	-0.020509294
339.84	5.957571e-05	-5.8473339	-0.020778597
340.48	5.9167913e-05	-5.8473197	-0.020562301
341.12	5.9843857e-05	-5.8473338	-0.020561448
341.76	5.9776587e-05	-5.8474536	-0.020622565
342.4	6.030807e-05	-5.8473042	-0.020490143
343.04	6.0516506e-05	-5.8473177	-0.020448612
343.68	6.1781166e-05	-5.8474072	-0.020551332
344.32	6.0208441e-05	-5.8473551	-0.020535979
344.96	6.0765033e-05	-5.847352	-0.020439532
345.6	5.9254227e-05	-5.8473796	-0.02053999
346.24	5.8845075e-05	-5.8472774	-0.020500108
346.88	5.942349e-05	-5.8473013	-0.02045018
347.52	5.9277617e-05	-5.8473284	-0.020634177
348.16	6.0399118e-05	-5.8473937	-0.020596902
348.8	6.0797796e-05	-5.8474209	-0.020604638
349.44	6.0802692e-05	-5.8473319	-0.020523172
350.08	6.1305227e-05	-5.847365	-0.020558608
350.72	5.9126258e-05	-5.8473774	-0.020650854
351.36	5.8728716e-05	-5.847313	-0.020579384
352	5.9334675e-05	-5.8473471	-0.02055922
352.64	5.9063862e-05	-5.8473334	-0.020613911
353.28	5.8233285e-05	-5.8473419	-0.020417795
353.92	5.9320135e-05	-5.8473748	-0.020570497
354.56	6.0108025e-05	-5.8473839	-0.02056734
355.2	6.1333708e-05	-5.8473563	-0.020402041
355.84	6.132684e-05	-5.8473138	-0.020552274
356.48	6.0390315e-05	-5.8473688	-0.02062098
357.12	5.9771708e-05	-5.8472806	-0.020632413
357.76	6.051219e-05	-5.8474033	-0.020583423
358.4	5.8743143e-05	-5.8473466	-0.020510406
359.04	5.8862138e-05	-5.8473658	-0.020543429
359.68	5.8657941e-05	-5.8473469	-0.020556459
360.32	5.9629454e-05	-5.8473563	-0.020633055
360.96	5.9304168e-05	-5.8473643	-0.020653061
361.6	6.1699709e-05	-5.8473425	-0.020526553
362.24	6.0469796e-05	-5.8473642	-0.020616082
362.88	5.9640999e-05	-5.8473543	-0.020484999
363.52	6.0387232e-05	-5.8472953	-0.020569499
364.16	6.0372546e-05	-5.8473614	-0.020558023
364.8	5.9344375e-05	-5.847338	-0.020469348
365.44	5.8577195e-05	-5.8473005	-0.020494805
366.08	5.9703718e-05	-5.8473525	-0.020541499
366.72	5.8326e-05	-5.8473456	-0.020688759
367.36	6.090657e-05	-5.8473239	-0.020541682
368	6.0768563e-05	-5.8473089	-0.020671403
368.64	6.1222816e-05	-5.8472764	-0.020322148
369.28	6.0807669e-05	-5.847309	-0.020394038
369.92	5.9766803e-05	-5.8473926	-0.020597751
370.56	5.9633863e-05	-5.8473702	-0.020490611
371.2	5.8389067e-05	-5.8473697	-0.020406279
371.84	5.8432249e-05	-5.8473561	-0.020708604
372.48	5.8989772e-05	-5.8473284	-0.020599177
373.12	5.9243116e-05	-5.8473324	-0.020561132
373.76	6.120684e-05	-5.8473379	-0.020450246
374.4	6.0036921e-05	-5.8473639	-0.020397785
375.04	6.0084009e-05	-5.8473219	-0.020359818
375.68	5.984932e-05	-5.8473687	-0.020479781
376.32	6.0141722e-05	-5.8473326	-0.020675173
376.96	5.9682854e-05	-5.8473285	-0.020661619
377.6	5.874137e-05	-5.8473934	-0.020579116
378.24	5.8174558e-05	-5.8473744	-0.020435261
378.88	5.9544477e-05	-5.8473706	-0.020664067
379.52	5.8815703e-05	-5.8474201	-0.020502877
380.16	6.0102728e-05	-5.8473553	-0.020373254
380.8	6.064978e-05	-5.8472993	-0.020469963
381.44	5.9954383e-05	-5.8474382	-0.020480064
382.08	6.0277778e-05	-5.8473646	-0.020621002
382.72	6.002859e-05	-5.8473141	-0.020714224
383.36	5.9635322e-05	-5.847324	-0.020463669
384	5.87908e-05	-5.8472866	-0.020523839
384.64	6.0010372e-05	-5.8474459	-0.020658301
385.28	6.0014929e-05	-5.8474313	-0.020544354
385.92	5.9580412e-05	-5.8473602	-0.020467037
386.56	6.1046761e-05	-5.8473468	-0.020400457
387.2	6.0646263e-05	-5.8473458	-0.020481514
387.84	6.1099126e-05	-5.8472812	-0.020491341
388.48	6.1276444e-05	-5.8473332	-0.020332387
389.12	5.9003797e-05	-5.8473505	-0.020587774
389.76	5.9085708e-05	-5.8473189	-0.020525864
390.4	5.8895671e-05	-5.8473332	-0.020472556
391.04	5.7990759e-05	-5.8472903	-0.020684073
391.68	5.9295743e-05	-5.8473839	-0.020772441
392.32	5.9225845e-05	-5.8473643	-0.020487822
392.96	5.9811659e-05	-5.8474013	-0.02053983
393.6	6.1274452e-05	-5.8473278	-0.020485491
394.24	6.1237325e-05	-5.8473653	-0.020438071
394.88	5.9536585e-05	-5.8473689	-0.020526106
395.52	6.0364771e-05	-5.8474078	-0.020415659
396.16	5.8423429e-05	-5.8473323	-0.020443317
396.8	5.9410571e-05	-5.8473476	-0.020638403
397.44	5.9781631e-05	-5.8473524	-0.020554078
398.08	5.9993501e-05	-5.8472961	-0.020381648
398.72	5.9903756e-05	-5.8473463	-0.020512209
399.36	5.9421019e-05	-5.8473265	-0.020584017
400	6.2011761e-05	-5.847324	-0.020523778
400.64	5.985115e-05	-5.8473175	-0.020700898
401.28	6.0615943e-05	-5.8473701	-0.020456382
401.92	6.1351875e-05	-5.8473996	-0.020565932
402.56	6.0628062e-05	-5.8473624	-0.020576012
403.2	5.8899774e-05	-5.8473377	-0.020555697
403.84	5.9682006e-05	-5.8474359	-0.02068169
404.48	5.9121822e-05	-5.8472904	-0.020384514
405.12	6.0854402e-05	-5.8473797	-0.020495785
405.76	6.0287648e-05	-5.8472808	-0.020700558
406.4	6.1556276e-05	-5.8473934	-0.020617238
407.04	5.9930743e-05	-5.8473735	-0.020513218
407.68	6.0674684e-05	-5.8473517	-0.020588453
408.32	5.9410895e-05	-5.8473419	-0.020378987
408.96	5.9542551e-05	-5.8473846	-0.020609276
409.6	5.9220039e-05	-5.8473379	-0.020401625
410.24	5.8200274e-05	-5.8473041	-0.020493016
410.88	5.9255936e-05	-5.847351	-0.020516624
411.52	6.0458797e-05	-5.8473653	-0.02060529
412.16	5.8888423e-05	-5.8473352	-0.020574313
412.8	5.9991852e-05	-5.8473594	-0.020459364
413.44	6.0857991e-05	-5.847314	-0.02036167
414.08	5.9185474e-05	-5.8473781	-0.020455484
414.72	5.9198651e-05	-5.8473185	-0.020543997
415.36	5.9546848e-05	-5.847366	-0.020785123
416	5.9411582e-05	-5.8472963	-0.020644327
416.64	5.9274391e-05	-5.8474214	-0.020626332
417.28	6.0226102e-05	-5.8473193	-0.020475051
417.92	5.9455576e-05	-5.847327	-0.020386828
418.56	6.0186883e-05	-5.8472945	-0.020542616
419.2	6.122461e-05	-5.847328	-0.020609974
419.84	6.0369304e-05	-5.8473136	-0.020578024
420.48	6.0553091e-05	-5.8473518	-0.020555192
421.12	5.9723115e-05	-5.847375	-0.020422307
421.76	5.9051105e-05	-5.8473284	-0.020403089
422.4	5.9859746e-05	-5.8473664	-0.020569329
423.04	5.9477279e-05	-5.847361	-0.020532255
423.68	5.9347689e-05	-5.8473368	-0.020631586
424.32	5.9563795e-05	-5.847406	-0.02075239
424.96	6.0396732e-05	-5.8473552	-0.020461999
425.6	6.0324845e-05	-5.8473691	-0.020522023
426.24	5.8946099e-05	-5.8472892	-0.020496917
426.88	5.8825199e-05	-5.8473177	-0.020665248
427.52	5.9785251e-05	-5.8473101	-0.020570218
428.16	5.9680797e-05	-5.8473336	-0.020551797
428.8	5.9961964e-05	-5.8473199	-0.020543883
429.44	5.9737161e-05	-5.8473983	-0.020654241
430.08	5.9233077e-05	-5.847304	-0.020488422
430.72	6.1085234e-05	-5.8473378	-0.020460212
431.36	6.0974964e-05	-5.8473419	-0.020491683
432	6.0900579e-05	-5.8473326	-0.020480906
432.64	5.9718676e-05	-5.8473737	-0.020602258
433.28	6.0488084e-05	-5.8473566	-0.020494292
433.92	5.8290888e-05	-5.8472947	-0.020542007
434.56	6.0025572e-05	-5.8472595	-0.020578001
435.2	5.9047424e-05	-5.847291	-0.020582588
435.84	6.0691461e-05	-5.8473433	-0.020455177
436.48	6.0472033e-05	-5.8473843	-0.02055626
437.12	6.0266226e-05	-5.8472765	-0.020639031
437.76	6.0788176e-05	-5.8473324	-0.020618634
438.4	6.0428354e-05	-5.8474019	-0.020527021
439.04	6.033898e-05	-5.847314	-0.020587587
439.68	5.9082466e-05	-5.8473879	-0.020753611
440.32	5.8625465e-05	-5.8473927	-0.020473978
440.96	5.9367248e-05	-5.8473657	-0.020610663
441.6	5.9017358e-05	-5.8472676	-0.020541615
442.24	5.987806e-05	-5.8473331	-0.020480424
442.88	5.9469057e-05	-5.8473181	-0.020679929
443.52	6.0647993e-05	-5.8472768	-0.020500079
444.16	6.0399412e-05	-5.8473785	-0.020435669
444.8	6.0212958e-05	-5.8473088	-0.020763
445.44	6.0435887e-05	-5.8472676	-0.020620133
446.08	6.0097446e-05	-5.8474168	-0.020488321
446.72	5.8909685e-05	-5.847314	-0.020363667
447.36	5.9093416e-05	-5.8473004	-0.02060427
448	5.9507533e-05	-5.8473703	-0.020488718
448.64	5.943549e-05	-5.8473604	-0.020486118
449.28	5.9888077e-05	-5.8473835	-0.020624875
449.92	5.9447941e-05	-5.8473361	-0.020483745
450.56	6.0940323e-05	-5.8473838	-0.020681715
451.2	6.0637912e-05	-5.8473511	-0.020638652
451.84	6.0605697e-05	-5.8473377	-0.020535226
452.48	5.9067386e-05	-5.8473415	-0.020507328
453.12	6.0020295e-05	-5.8473662	-0.020530259
453.76	5.9231374e-05	-5.8473795	-0.020586536
454.4	6.0080556e-05	-5.847301	-0.020560217
455.04	5.9458795e-05	-5.8473743	-0.020520907
455.68	6.0331901e-05	-5.847277	-0.020258329
456.32	6.0808744e-05	-5.84737	-0.020634827
456.96	6.1117039e-05	-5.8473608	-0.020588416
457.6	6.0778753e-05	-5.8473886	-0.020456486
458.24	5.9826853e-05	-5.8473649	-0.020474488
458.88	6.0085023e-05	-5.8473843	-0.020580632
459.52	6.0243802e-05	-5.8473152	-0.020674574
460.16	5.9066591e-05	-5.8473189	-0.020728095
460.8	6.0196733e-05	-5.847278	-0.020541787
461.44	5.9251516e-05	-5.8474113	-0.020554914
462.08	5.9814858e-05	-5.8473787	-0.020770517
462.72	5.9164384e-05	-5.8473543	-0.020612656
463.36	5.9675306e-05	-5.8472896	-0.020719304
464	5.9603551e-05	-5.8472991	-0.020407236
464.64	5.8827105e-05	-5.8473407	-0.020616765
465.28	6.0578426e-05	-5.8473105	-0.020372866
465.92	5.9638211e-05	-5.8473519	-0.020703852
466.56	5.8775765e-05	-5.8474069	-0.02053773
467.2	5.8654604e-05	-5.8474065	-0.020570115
467.84	6.0166002e-05	-5.8473237	-0.020414003
468.48	6.0510625e-05	-5.8473467	-0.020523869
469.12	5.9826859e-05	-5.8473736	-0.020539798
469.76	6.067729e-05	-5.8473325	-0.020749476
470.4	5.997774e-05	-5.8473182	-0.020528644
471.04	5.9950213e-05	-5.847342	-0.020439145
471.68	5.9488861e-05	-5.8473327	-0.020438629
472.32	5.9660059e-05	-5.8473844	-0.020475689
472.96	5.9807539e-05	-5.8474218	-0.020553692
473.6	5.8967513e-05	-5.8473648	-0.020502185
474.24	5.9979755e-05	-5.8473421	-0.020527792
474.88	6.0236115e-05	-5.8473604	-0.020599353
475.52	6.1634361e-05	-5.8473847	-0.020445161
476.16	6.0123118e-05	-5.8473878	-0.020575104
476.8	5.9500194e-05	-5.8472806	-0.020679411
477.44	5.9924153e-05	-5.8472304	-0.020465845
478.08	5.9513794e-05	-5.8473514	-0.020518391
478.72	5.9753698e-05	-5.8473566	-0.020728193
479.36	5.9518207e-05	-5.8472772	-0.02041279
480	5.9216054e-05	-5.8473603	-0.020597141
480.64	5.9523382e-05	-5.8473555	-0.020617969
481.28	6.0677897e-05	-5.8473655	-0.020550429
481.92	6.081663e-05	-5.8473839	-0.020490562
482.56	6.1130881e-05	-5.8473936	-0.020424293
483.2	5.9383713e-05	-5.8473132	-0.020725262
483.84	5.9555491e-05	-5.8472626	-0.020443007
484.48	5.9382102e-05	-5.847342	-0.020533208
485.12	6.0698286e-05	-5.8474366	-0.020504687
485.76	5.8963269e-05	-5.847272	-0.020435736
486.4	5.8963997e-05	-5.847346	-0.020532526
487.04	5.9832137e-05	-5.8473557	-0.020487584
487.68	6.0702579e-05	-5.8472585	-0.020495975
488.32	6.0418571e-05	-5.847365	-0.020686206
488.96	6.0005341e-05	-5.8473228	-0.020578319
489.6	5.8909098e-05	-5.8473593	-0.020549909
490.24	6.0019083e-05	-5.8473283	-0.020569141
490.88	6.0668645e-05	-5.8473386	-0.020571524
491.52	5.9924584e-05	-5.8473613	-0.020616999
492.16	6.0275704e-05	-5.847343	-0.020500266
492.8	5.924411e-05	-5.8472997	-0.020430737
493.44	6.0317974e-05	-5.8473422	-0.020533745
494.08	5.9471219e-05	-5.8473038	-0.020392086
494.72	5.9697729e-05	-5.8473504	-0.020653636
495.36	6.0159892e-05	-5.8473882	-0.02056426
496	5.9927536e-05	-5.8473279	-0.020610764
496.64	5.9821459e-05	-5.8473467	-0.02063225
497.28	5.9787454e-05	-5.8474121	-0.020745984
497.92	5.9086661e-05	-5.8473557	-0.020492081
498.56	5.8835217e-05	-5.8472763	-0.020476821
499.2	6.1278888e-05	-5.8473528	-0.020422698
499.84	5.9095098e-05	-5.847355	-0.020479597
