0	1.4446362e-05	-5.8428715	-0.019297343
0.64	1.4721594e-05	-5.8428299	-0.019330237
1.28	1.4721133e-05	-5.842811	-0.01932744
1.92	1.5212417e-05	-5.8428344	-0.019344787
2.56	1.5214236e-05	-5.8428528	-0.0192704
3.2	1.5315773e-05	-5.8428761	-0.019426325
3.84	1.5099161e-05	-5.8428341	-0.019347766
4.48	1.5289491e-05	-5.8428392	-0.019370603
5.12	1.4688182e-05	-5.8428203	-0.019290777
5.76	1.4730338e-05	-5.8428857	-0.019315405
6.4	1.4762573e-05	-5.8428067	-0.019334982
7.04	1.4648992e-05	-5.8428437	-0.019313314
7.68	1.4896506e-05	-5.8428344	-0.019375866
8.32	1.517218e-05	-5.8428158	-0.019261007
8.96	1.501826e-05	-5.8428479	-0.019312155
9.6	1.5199642e-05	-5.8428341	-0.019383271
10.24	1.5163476e-05	-5.8428202	-0.019266563
10.88	1.519707e-05	-5.8428019	-0.019346225
11.52	1.4900297e-05	-5.8428392	-0.019430632
12.16	1.4597432e-05	-5.8428391	-0.019294802
12.8	1.485933e-05	-5.8428161	-0.019349198
13.44	1.4771284e-05	-5.8428252	-0.019352508
14.08	1.5116056e-05	-5.8428485	-0.01925639
14.72	1.5211479e-05	-5.8428204	-0.019305048
15.36	1.5291294e-05	-5.8428668	-0.019324321
16	1.5085631e-05	-5.8428666	-0.01936778
16.64	1.4722078e-05	-5.8428478	-0.019291911
17.28	1.5106298e-05	-5.8428438	-0.019270621
17.92	1.4989534e-05	-5.8427881	-0.019343373
18.56	1.4562844e-05	-5.8428484	-0.01936999
19.2	1.4608056e-05	-5.8428019	-0.019361393
19.84	1.4817405e-05	-5.8428485	-0.01928922
20.48	1.4900554e-05	-5.8427924	-0.019264095
21.12	1.5045961e-05	-5.8428853	-0.019283821
21.76	1.5400702e-05	-5.8428436	-0.019267065
22.4	1.5338658e-05	-5.8428343	-0.019302366
23.04	1.4985788e-05	-5.8427829	-0.019306968
23.68	1.5044888e-05	-5.8428717	-0.019341167
24.32	1.5146143e-05	-5.8428256	-0.019331986
24.96	1.4764133e-05	-5.8428114	-0.019277345
25.6	1.4985394e-05	-5.8428302	-0.019364133
26.24	1.4895418e-05	-5.8428811	-0.019316885
26.88	1.4596156e-05	-5.8427921	-0.019294939
27.52	1.5136732e-05	-5.8428203	-0.019367347
28.16	1.491272e-05	-5.8428431	-0.019370679
28.8	1.5347899e-05	-5.842904	-0.01938543
29.44	1.5274813e-05	-5.8428298	-0.019273303
30.08	1.4784242e-05	-5.8428436	-0.019381964
30.72	1.4758351e-05	-5.8428299	-0.019289742
31.36	1.4690558e-05	-5.8428346	-0.019365862
32	1.4888861e-05	-5.8428905	-0.019364662
32.64	1.4935728e-05	-5.8428299	-0.019365299
33.28	1.5016446e-05	-5.8429087	-0.019305171
33.92	1.5008598e-05	-5.8428526	-0.019425374
34.56	1.4963504e-05	-5.8427781	-0.019344568
35.2	1.5185054e-05	-5.8428202	-0.019362828
35.84	1.4965123e-05	-5.842876	-0.019346846
36.48	1.4928511e-05	-5.8428251	-0.01936911
37.12	1.5025253e-05	-5.8427836	-0.019279639
37.76	1.4811149e-05	-5.8428347	-0.019377363
38.4	1.4623424e-05	-5.8428577	-0.019233573
39.04	1.4907943e-05	-5.8429461	-0.019366216
39.68	1.5139973e-05	-5.8428577	-0.019435303
40.32	1.5216721e-05	-5.8428761	-0.019387451
40.96	1.5410829e-05	-5.8428576	-0.0193706
41.6	1.5391717e-05	-5.8428856	-0.019278134
42.24	1.5157642e-05	-5.8427925	-0.01936385
42.88	1.4802924e-05	-5.8428344	-0.019340217
43.52	1.4746722e-05	-5.8428066	-0.019304298
44.16	1.4886132e-05	-5.8428813	-0.019301929
44.8	1.4667916e-05	-5.8427879	-0.019402619
45.44	1.4988541e-05	-5.8428578	-0.019275848
46.08	1.5200304e-05	-5.8428949	-0.019346237
46.72	1.5404116e-05	-5.8428158	-0.019385339
47.36	1.5119284e-05	-5.8428294	-0.019338091
48	1.5217266e-05	-5.8428482	-0.019220373
48.64	1.5053467e-05	-5.8428343	-0.019357076
49.28	1.5030435e-05	-5.842816	-0.0193068
49.92	1.4852339e-05	-5.8428393	-0.019329518
50.56	1.4654662e-05	-5.8428346	-0.01940567
51.2	1.4648092e-05	-5.8428484	-0.019286983
51.84	1.4964037e-05	-5.8428391	-0.019298834
52.48	1.5027679e-05	-5.8428435	-0.019345731
53.12	1.4901504e-05	-5.8428525	-0.019316313
53.76	1.5409658e-05	-5.8428855	-0.019379587
54.4	1.514916e-05	-5.8428202	-0.019272529
55.04	1.5060691e-05	-5.842853	-0.019403772
55.68	1.4737967e-05	-5.8428251	-0.019370723
56.32	1.4629667e-05	-5.8428159	-0.019348205
56.96	1.4770538e-05	-5.8428765	-0.01928423
57.6	1.4654937e-05	-5.8428716	-0.019248146
58.24	1.4966369e-05	-5.8427832	-0.019249889
58.88	1.5178585e-05	-5.8428111	-0.019331684
59.52	1.5343632e-05	-5.8428203	-0.019349042
60.16	1.4997526e-05	-5.8428711	-0.01930972
60.8	1.5357794e-05	-5.8428484	-0.019347373
61.44	1.5019614e-05	-5.8428437	-0.019341473
62.08	1.4757203e-05	-5.8428019	-0.019291249
62.72	1.4805066e-05	-5.8428812	-0.01936619
63.36	1.4787637e-05	-5.8428533	-0.019334708
64	1.4931032e-05	-5.842816	-0.01934593
64.64	1.5016152e-05	-5.8428856	-0.019364523
65.28	1.5190987e-05	-5.8428622	-0.019320022
65.92	1.5244856e-05	-5.8428574	-0.019262907
66.56	1.5247854e-05	-5.8428342	-0.019456995
67.2	1.5549703e-05	-5.84283	-0.019309513
67.84	1.4896339e-05	-5.8428622	-0.019344501
68.48	1.4816572e-05	-5.8428625	-0.019394311
69.12	1.474162e-05	-5.8428811	-0.019258809
69.76	1.4617085e-05	-5.8428577	-0.019347094
70.4	1.5152415e-05	-5.8428255	-0.019347944
71.04	1.5059106e-05	-5.8428623	-0.019346718
71.68	1.5113454e-05	-5.8428342	-0.019320765
72.32	1.4955501e-05	-5.8428292	-0.019359077
72.96	1.5177864e-05	-5.8428202	-0.019327689
73.6	1.5045766e-05	-5.8428296	-0.019332225
74.24	1.5062716e-05	-5.8427834	-0.019341855
74.88	1.4736128e-05	-5.8428764	-0.01936058
75.52	1.4581566e-05	-5.8428205	-0.019380961
76.16	1.4824818e-05	-5.8428393	-0.019322214
76.8	1.468484e-05	-5.8428715	-0.019378335
77.44	1.4930467e-05	-5.8428528	-0.019267754
78.08	1.5067415e-05	-5.842876	-0.019287488
78.72	1.528106e-05	-5.8428109	-0.019314198
79.36	1.5047693e-05	-5.8428201	-0.019311733
80	1.5263783e-05	-5.8428577	-0.019380758
80.64	1.4887948e-05	-5.8428391	-0.019324876
81.28	1.5038869e-05	-5.8428441	-0.01925916
81.92	1.4680535e-05	-5.8428439	-0.01933513
82.56	1.4922893e-05	-5.8428254	-0.019332948
83.2	1.4812928e-05	-5.8428158	-0.019337664
83.84	1.5043154e-05	-5.8428855	-0.019298593
84.48	1.5176718e-05	-5.8428063	-0.019224565
85.12	1.4997091e-05	-5.8428479	-0.019305634
85.76	1.5100669e-05	-5.8428388	-0.019364351
86.4	1.483924e-05	-5.8428574	-0.019344729
87.04	1.4863518e-05	-5.8428391	-0.019392579
87.68	1.4663529e-05	-5.8428484	-0.019359737
88.32	1.4454634e-05	-5.8428157	-0.019440034
88.96	1.487148e-05	-5.8428626	-0.019308399
89.6	1.5044731e-05	-5.842816	-0.019326694
90.24	1.5308507e-05	-5.8428206	-0.01929586
90.88	1.536809e-05	-5.8428715	-0.019361475
91.52	1.5363637e-05	-5.8428064	-0.019268539
92.16	1.5277207e-05	-5.8429041	-0.019358928
92.8	1.4809467e-05	-5.842862	-0.01931713
93.44	1.4736786e-05	-5.8428669	-0.019345715
94.08	1.4743324e-05	-5.8428718	-0.019442374
94.72	1.5022495e-05	-5.8428256	-0.019346845
95.36	1.4934995e-05	-5.8428951	-0.019301378
96	1.4905569e-05	-5.8428344	-0.019346603
96.64	1.5067561e-05	-5.8428017	-0.019315668
97.28	1.4967305e-05	-5.8428013	-0.019375084
97.92	1.5032826e-05	-5.8428525	-0.019316507
98.56	1.4766848e-05	-5.8428757	-0.019354266
99.2	1.4687826e-05	-5.842862	-0.019386089
99.84	1.5052888e-05	-5.8428905	-0.019356716
100.48	1.488549e-05	-5.8428394	-0.019283378
101.12	1.4732472e-05	-5.8428393	-0.019338017
101.76	1.4861186e-05	-5.8428253	-0.019322186
102.4	1.5131155e-05	-5.8427834	-0.019303791
103.04	1.5382443e-05	-5.8428392	-0.019340674
103.68	1.5430596e-05	-5.8428111	-0.019350447
104.32	1.4974765e-05	-5.8428339	-0.019313042
104.96	1.5187389e-05	-5.8428762	-0.019394659
105.6	1.490533e-05	-5.8428204	-0.01929857
106.24	1.5009344e-05	-5.8428301	-0.019291266
106.88	1.4733314e-05	-5.8428439	-0.019287501
107.52	1.4883032e-05	-5.8428766	-0.019316041
108.16	1.4894425e-05	-5.8429136	-0.01934141
108.8	1.5006198e-05	-5.842853	-0.019319662
109.44	1.5309883e-05	-5.8427925	-0.019403574
110.08	1.5181807e-05	-5.842848	-0.019290702
110.72	1.5014951e-05	-5.8428386	-0.01939071
111.36	1.5342881e-05	-5.8428298	-0.019228544
112	1.4802129e-05	-5.8428017	-0.019309193
112.64	1.4757938e-05	-5.8428717	-0.019290465
113.28	1.4738287e-05	-5.8428346	-0.019454889
113.92	1.4856088e-05	-5.8428579	-0.019315578
114.56	1.4819735e-05	-5.842853	-0.019422385
115.2	1.5075232e-05	-5.8428018	-0.019288384
115.84	1.5055026e-05	-5.8428341	-0.019292487
116.48	1.5008847e-05	-5.8428572	-0.019365091
117.12	1.5162773e-05	-5.8428527	-0.019399614
117.76	1.5120816e-05	-5.8428204	-0.019317689
118.4	1.4782506e-05	-5.8428203	-0.019307341
119.04	1.4734342e-05	-5.8428624	-0.019314892
119.68	1.4911251e-05	-5.8428069	-0.019327219
120.32	1.4814239e-05	-5.8428021	-0.019407078
120.96	1.4714678e-05	-5.8428576	-0.019286192
121.6	1.4850989e-05	-5.8428016	-0.019346434
122.24	1.5216435e-05	-5.8428761	-0.019307898
122.88	1.5001861e-05	-5.8428711	-0.019302855
123.52	1.5129473e-05	-5.8428434	-0.019337604
124.16	1.498141e-05	-5.8428389	-0.019188735
124.8	1.5019755e-05	-5.8428206	-0.019370908
125.44	1.4913807e-05	-5.8428394	-0.019289787
126.08	1.4800042e-05	-5.8428393	-0.019325058
126.72	1.4926626e-05	-5.8428347	-0.019369325
127.36	1.5228287e-05	-5.8428441	-0.019284554
128	1.5041986e-05	-5.8428761	-0.019315409
128.64	1.5068513e-05	-5.8428387	-0.019339851
129.28	1.5511835e-05	-5.8428856	-0.019390991
129.92	1.494739e-05	-5.8428479	-0.019402892
130.56	1.4917999e-05	-5.8428993	-0.019329954
131.2	1.4713103e-05	-5.8428576	-0.01931385
131.84	1.4698948e-05	-5.8428578	-0.01942287
132.48	1.4746736e-05	-5.8428207	-0.019289149
133.12	1.4868946e-05	-5.8428765	-0.01930424
133.76	1.5003824e-05	-5.8428345	-0.019392067
134.4	1.4920909e-05	-5.8428062	-0.019334959
135.04	1.5027337e-05	-5.8428665	-0.019369297
135.68	1.5211087e-05	-5.8428294	-0.019267394
136.32	1.4921695e-05	-5.8428293	-0.019367457
136.96	1.476896e-05	-5.8428853	-0.019362992
137.6	1.4809601e-05	-5.8428391	-0.019332004
138.24	1.4875316e-05	-5.8428487	-0.019349465
138.88	1.4573291e-05	-5.8428903	-0.019409518
139.52	1.4782835e-05	-5.8428485	-0.019382186
140.16	1.498515e-05	-5.8428856	-0.01930646
140.8	1.5251116e-05	-5.8428576	-0.019346029
141.44	1.5002712e-05	-5.8428246	-0.019325186
142.08	1.4980233e-05	-5.8428385	-0.01933771
142.72	1.5129988e-05	-5.8428714	-0.019317337
143.36	1.5224901e-05	-5.84283	-0.019314846
144	1.4841485e-05	-5.8428206	-0.019330739
144.64	1.4622687e-05	-5.8428485	-0.019349865
145.28	1.4630915e-05	-5.8429089	-0.019315389
145.92	1.4736176e-05	-5.842867	-0.019391635
146.56	1.4854055e-05	-5.8428389	-0.019292499
147.2	1.5224492e-05	-5.8428436	-0.019266809
147.84	1.5126524e-05	-5.8428433	-0.019390365
148.48	1.5299114e-05	-5.8428575	-0.019403986
149.12	1.5076237e-05	-5.8428993	-0.019337179
149.76	1.5104088e-05	-5.8427973	-0.019354492
150.4	1.4774194e-05	-5.8428624	-0.019241771
151.04	1.4549801e-05	-5.8428949	-0.019344633
151.68	1.4856781e-05	-5.8428487	-0.019347558
152.32	1.4757161e-05	-5.8428298	-0.019341792
152.96	1.4758901e-05	-5.8428481	-0.019338383
153.6	1.5040682e-05	-5.8428201	-0.019335491
154.24	1.5178497e-05	-5.8428108	-0.019304043
154.88	1.504085e-05	-5.842834	-0.019329645
155.52	1.5051391e-05	-5.8428575	-0.019296452
156.16	1.5039979e-05	-5.8428671	-0.01949865
156.8	1.488686e-05	-5.8428812	-0.019340942
157.44	1.4723713e-05	-5.8428207	-0.019346693
158.08	1.4446762e-05	-5.8428529	-0.019411204
158.72	1.4616049e-05	-5.8428389	-0.019288156
159.36	1.503142e-05	-5.8429041	-0.019366501
160	1.54271e-05	-5.8428205	-0.019292616
160.64	1.5186564e-05	-5.8427829	-0.019293992
161.28	1.5214153e-05	-5.8428714	-0.019328748
161.92	1.5281066e-05	-5.842867	-0.019291713
162.56	1.4775504e-05	-5.8428482	-0.019349805
163.2	1.4733034e-05	-5.8428438	-0.019349942
163.84	1.4607911e-05	-5.8428159	-0.019359019
164.48	1.4720842e-05	-5.8428485	-0.01939332
165.12	1.4920006e-05	-5.8428671	-0.019287268
165.76	1.4699243e-05	-5.8428432	-0.019371458
166.4	1.5477701e-05	-5.8428391	-0.019355514
167.04	1.5237069e-05	-5.8428527	-0.019315533
167.68	1.5146223e-05	-5.8428248	-0.019298672
168.32	1.4842097e-05	-5.842862	-0.019345982
168.96	1.4717179e-05	-5.8428297	-0.019282353
169.6	1.4968878e-05	-5.8428999	-0.019400461
170.24	1.4771895e-05	-5.8428673	-0.019464152
170.88	1.4896993e-05	-5.8428905	-0.0193986
171.52	1.5010895e-05	-5.8428531	-0.019317834
172.16	1.4727586e-05	-5.8428339	-0.019337234
172.8	1.5103347e-05	-5.842862	-0.01935859
173.44	1.5145312e-05	-5.8427689	-0.01929841
174.08	1.5201879e-05	-5.8428295	-0.01939495
174.72	1.516155e-05	-5.8428019	-0.019298104
175.36	1.4781627e-05	-5.8428716	-0.019314778
176	1.4556919e-05	-5.8428298	-0.019311421
176.64	1.4815101e-05	-5.8428208	-0.019302865
177.28	1.4585098e-05	-5.8428251	-0.019343337
177.92	1.5080056e-05	-5.842816	-0.019284179
178.56	1.4932959e-05	-5.8428015	-0.01929832
179.2	1.527505e-05	-5.8428435	-0.019386512
179.84	1.5247277e-05	-5.8428341	-0.019280941
180.48	1.5103401e-05	-5.8428481	-0.019301596
181.12	1.5025113e-05	-5.8428669	-0.01938189
181.76	1.4810305e-05	-5.8428856	-0.019444975
182.4	1.4990356e-05	-5.8428441	-0.019371038
183.04	1.499398e-05	-5.8428163	-0.01929998
183.68	1.4952847e-05	-5.8428393	-0.019266207
184.32	1.4973604e-05	-5.8428391	-0.019295098
184.96	1.5171411e-05	-5.842825	-0.019372397
185.6	1.5064319e-05	-5.8428247	-0.019315115
186.24	1.5157388e-05	-5.8428155	-0.019313354
186.88	1.491341e-05	-5.8428758	-0.019351734
187.52	1.5031171e-05	-5.8428251	-0.019323072
188.16	1.4757255e-05	-5.8428717	-0.019324116
188.8	1.4618087e-05	-5.8428159	-0.019333608
189.44	1.4464276e-05	-5.8428762	-0.019338968
190.08	1.4893131e-05	-5.8428811	-0.01932511
190.72	1.4977324e-05	-5.8429134	-0.019413237
191.36	1.5238413e-05	-5.8428576	-0.019369803
192	1.5017048e-05	-5.8428339	-0.019343444
192.64	1.5574436e-05	-5.8428438	-0.019325424
193.28	1.5091258e-05	-5.8427738	-0.01934776
193.92	1.475301e-05	-5.8428063	-0.019325113
194.56	1.5184349e-05	-5.8428117	-0.019372941
195.2	1.4766287e-05	-5.8428951	-0.019389502
195.84	1.4611417e-05	-5.8428577	-0.019379165
196.48	1.4942236e-05	-5.8428113	-0.019319406
197.12	1.4963967e-05	-5.8428343	-0.019357928
197.76	1.5217131e-05	-5.8428901	-0.019361266
198.4	1.5150296e-05	-5.8428294	-0.019375426
199.04	1.5192782e-05	-5.8428528	-0.019342777
199.68	1.5129078e-05	-5.8428529	-0.019298927
200.32	1.4776463e-05	-5.842811	-0.019367391
200.96	1.4868523e-05	-5.8428393	-0.019352359
201.6	1.4636637e-05	-5.8428252	-0.019353418
202.24	1.473624e-05	-5.8428346	-0.019316158
202.88	1.5062302e-05	-5.8428347	-0.019321356
203.52	1.5211909e-05	-5.842802	-0.019399799
204.16	1.4928715e-05	-5.8427642	-0.019225254
204.8	1.5201863e-05	-5.8428248	-0.01932868
205.44	1.5204472e-05	-5.8428063	-0.019400207
206.08	1.4990149e-05	-5.8428435	-0.019315401
206.72	1.4841638e-05	-5.8428297	-0.019331058
207.36	1.4675036e-05	-5.842867	-0.019351896
208	1.4720812e-05	-5.8428765	-0.019364346
208.64	1.5059564e-05	-5.8428535	-0.019354545
209.28	1.5327042e-05	-5.8428302	-0.019315732
209.92	1.4944845e-05	-5.8428342	-0.019318197
210.56	1.5232889e-05	-5.8428296	-0.019262389
211.2	1.5478677e-05	-5.8428344	-0.019314234
211.84	1.5210123e-05	-5.8427644	-0.019343667
212.48	1.5162826e-05	-5.8428158	-0.019370362
213.12	1.4772282e-05	-5.8428808	-0.019373848
213.76	1.4859524e-05	-5.8428533	-0.019304651
214.4	1.467566e-05	-5.8428439	-0.019281056
215.04	1.4670565e-05	-5.8428531	-0.019319056
215.68	1.4980214e-05	-5.8428578	-0.019388798
216.32	1.501033e-05	-5.8428575	-0.019329053
216.96	1.5094184e-05	-5.8428341	-0.019333418
217.6	1.5252983e-05	-5.8428062	-0.019357293
218.24	1.4909192e-05	-5.842806	-0.019361578
218.88	1.5290283e-05	-5.8428532	-0.019351181
219.52	1.4906922e-05	-5.8428624	-0.019309163
220.16	1.4878727e-05	-5.8428812	-0.019358761
220.8	1.4784971e-05	-5.8428161	-0.019323837
221.44	1.4914727e-05	-5.842844	-0.019318708
222.08	1.4965023e-05	-5.8428577	-0.019399488
222.72	1.4924312e-05	-5.8427783	-0.019296428
223.36	1.5172839e-05	-5.8428481	-0.019364065
224	1.5405102e-05	-5.8428389	-0.019266623
224.64	1.5142615e-05	-5.8428342	-0.019340089
225.28	1.4782273e-05	-5.8428202	-0.019330965
225.92	1.4847868e-05	-5.8428717	-0.019355115
226.56	1.4856736e-05	-5.8428068	-0.019287678
227.2	1.4732497e-05	-5.8428579	-0.019345087
227.84	1.4819515e-05	-5.8428578	-0.01938239
228.48	1.4922181e-05	-5.842853	-0.019367847
229.12	1.5323502e-05	-5.842881	-0.019348148
229.76	1.5281962e-05	-5.8428575	-0.019236204
230.4	1.5527633e-05	-5.8428577	-0.019317385
231.04	1.5273364e-05	-5.842839	-0.019300674
231.68	1.4919858e-05	-5.842839	-0.019323346
232.32	1.4994752e-05	-5.8428114	-0.019319343
232.96	1.4710664e-05	-5.8428439	-0.019379594
233.6	1.4562802e-05	-5.8428112	-0.019310189
234.24	1.4851436e-05	-5.8428439	-0.019364572
234.88	1.4766308e-05	-5.8428435	-0.019266068
235.52	1.515707e-05	-5.8428482	-0.019339728
236.16	1.5233659e-05	-5.8428388	-0.019387068
236.8	1.5106797e-05	-5.8428108	-0.019292693
237.44	1.5306958e-05	-5.8427786	-0.019253689
238.08	1.5066124e-05	-5.8428857	-0.019388089
238.72	1.4672245e-05	-5.8428437	-0.019384007
239.36	1.4709075e-05	-5.8428625	-0.019253422
240	1.4707731e-05	-5.8428439	-0.019295462
240.64	1.494502e-05	-5.8428904	-0.019271424
241.28	1.5346022e-05	-5.8428114	-0.019403144
241.92	1.5026302e-05	-5.842862	-0.019316767
242.56	1.5450216e-05	-5.8428204	-0.019297519
243.2	1.5010064e-05	-5.8428526	-0.019351936
243.84	1.4941914e-05	-5.8428481	-0.019363591
244.48	1.5116826e-05	-5.8428392	-0.019268149
245.12	1.4985741e-05	-5.8428673	-0.019374269
245.76	1.4884429e-05	-5.8428487	-0.019284665
246.4	1.4834443e-05	-5.8428347	-0.019310241
247.04	1.483943e-05	-5.8428531	-0.019368446
247.68	1.5230246e-05	-5.8428345	-0.019411051
248.32	1.5211054e-05	-5.8428203	-0.019424992
248.96	1.5294629e-05	-5.8428528	-0.019335001
249.6	1.5281082e-05	-5.8428482	-0.019317421
250.24	1.497589e-05	-5.8428714	-0.019479541
250.88	1.4859601e-05	-5.8428576	-0.019359785
251.52	1.4921844e-05	-5.8428068	-0.019297083
252.16	1.4787712e-05	-5.8428207	-0.019343734
252.8	1.4906188e-05	-5.8428301	-0.019355037
253.44	1.5065295e-05	-5.8428253	-0.019300785
254.08	1.5085003e-05	-5.8428436	-0.019308928
254.72	1.5030053e-05	-5.8428247	-0.019306952
255.36	1.5192829e-05	-5.8428387	-0.019416318
256	1.5221282e-05	-5.8428203	-0.019400698
256.64	1.4793669e-05	-5.8428945	-0.019255433
257.28	1.4757413e-05	-5.8428204	-0.019411754
257.92	1.4871538e-05	-5.8428905	-0.019352306
258.56	1.4558304e-05	-5.8427693	-0.019342734
259.2	1.4735019e-05	-5.8428578	-0.019346717
259.84	1.4590774e-05	-5.8428202	-0.019323819
260.48	1.515727e-05	-5.8428064	-0.019269076
261.12	1.5325302e-05	-5.8428389	-0.019320727
261.76	1.5440948e-05	-5.842825	-0.019332092
262.4	1.5044378e-05	-5.8428108	-0.019367991
263.04	1.5083239e-05	-5.8428297	-0.019398071
263.68	1.5069522e-05	-5.8428021	-0.019300087
264.32	1.4909037e-05	-5.8428673	-0.019375325
264.96	1.4776323e-05	-5.8428719	-0.019307344
265.6	1.4898533e-05	-5.8428905	-0.019335533
266.24	1.4758845e-05	-5.8428575	-0.019333326
266.88	1.4963707e-05	-5.8428574	-0.019220774
267.52	1.5172979e-05	-5.8428248	-0.019372903
268.16	1.5191571e-05	-5.8428155	-0.019332649
268.8	1.5141206e-05	-5.8428388	-0.019269923
269.44	1.5347597e-05	-5.8428207	-0.019403746
270.08	1.4755518e-05	-5.8428019	-0.019347424
270.72	1.4824646e-05	-5.8427975	-0.019297758
271.36	1.4598119e-05	-5.8428205	-0.019323077
272	1.4854378e-05	-5.8428718	-0.019287469
272.64	1.495256e-05	-5.8428716	-0.019371659
273.28	1.4885497e-05	-5.8428665	-0.019307664
273.92	1.5052403e-05	-5.8428572	-0.019381134
274.56	1.5275428e-05	-5.8428388	-0.019314344
275.2	1.4984501e-05	-5.8428806	-0.019327268
275.84	1.4900407e-05	-5.8428715	-0.019334925
276.48	1.4522858e-05	-5.8427877	-0.019371096
277.12	1.4835772e-05	-5.8428394	-0.019254502
277.76	1.4558907e-05	-5.8428531	-0.019344246
278.4	1.490243e-05	-5.8428206	-0.019303633
279.04	1.4961699e-05	-5.8428855	-0.019353428
279.68	1.5362227e-05	-5.8428577	-0.019303257
280.32	1.541748e-05	-5.842825	-0.01943432
280.96	1.5131585e-05	-5.8428433	-0.019360783
281.6	1.5006545e-05	-5.8427876	-0.019336814
282.24	1.5120481e-05	-5.8428997	-0.019370469
282.88	1.4692888e-05	-5.8428112	-0.019327018
283.52	1.469933e-05	-5.8428765	-0.019309723
284.16	1.462698e-05	-5.842788	-0.019229258
284.8	1.4729351e-05	-5.842839	-0.019347997
285.44	1.5023703e-05	-5.8428204	-0.019337407
286.08	1.5290066e-05	-5.8428157	-0.019324163
286.72	1.5132018e-05	-5.8428201	-0.019283063
287.36	1.5157573e-05	-5.8428295	-0.019326297
288	1.4940226e-05	-5.8428481	-0.019354522
288.64	1.4877827e-05	-5.842867	-0.019329939
289.28	1.4868029e-05	-5.8428347	-0.019369754
289.92	1.4631855e-05	-5.8428671	-0.019354493
290.56	1.4568258e-05	-5.8428391	-0.019349463
291.2	1.5130698e-05	-5.8428254	-0.019297428
291.84	1.5254763e-05	-5.842788	-0.019398595
292.48	1.5030741e-05	-5.8427922	-0.019379856
293.12	1.508723e-05	-5.8428712	-0.019368577
293.76	1.5287783e-05	-5.842797	-0.019272117
294.4	1.4985057e-05	-5.8428761	-0.019277247
295.04	1.5068737e-05	-5.8428393	-0.019416341
295.68	1.4779733e-05	-5.8428253	-0.01933048
296.32	1.4792741e-05	-5.8428347	-0.019279691
296.96	1.4684584e-05	-5.8428717	-0.019375576
297.6	1.4929601e-05	-5.8428624	-0.019360888
298.24	1.5223969e-05	-5.8428251	-0.019329478
298.88	1.5273166e-05	-5.8428807	-0.019386482
299.52	1.4958589e-05	-5.8428431	-0.019466006
300.16	1.5218219e-05	-5.8428389	-0.019303897
300.8	1.522804e-05	-5.8428392	-0.019327612
301.44	1.4816662e-05	-5.8427972	-0.019316255
302.08	1.5070444e-05	-5.8428303	-0.019326063
302.72	1.4671476e-05	-5.8428206	-0.019365254
303.36	1.4957588e-05	-5.8428394	-0.019251385
304	1.4943119e-05	-5.8428577	-0.019379643
304.64	1.5171311e-05	-5.8428669	-0.019379166
305.28	1.5269696e-05	-5.8428482	-0.019380946
305.92	1.5236264e-05	-5.8428388	-0.019402169
306.56	1.5123825e-05	-5.8428621	-0.019409287
307.2	1.5224774e-05	-5.8428671	-0.019376472
307.84	1.4908084e-05	-5.8428904	-0.019364459
308.48	1.4518793e-05	-5.8428623	-0.01938436
309.12	1.4850612e-05	-5.8428627	-0.019291908
309.76	1.4604791e-05	-5.8428064	-0.019286378
310.4	1.5145496e-05	-5.842816	-0.019397773
311.04	1.4867978e-05	-5.8428479	-0.019331188
311.68	1.5161221e-05	-5.842848	-0.01936677
312.32	1.5323517e-05	-5.8428854	-0.019385712
312.96	1.505306e-05	-5.8428341	-0.019312284
313.6	1.5049643e-05	-5.8428298	-0.019383229
314.24	1.4897479e-05	-5.842816	-0.0193036
314.88	1.4472703e-05	-5.8428809	-0.019294655
315.52	1.4666336e-05	-5.8428346	-0.019310952
316.16	1.4787231e-05	-5.8428066	-0.01930512
316.8	1.477731e-05	-5.8428063	-0.019328953
317.44	1.5151696e-05	-5.8428807	-0.019321326
318.08	1.5160545e-05	-5.8428713	-0.019405459
318.72	1.511899e-05	-5.8428061	-0.019309852
319.36	1.5292409e-05	-5.8428112	-0.019307571
320	1.486924e-05	-5.842825	-0.019334715
320.64	1.4857994e-05	-5.8428904	-0.019301875
321.28	1.4634847e-05	-5.8428066	-0.019297177
321.92	1.4761014e-05	-5.8428579	-0.019377053
322.56	1.4780099e-05	-5.8428251	-0.019382915
323.2	1.5170964e-05	-5.842788	-0.019332944
323.84	1.5036699e-05	-5.8428387	-0.019314145
324.48	1.5259984e-05	-5.8428574	-0.019314428
325.12	1.5407252e-05	-5.8428762	-0.019349661
325.76	1.5228247e-05	-5.8427786	-0.019335178
326.4	1.4965707e-05	-5.8428345	-0.019286994
327.04	1.4725527e-05	-5.8428624	-0.01939131
327.68	1.4498592e-05	-5.8428251	-0.019329882
328.32	1.5142882e-05	-5.8428536	-0.019336042
328.96	1.501051e-05	-5.8428207	-0.019409098
329.6	1.4795239e-05	-5.8428201	-0.019268153
330.24	1.5387115e-05	-5.842853	-0.019349328
330.88	1.4975151e-05	-5.8429083	-0.019449234
331.52	1.528512e-05	-5.8428296	-0.01933502
332.16	1.525511e-05	-5.8428298	-0.019329548
332.8	1.4784657e-05	-5.8428111	-0.019349581
333.44	1.4483885e-05	-5.8427971	-0.019291578
334.08	1.473892e-05	-5.8428765	-0.019419321
334.72	1.4647483e-05	-5.8428717	-0.019321686
335.36	1.5022692e-05	-5.8428392	-0.019308489
336	1.5144812e-05	-5.8428623	-0.019344807
336.64	1.4974558e-05	-5.8427828	-0.019335683
337.28	1.537173e-05	-5.8428482	-0.01936493
337.92	1.507281e-05	-5.8428434	-0.019373063
338.56	1.4791107e-05	-5.8428387	-0.019273543
339.2	1.4816746e-05	-5.8428577	-0.019266709
339.84	1.4817916e-05	-5.8428533	-0.019359994
340.48	1.4740488e-05	-5.8428114	-0.01928886
341.12	1.4688099e-05	-5.8428252	-0.019324306
341.76	1.4779967e-05	-5.8428762	-0.019258959
342.4	1.5137766e-05	-5.8428529	-0.019317278
343.04	1.5214538e-05	-5.8427783	-0.019351562
343.68	1.4959994e-05	-5.842885	-0.019380856
344.32	1.5226466e-05	-5.8428808	-0.01926494
344.96	1.512002e-05	-5.842867	-0.019340056
345.6	1.4940348e-05	-5.8428625	-0.01941441
346.24	1.4943886e-05	-5.8428395	-0.019344136
346.88	1.4888332e-05	-5.8428022	-0.019350021
347.52	1.4947151e-05	-5.8428812	-0.019345369
348.16	1.4862888e-05	-5.8428808	-0.019400208
348.8	1.524547e-05	-5.8428251	-0.019371685
349.44	1.5278213e-05	-5.8428714	-0.019363678
350.08	1.5300109e-05	-5.8428296	-0.019304557
350.72	1.5069469e-05	-5.8428527	-0.0193372
351.36	1.4946167e-05	-5.8427971	-0.019318182
352	1.4793296e-05	-5.8427833	-0.019362254
352.64	1.4653451e-05	-5.8428438	-0.019373443
353.28	1.495617e-05	-5.8428209	-0.019389367
353.92	1.4966331e-05	-5.8428021	-0.019398272
354.56	1.4917114e-05	-5.8428576	-0.019237948
355.2	1.5182692e-05	-5.8429133	-0.019415285
355.84	1.4911543e-05	-5.8428664	-0.019359118
356.48	1.5167546e-05	-5.8428759	-0.019347043
357.12	1.5134249e-05	-5.8428296	-0.019300576
357.76	1.4712954e-05	-5.8428109	-0.019242776
358.4	1.4814086e-05	-5.8428485	-0.019281222
359.04	1.4655353e-05	-5.8428206	-0.019289325
359.68	1.5003152e-05	-5.8428535	-0.019362214
360.32	1.5010125e-05	-5.8428533	-0.01938735
360.96	1.516121e-05	-5.8428019	-0.019241498
361.6	1.4883859e-05	-5.8428758	-0.019290435
362.24	1.514966e-05	-5.8428201	-0.019358268
362.88	1.504897e-05	-5.8428014	-0.019305441
363.52	1.5172007e-05	-5.8428808	-0.019381539
364.16	1.4803892e-05	-5.8428761	-0.019371825
364.8	1.4754549e-05	-5.8428438	-0.019312193
365.44	1.4417407e-05	-5.8428995	-0.019397664
366.08	1.471843e-05	-5.8428253	-0.019345324
366.72	1.4849807e-05	-5.8427972	-0.019346039
367.36	1.4740605e-05	-5.8428387	-0.019344434
368	1.5265262e-05	-5.8428436	-0.019317611
368.64	1.5372705e-05	-5.8428854	-0.019305376
369.28	1.4952661e-05	-5.8428525	-0.019350519
369.92	1.5305798e-05	-5.8428392	-0.019347249
370.56	1.5113628e-05	-5.8428207	-0.019338511
371.2	1.5125401e-05	-5.8428256	-0.01941429
371.84	1.4572811e-05	-5.8428577	-0.019372412
372.48	1.4512325e-05	-5.8428715	-0.019302821
373.12	1.4942177e-05	-5.8428438	-0.019344338
373.76	1.4963872e-05	-5.8428482	-0.01929146
374.4	1.5003278e-05	-5.8428666	-0.019337647
375.04	1.5321181e-05	-5.8428621	-0.019305455
375.68	1.5306254e-05	-5.8428389	-0.019312169
376.32	1.5078519e-05	-5.8428157	-0.019377088
376.96	1.4996894e-05	-5.8428346	-0.019361397
377.6	1.4724053e-05	-5.8428252	-0.019305721
378.24	1.4704531e-05	-5.8428114	-0.019359504
378.88	1.467548e-05	-5.8428391	-0.019335371
379.52	1.4801897e-05	-5.842825	-0.01929243
380.16	1.5048387e-05	-5.8428436	-0.019393833
380.8	1.5242654e-05	-5.8428063	-0.019351052
381.44	1.5302732e-05	-5.8428947	-0.019246172
382.08	1.5375924e-05	-5.8428484	-0.019314393
382.72	1.5071356e-05	-5.842853	-0.019315851
383.36	1.4910928e-05	-5.8428299	-0.019384279
384	1.4905607e-05	-5.8428487	-0.019333806
384.64	1.4934966e-05	-5.8428488	-0.019288378
385.28	1.4690059e-05	-5.8428391	-0.019358961
385.92	1.4998934e-05	-5.842867	-0.019300404
386.56	1.4965675e-05	-5.8428155	-0.019357098
387.2	1.5249334e-05	-5.8428435	-0.019274297
387.84	1.5073344e-05	-5.8428526	-0.019357814
388.48	1.507017e-05	-5.8428062	-0.01930813
389.12	1.5044796e-05	-5.8428437	-0.019259059
389.76	1.4878154e-05	-5.8428113	-0.019369602
390.4	1.4526765e-05	-5.8429088	-0.019398444
391.04	1.4581941e-05	-5.842867	-0.019311384
391.68	1.490787e-05	-5.8428114	-0.019308974
392.32	1.4973237e-05	-5.8428484	-0.019400011
392.96	1.502921e-05	-5.8427969	-0.019291735
393.6	1.5266162e-05	-5.8428621	-0.019292535
394.24	1.5169369e-05	-5.8428527	-0.019392721
394.88	1.5053255e-05	-5.8428667	-0.019344134
395.52	1.488822e-05	-5.8428715	-0.019290917
396.16	1.4750168e-05	-5.8427926	-0.01922688
396.8	1.4722594e-05	-5.8428625	-0.019433717
397.44	1.4914355e-05	-5.8428209	-0.019361312
398.08	1.5095895e-05	-5.8428534	-0.019382319
398.72	1.4835933e-05	-5.842811	-0.019281913
399.36	1.5437658e-05	-5.8428113	-0.019311197
400	1.5032457e-05	-5.8428525	-0.019334727
400.64	1.527779e-05	-5.8428574	-0.019284522
401.28	1.5166368e-05	-5.8428343	-0.019422385
401.92	1.4927081e-05	-5.8428576	-0.019341356
402.56	1.4890984e-05	-5.8428439	-0.019253061
403.2	1.4510184e-05	-5.8428902	-0.019389902
403.84	1.4939877e-05	-5.8428534	-0.019346392
404.48	1.460228e-05	-5.8428482	-0.019307571
405.12	1.5260881e-05	-5.8428904	-0.019380321
405.76	1.5184475e-05	-5.8428854	-0.01934838
406.4	1.5406617e-05	-5.8428017	-0.019250965
407.04	1.4885099e-05	-5.8428617	-0.019375465
407.68	1.5162746e-05	-5.8428343	-0.019269904
408.32	1.5152852e-05	-5.8428067	-0.019254168
408.96	1.477671e-05	-5.8428532	-0.019317854
409.6	1.4968096e-05	-5.8428488	-0.019419681
410.24	1.4947004e-05	-5.8428627	-0.019304985
410.88	1.4820973e-05	-5.8428577	-0.01940281
411.52	1.4790316e-05	-5.8428527	-0.019381025
412.16	1.4963573e-05	-5.8428805	-0.019287232
412.8	1.5059326e-05	-5.8428386	-0.019373009
413.44	1.5522317e-05	-5.842867	-0.019380195
414.08	1.513626e-05	-5.8428762	-0.019375636
414.72	1.4723118e-05	-5.8428529	-0.019346583
415.36	1.4923637e-05	-5.8428254	-0.019284093
416	1.4732538e-05	-5.8428346	-0.019273632
416.64	1.4813671e-05	-5.8428067	-0.019417653
417.28	1.4872528e-05	-5.842867	-0.019332601
417.92	1.5054168e-05	-5.842839	-0.01935594
418.56	1.523598e-05	-5.8427923	-0.019383939
419.2	1.5283265e-05	-5.8428667	-0.019358479
419.84	1.5144008e-05	-5.8428574	-0.019323126
420.48	1.5212484e-05	-5.8428251	-0.019367382
421.12	1.4784408e-05	-5.8428343	-0.019321925
421.76	1.4819815e-05	-5.8428347	-0.01938079
422.4	1.4711994e-05	-5.842816	-0.019289608
423.04	1.4483365e-05	-5.842825	-0.019290254
423.68	1.494291e-05	-5.8427926	-0.019336025
424.32	1.4999972e-05	-5.8428295	-0.019319511
424.96	1.5336129e-05	-5.8428157	-0.019306325
425.6	1.5538891e-05	-5.8428344	-0.019300452
426.24	1.5225926e-05	-5.8428389	-0.019393104
426.88	1.5216518e-05	-5.8428159	-0.019338013
427.52	1.5101767e-05	-5.8428347	-0.019353494
428.16	1.4733241e-05	-5.8428253	-0.019305243
428.8	1.4675201e-05	-5.8428206	-0.019401305
429.44	1.4945437e-05	-5.842858	-0.019322953
430.08	1.4986981e-05	-5.8428717	-0.019285008
430.72	1.5127325e-05	-5.8427971	-0.019397648
431.36	1.5402328e-05	-5.8428669	-0.019291581
432	1.525239e-05	-5.8428388	-0.01925954
432.64	1.5243918e-05	-5.842811	-0.019466588
433.28	1.5093124e-05	-5.8427972	-0.019286097
433.92	1.4768601e-05	-5.8428251	-0.019283165
434.56	1.4937649e-05	-5.8428627	-0.019329758
435.2	1.4913353e-05	-5.8428116	-0.019317596
435.84	1.48851e-05	-5.8428765	-0.019324905
436.48	1.4941701e-05	-5.8428529	-0.019290635
437.12	1.5237016e-05	-5.8428018	-0.019348871
437.76	1.5088715e-05	-5.8427735	-0.019363278
438.4	1.5389133e-05	-5.8428994	-0.019320531
439.04	1.5112194e-05	-5.8428714	-0.019323109
439.68	1.5038304e-05	-5.8428624	-0.019365584
440.32	1.4797519e-05	-5.8428531	-0.019285239
440.96	1.4861145e-05	-5.8428115	-0.019441546
441.6	1.4657225e-05	-5.8428764	-0.019345821
442.24	1.4763041e-05	-5.8428996	-0.019338696
442.88	1.4987968e-05	-5.8428623	-0.019358231
443.52	1.5133007e-05	-5.8428575	-0.019273662
444.16	1.531964e-05	-5.8428296	-0.019268987
444.8	1.545189e-05	-5.8428297	-0.019352557
445.44	1.4957541e-05	-5.8428201	-0.019351433
446.08	1.4722838e-05	-5.8428063	-0.01931205
446.72	1.4672878e-05	-5.842853	-0.019375927
447.36	1.4625157e-05	-5.8428345	-0.019318938
448	1.4383178e-05	-5.8428482	-0.019357852
448.64	1.4890846e-05	-5.8428578	-0.019279089
449.28	1.5084468e-05	-5.8428623	-0.01927454
449.92	1.513508e-05	-5.8428295	-0.019300411
450.56	1.525615e-05	-5.8428202	-0.019404645
451.2	1.5244411e-05	-5.8428295	-0.019367383
451.84	1.5391718e-05	-5.8428532	-0.019331236
452.48	1.4888371e-05	-5.8428251	-0.019345396
453.12	1.4898848e-05	-5.8428207	-0.019327567
453.76	1.4714581e-05	-5.8428579	-0.019366571
454.4	1.4963361e-05	-5.8428767	-0.019296394
455.04	1.4767355e-05	-5.8428669	-0.019376581
455.68	1.4909471e-05	-5.8428481	-0.019354175
456.32	1.5079493e-05	-5.8428666	-0.019342789
456.96	1.5075473e-05	-5.8428525	-0.019312657
457.6	1.5229399e-05	-5.84289	-0.019408514
458.24	1.5142001e-05	-5.8427599	-0.019248763
458.88	1.4979066e-05	-5.8428531	-0.019361858
459.52	1.4862369e-05	-5.8428161	-0.019346473
460.16	1.4552288e-05	-5.8427833	-0.019219667
460.8	1.4560451e-05	-5.842853	-0.019356954
461.44	1.499872e-05	-5.8428718	-0.01929567
462.08	1.5008317e-05	-5.8428296	-0.019314357
462.72	1.5339449e-05	-5.8428343	-0.019326992
463.36	1.5284598e-05	-5.8428434	-0.01934347
464	1.5142059e-05	-5.8428341	-0.01938325
464.64	1.5049843e-05	-5.8428529	-0.019302363
465.28	1.4959212e-05	-5.8428578	-0.019347277
465.92	1.4717097e-05	-5.8428392	-0.019279716
466.56	1.4656078e-05	-5.8428857	-0.019286214
467.2	1.4837233e-05	-5.8428067	-0.019371629
467.84	1.4838359e-05	-5.8428343	-0.01937013
468.48	1.5133619e-05	-5.8428762	-0.019299696
469.12	1.498486e-05	-5.8428804	-0.019359958
469.76	1.5212915e-05	-5.8428713	-0.019473215
470.4	1.5215346e-05	-5.8428528	-0.01933617
471.04	1.5112884e-05	-5.8429181	-0.019422283
471.68	1.4715442e-05	-5.8427925	-0.019305571
472.32	1.4834882e-05	-5.8428859	-0.019333235
472.96	1.459713e-05	-5.8429043	-0.019395611
473.6	1.482883e-05	-5.8428206	-0.01929369
474.24	1.471521e-05	-5.8428435	-0.019354245
474.88	1.4788422e-05	-5.8428479	-0.01932935
475.52	1.5188686e-05	-5.8428388	-0.019296081
476.16	1.5090695e-05	-5.8428619	-0.019311717
476.8	1.5122385e-05	-5.842876	-0.019369774
477.44	1.511496e-05	-5.8428531	-0.019364354
478.08	1.4751015e-05	-5.8428158	-0.019367054
478.72	1.4716105e-05	-5.8428625	-0.019318847
479.36	1.4742268e-05	-5.8428486	-0.019371368
480	1.4621833e-05	-5.842825	-0.019356489
480.64	1.4906387e-05	-5.8428855	-0.01938786
481.28	1.5402979e-05	-5.8428764	-0.01931128
481.92	1.515514e-05	-5.8428108	-0.019353615
482.56	1.5167989e-05	-5.8428062	-0.019378521
483.2	1.5103981e-05	-5.8428714	-0.019387712
483.84	1.5078041e-05	-5.8427973	-0.019340667
484.48	1.481483e-05	-5.8428485	-0.019368003
485.12	1.4874641e-05	-5.8428348	-0.019332741
485.76	1.4613456e-05	-5.8428391	-0.01931908
486.4	1.4799492e-05	-5.8428624	-0.019309667
487.04	1.4958742e-05	-5.8428994	-0.019373747
487.68	1.5132609e-05	-5.8428481	-0.019260323
488.32	1.5152586e-05	-5.8428387	-0.019311464
488.96	1.5281398e-05	-5.8428342	-0.01934012
489.6	1.4818479e-05	-5.8428293	-0.019268982
490.24	1.4995974e-05	-5.8428205	-0.019376001
490.88	1.4780879e-05	-5.8428392	-0.019361623
491.52	1.4658162e-05	-5.8428485	-0.019320371
492.16	1.4482037e-05	-5.8428436	-0.019276179
492.8	1.4758883e-05	-5.8428623	-0.019406922
493.44	1.486102e-05	-5.8428574	-0.019350306
494.08	1.5246575e-05	-5.8428064	-0.019313884
494.72	1.5253772e-05	-5.8428528	-0.019372942
495.36	1.5470108e-05	-5.8428716	-0.019440391
496	1.5038108e-05	-5.8428807	-0.019352635
496.64	1.4905293e-05	-5.842839	-0.019357389
497.28	1.4666506e-05	-5.8428531	-0.019305598
497.92	1.4855731e-05	-5.8428069	-0.019328622
498.56	1.4732838e-05	-5.8428764	-0.019387323
499.2	1.4916099e-05	-5.842895	-0.019379463
499.84	1.5056463e-05	-5.8428576	-0.019368186
