0	5.8316545e-05	-5.8544417	-0.029633942
0.64	5.9218213e-05	-5.8545027	-0.029664315
1.28	5.9476776e-05	-5.8544461	-0.029511922
1.92	6.0110649e-05	-5.8544455	-0.029492689
2.56	6.0369835e-05	-5.8544169	-0.02948835
3.2	6.1959099e-05	-5.8544786	-0.029486947
3.84	6.1053949e-05	-5.854506	-0.029513048
4.48	5.9694031e-05	-5.8544127	-0.029383253
5.12	5.9983926e-05	-5.8544421	-0.029525628
5.76	5.9726063e-05	-5.8545032	-0.029632919
6.4	5.9543851e-05	-5.85448	-0.029579647
7.04	5.9704243e-05	-5.8543774	-0.029513958
7.68	5.8850006e-05	-5.854436	-0.029607805
8.32	6.0520925e-05	-5.8543946	-0.029597309
8.96	6.0937291e-05	-5.8544965	-0.029545249
9.6	6.0789261e-05	-5.854431	-0.029516271
10.24	6.0562022e-05	-5.8544592	-0.029577762
10.88	6.0052533e-05	-5.8544272	-0.02958182
11.52	5.9371824e-05	-5.8544603	-0.029609789
12.16	5.8479651e-05	-5.8544137	-0.029599822
12.8	5.8296698e-05	-5.8543858	-0.029500393
13.44	5.8569968e-05	-5.8544599	-0.029632258
14.08	6.0575158e-05	-5.8544002	-0.029691779
14.72	6.1455891e-05	-5.8544418	-0.029580713
15.36	6.0837785e-05	-5.8544404	-0.029534021
16	6.2182283e-05	-5.8544371	-0.029569327
16.64	6.004442e-05	-5.8543891	-0.029553336
17.28	6.0380052e-05	-5.8544324	-0.029627026
17.92	5.9537581e-05	-5.8544885	-0.029652098
18.56	5.9411281e-05	-5.8544007	-0.029609344
19.2	5.8840485e-05	-5.8544095	-0.029505614
19.84	5.9645675e-05	-5.8544329	-0.029494415
20.48	6.0823935e-05	-5.8544143	-0.029618028
21.12	6.1031803e-05	-5.8545157	-0.029636489
21.76	6.1210899e-05	-5.8545059	-0.029549162
22.4	6.0778459e-05	-5.8543938	-0.029477179
23.04	6.0931508e-05	-5.8543714	-0.029563035
23.68	5.9618462e-05	-5.8543853	-0.029494219
24.32	5.9063968e-05	-5.8543812	-0.029436395
24.96	5.8805872e-05	-5.8544421	-0.029555392
25.6	5.9512306e-05	-5.8544242	-0.029703602
26.24	5.922144e-05	-5.8544045	-0.029756792
26.88	5.9740678e-05	-5.8545339	-0.029602311
27.52	6.0772696e-05	-5.854571	-0.029594036
28.16	6.1673267e-05	-5.8543945	-0.029562041
28.8	6.044097e-05	-5.8544121	-0.029425111
29.44	6.0620192e-05	-5.854376	-0.029616571
30.08	5.9660259e-05	-5.8543716	-0.029729469
30.72	5.8917474e-05	-5.8545116	-0.029611166
31.36	5.9663321e-05	-5.8544802	-0.029556195
32	5.9793646e-05	-5.8544197	-0.029536738
32.64	5.9522104e-05	-5.8544882	-0.029649453
33.28	5.9175853e-05	-5.8544029	-0.029505479
33.92	6.0970142e-05	-5.8543432	-0.029445425
34.56	6.0882263e-05	-5.854431	-0.029661928
35.2	6.0987936e-05	-5.8544267	-0.029704475
35.84	5.956112e-05	-5.8544588	-0.029603275
36.48	5.8521938e-05	-5.8543846	-0.029578893
37.12	5.9287768e-05	-5.8544329	-0.029580056
37.76	5.9854316e-05	-5.85442	-0.02957576
38.4	5.9557215e-05	-5.8543729	-0.02957997
39.04	5.9998381e-05	-5.8544235	-0.029630756
39.68	6.0345957e-05	-5.8544737	-0.029754806
40.32	6.0748871e-05	-5.8544684	-0.029474395
40.96	6.1311134e-05	-5.8544081	-0.029539026
41.6	6.0484151e-05	-5.8544635	-0.029538074
42.24	5.9860333e-05	-5.8543988	-0.029526781
42.88	6.0105145e-05	-5.8545491	-0.029474108
43.52	5.9025821e-05	-5.8545119	-0.029664063
44.16	5.8500496e-05	-5.8544744	-0.029541422
44.8	5.8390984e-05	-5.8544088	-0.02964827
45.44	5.9704551e-05	-5.8544602	-0.029462588
46.08	5.983014e-05	-5.8544079	-0.029550918
46.72	6.1393844e-05	-5.8544922	-0.029561561
47.36	6.0685506e-05	-5.8544169	-0.029515628
48	6.1289123e-05	-5.8543947	-0.02944992
48.64	6.0068434e-05	-5.8544736	-0.029598101
49.28	5.8820405e-05	-5.8544317	-0.029623673
49.92	5.8903032e-05	-5.8544746	-0.029434708
50.56	5.928792e-05	-5.8545031	-0.029511084
51.2	5.8184647e-05	-5.8544131	-0.029631651
51.84	5.9292801e-05	-5.8544224	-0.029495719
52.48	6.0219953e-05	-5.8544081	-0.029638792
53.12	5.9733345e-05	-5.8544811	-0.029854899
53.76	6.0052043e-05	-5.8544115	-0.029535307
54.4	6.140514e-05	-5.8544275	-0.029462371
55.04	5.9868204e-05	-5.8544597	-0.029717897
55.68	6.0228384e-05	-5.8544102	-0.029516984
56.32	5.8067668e-05	-5.8544042	-0.029712481
56.96	5.93414e-05	-5.8543589	-0.029711128
57.6	5.9297445e-05	-5.8543628	-0.029444461
58.24	5.9640275e-05	-5.8544689	-0.029606397
58.88	6.0778832e-05	-5.8544782	-0.02952121
59.52	6.0646382e-05	-5.8544169	-0.02957417
60.16	6.0242055e-05	-5.8544118	-0.029638199
60.8	6.101695e-05	-5.8543808	-0.02982627
61.44	6.0226032e-05	-5.8544789	-0.029658141
62.08	5.8661095e-05	-5.8544319	-0.029506431
62.72	5.9003833e-05	-5.8544702	-0.029472882
63.36	5.9307949e-05	-5.8544797	-0.029473183
64	5.8350386e-05	-5.8543943	-0.029500016
64.64	5.9663845e-05	-5.8545293	-0.029569885
65.28	6.0555665e-05	-5.8544128	-0.029629862
65.92	6.0663555e-05	-5.854375	-0.029710509
66.56	6.0297671e-05	-5.8544863	-0.029550996
67.2	6.1189734e-05	-5.8544741	-0.029604829
67.84	6.0401616e-05	-5.8544327	-0.029585061
68.48	5.977328e-05	-5.8544705	-0.029504056
69.12	5.8616045e-05	-5.8544653	-0.029701926
69.76	5.9304431e-05	-5.854396	-0.029435132
70.4	5.9839623e-05	-5.8543537	-0.029631014
71.04	6.0604411e-05	-5.8544183	-0.029603845
71.68	6.1010771e-05	-5.8544781	-0.029533228
72.32	6.0416766e-05	-5.8543886	-0.029677016
72.96	6.1727534e-05	-5.8544135	-0.029761266
73.6	5.9682243e-05	-5.8544496	-0.029672827
74.24	6.0318102e-05	-5.8544841	-0.029663173
74.88	5.9672013e-05	-5.8544612	-0.02951799
75.52	5.7800768e-05	-5.8544179	-0.029659642
76.16	5.7820957e-05	-5.8544455	-0.029588392
76.8	5.9392711e-05	-5.8544601	-0.029631784
77.44	5.9462892e-05	-5.8543659	-0.029634179
78.08	6.0820569e-05	-5.8544406	-0.029576852
78.72	6.0690924e-05	-5.8544586	-0.029610855
79.36	6.1197462e-05	-5.8544688	-0.0293717
80	5.9627329e-05	-5.8544543	-0.029499788
80.64	5.92749e-05	-5.8543948	-0.029691918
81.28	5.9204804e-05	-5.8543818	-0.029633811
81.92	5.8969398e-05	-5.8543866	-0.029439715
82.56	5.8711646e-05	-5.854451	-0.029698911
83.2	5.9658566e-05	-5.8544602	-0.029693147
83.84	6.0407244e-05	-5.8544829	-0.02958264
84.48	6.1156587e-05	-5.8544733	-0.029550864
85.12	6.1350813e-05	-5.8544035	-0.029483107
85.76	6.0585985e-05	-5.8544311	-0.029570337
86.4	5.9145932e-05	-5.8544727	-0.029427629
87.04	5.8610504e-05	-5.854399	-0.029503524
87.68	5.879631e-05	-5.8544699	-0.029456345
88.32	5.794613e-05	-5.8544832	-0.029527454
88.96	5.8995018e-05	-5.8544465	-0.029460891
89.6	6.0402747e-05	-5.8544468	-0.029576453
90.24	6.0081151e-05	-5.8544033	-0.029432764
90.88	5.9940354e-05	-5.8544302	-0.029369474
91.52	6.0965455e-05	-5.8544078	-0.029561979
92.16	5.9707018e-05	-5.8544862	-0.029453564
92.8	6.0069933e-05	-5.8544878	-0.029641246
93.44	5.9527338e-05	-5.8543257	-0.029531595
94.08	5.9135995e-05	-5.8544935	-0.029482107
94.72	5.9961444e-05	-5.8544898	-0.029677729
95.36	5.9060796e-05	-5.8544045	-0.029532319
96	6.0131442e-05	-5.8544741	-0.029445559
96.64	5.9978213e-05	-5.8544263	-0.029785097
97.28	6.091986e-05	-5.8544218	-0.029608564
97.92	6.0205816e-05	-5.854449	-0.029483478
98.56	6.0032599e-05	-5.8544124	-0.029739774
99.2	6.0325379e-05	-5.8544045	-0.029501706
99.84	5.8755918e-05	-5.8544506	-0.02959545
100.48	5.8780577e-05	-5.8544002	-0.029562676
101.12	6.0002889e-05	-5.8544665	-0.029636686
101.76	6.0000141e-05	-5.8544379	-0.02970485
102.4	6.0312774e-05	-5.8544881	-0.029561854
103.04	5.9573125e-05	-5.8544723	-0.029504243
103.68	6.0209233e-05	-5.8544443	-0.029438103
104.32	6.0353955e-05	-5.8544817	-0.029699865
104.96	6.0270462e-05	-5.8544173	-0.029458695
105.6	5.9626816e-05	-5.8544133	-0.029464707
106.24	6.0197285e-05	-5.8544615	-0.029574916
106.88	5.8840167e-05	-5.8544189	-0.029688135
107.52	5.8860231e-05	-5.8544235	-0.029512933
108.16	5.9589788e-05	-5.8543117	-0.029320601
108.8	5.9660265e-05	-5.8544687	-0.029536586
109.44	6.1668851e-05	-5.8544649	-0.029455014
110.08	6.0836064e-05	-5.8544588	-0.029762747
110.72	6.0938655e-05	-5.8545009	-0.029412536
111.36	5.9770608e-05	-5.8544496	-0.029600509
112	6.0321023e-05	-5.8544189	-0.029482014
112.64	5.8323456e-05	-5.8544133	-0.0294809
113.28	5.8200832e-05	-5.8544463	-0.029718205
113.92	5.9664636e-05	-5.8544242	-0.029587254
114.56	5.9935392e-05	-5.8544142	-0.029653197
115.2	6.0816296e-05	-5.8544742	-0.02957636
115.84	6.0323343e-05	-5.8544215	-0.029624336
116.48	6.1642444e-05	-5.8543898	-0.02946973
117.12	6.1110863e-05	-5.8544966	-0.029684477
117.76	6.03638e-05	-5.8544132	-0.029526702
118.4	5.9393947e-05	-5.8544879	-0.029496145
119.04	5.8880177e-05	-5.8544326	-0.029526107
119.68	5.873536e-05	-5.8544514	-0.029550017
120.32	5.8444746e-05	-5.8543671	-0.029481122
120.96	5.9386536e-05	-5.85446	-0.029774489
121.6	6.100252e-05	-5.8544557	-0.029651448
122.24	6.1866327e-05	-5.8544416	-0.029624856
122.88	6.0942626e-05	-5.8544077	-0.029717815
123.52	6.1672186e-05	-5.8544647	-0.029516208
124.16	5.9695719e-05	-5.8544639	-0.029475925
124.8	6.0274437e-05	-5.8544471	-0.02970566
125.44	5.8633616e-05	-5.8545115	-0.029777098
126.08	5.9639818e-05	-5.8543919	-0.02942834
126.72	5.9210639e-05	-5.8544281	-0.029549286
127.36	6.0085543e-05	-5.8544605	-0.029655696
128	6.0617722e-05	-5.8545016	-0.029813964
128.64	6.1079866e-05	-5.8545012	-0.029449254
129.28	6.1324893e-05	-5.8544175	-0.02949419
129.92	6.1067124e-05	-5.854455	-0.029577515
130.56	6.0973622e-05	-5.8544653	-0.029543596
131.2	5.9730771e-05	-5.8545025	-0.029596425
131.84	5.9755373e-05	-5.854429	-0.029467386
132.48	5.8512128e-05	-5.8543907	-0.029419516
133.12	5.9699674e-05	-5.8544145	-0.02957472
133.76	5.9627151e-05	-5.8544785	-0.029616834
134.4	6.0563098e-05	-5.8543851	-0.029535734
135.04	6.0400694e-05	-5.8544864	-0.029547579
135.68	6.0652521e-05	-5.8544029	-0.029622738
136.32	6.1102452e-05	-5.8544645	-0.029636497
136.96	5.9954616e-05	-5.8543807	-0.029501189
137.6	5.8722648e-05	-5.8544598	-0.029505473
138.24	5.8299916e-05	-5.8543997	-0.02951751
138.88	5.8825185e-05	-5.8544281	-0.029516773
139.52	5.8539146e-05	-5.8543295	-0.029511364
140.16	6.0674939e-05	-5.8544281	-0.029556539
140.8	5.9143839e-05	-5.8544812	-0.029539504
141.44	6.0258319e-05	-5.8544304	-0.029533304
142.08	6.0382478e-05	-5.8544911	-0.029469995
142.72	6.042668e-05	-5.8544315	-0.029565262
143.36	5.9840722e-05	-5.8544041	-0.029676855
144	5.9493885e-05	-5.8544375	-0.029574574
144.64	5.9562016e-05	-5.8544428	-0.029541093
145.28	5.8326639e-05	-5.8544601	-0.029513286
145.92	5.9096144e-05	-5.8543857	-0.029704352
146.56	5.9416595e-05	-5.8544127	-0.029600832
147.2	6.1685858e-05	-5.8544231	-0.029609822
147.84	6.1280973e-05	-5.8543849	-0.029493952
148.48	6.0909951e-05	-5.8544499	-0.029572056
149.12	5.9824273e-05	-5.8543938	-0.029507471
149.76	6.0263952e-05	-5.854428	-0.029604033
150.4	5.9588323e-05	-5.8543633	-0.029546207
151.04	5.8820846e-05	-5.8544282	-0.029654569
151.68	5.8950972e-05	-5.8543955	-0.029620746
152.32	5.8983489e-05	-5.8545063	-0.029492951
152.96	6.083785e-05	-5.8544185	-0.029406726
153.6	6.0602515e-05	-5.854501	-0.029615183
154.24	6.1105265e-05	-5.8544359	-0.029515651
154.88	5.9968946e-05	-5.8544165	-0.029583224
155.52	6.0960224e-05	-5.8544742	-0.02950652
156.16	5.8877463e-05	-5.8544176	-0.029434115
156.8	5.9451483e-05	-5.8545354	-0.029595158
157.44	5.9102956e-05	-5.8544517	-0.029555325
158.08	5.9119565e-05	-5.8544188	-0.029482065
158.72	5.999733e-05	-5.8544048	-0.029606205
159.36	6.0502806e-05	-5.8544831	-0.029515948
160	6.07293e-05	-5.8544591	-0.029594012
160.64	6.2037301e-05	-5.8543345	-0.029606781
161.28	6.1078867e-05	-5.8543944	-0.029549573
161.92	6.0236563e-05	-5.8544829	-0.029605116
162.56	5.952117e-05	-5.8543858	-0.029464272
163.2	5.9811298e-05	-5.8543777	-0.02966797
163.84	5.8537068e-05	-5.8544652	-0.029538053
164.48	5.9030395e-05	-5.8544699	-0.029601902
165.12	5.8984715e-05	-5.854492	-0.02954294
165.76	6.0519203e-05	-5.8544179	-0.029590591
166.4	6.0629425e-05	-5.8544264	-0.029366249
167.04	6.0882521e-05	-5.8544356	-0.029836726
167.68	6.0851426e-05	-5.854464	-0.029530699
168.32	5.9373533e-05	-5.854459	-0.029613962
168.96	6.0266774e-05	-5.8544192	-0.029537249
169.6	5.9343138e-05	-5.8545308	-0.029576312
170.24	5.8897667e-05	-5.8544283	-0.02950522
170.88	5.8888353e-05	-5.8545068	-0.029732207
171.52	5.9376687e-05	-5.8544596	-0.029555399
172.16	5.9706112e-05	-5.8544263	-0.029469407
172.8	6.0044732e-05	-5.8543932	-0.029653246
173.44	6.0467786e-05	-5.8544027	-0.029649024
174.08	6.0055531e-05	-5.8544308	-0.029504506
174.72	6.0027749e-05	-5.8543946	-0.029530179
175.36	6.0313408e-05	-5.8544752	-0.029616799
176	5.8412744e-05	-5.854516	-0.029685627
176.64	5.7974516e-05	-5.8544738	-0.029511088
177.28	6.0127671e-05	-5.8544707	-0.029735863
177.92	5.9048924e-05	-5.8544964	-0.029442627
178.56	6.0832865e-05	-5.8544551	-0.029561985
179.2	6.132776e-05	-5.8543804	-0.029723322
179.84	6.0047298e-05	-5.8543744	-0.029786526
180.48	6.0216478e-05	-5.8544079	-0.029547504
181.12	6.0250207e-05	-5.8544741	-0.029567482
181.76	5.8609958e-05	-5.8544272	-0.029516044
182.4	5.8130833e-05	-5.8544274	-0.029483956
183.04	5.930854e-05	-5.8544006	-0.029659707
183.68	5.9929745e-05	-5.8544098	-0.029644623
184.32	6.0756499e-05	-5.854377	-0.029464218
184.96	5.9968866e-05	-5.854496	-0.029550453
185.6	6.0771118e-05	-5.8544264	-0.029569018
186.24	6.0708276e-05	-5.8544218	-0.029521462
186.88	5.9997696e-05	-5.8544125	-0.029538309
187.52	6.0189627e-05	-5.8545254	-0.029704088
188.16	5.9592067e-05	-5.8544143	-0.029547449
188.8	5.7834027e-05	-5.8545434	-0.029611034
189.44	5.9254065e-05	-5.8544098	-0.02959335
190.08	5.9464971e-05	-5.8544511	-0.02945723
190.72	6.0464302e-05	-5.854423	-0.029688828
191.36	6.1435373e-05	-5.8544415	-0.029464888
192	6.1144763e-05	-5.8544546	-0.029484989
192.64	6.1124715e-05	-5.8544827	-0.029553843
193.28	6.0523547e-05	-5.8543387	-0.029352705
193.92	5.9850758e-05	-5.854502	-0.029554785
194.56	5.8693896e-05	-5.854395	-0.029413345
195.2	5.8463521e-05	-5.8545161	-0.029567158
195.84	5.919471e-05	-5.8544887	-0.029521462
196.48	5.9411905e-05	-5.8544648	-0.029519066
197.12	6.0206716e-05	-5.8544365	-0.029710516
197.76	6.1947818e-05	-5.854428	-0.029637262
198.4	6.124046e-05	-5.8544733	-0.029494968
199.04	6.0989192e-05	-5.8544594	-0.029569298
199.68	5.964488e-05	-5.8544218	-0.029530451
200.32	5.9338902e-05	-5.8544552	-0.029681704
200.96	5.8739333e-05	-5.8544835	-0.02958717
201.6	5.9387755e-05	-5.8544194	-0.02961715
202.24	5.9723851e-05	-5.8543728	-0.029612837
202.88	5.9764018e-05	-5.8544881	-0.029611437
203.52	6.0473671e-05	-5.8544412	-0.029610472
204.16	6.0911815e-05	-5.8544454	-0.029465111
204.8	6.0936346e-05	-5.8543289	-0.029515641
205.44	5.9764049e-05	-5.8544351	-0.029742676
206.08	6.0921943e-05	-5.8544931	-0.029476967
206.72	5.9292866e-05	-5.8543996	-0.029535424
207.36	5.9117613e-05	-5.8544654	-0.02945728
208	5.8983859e-05	-5.8544841	-0.029583943
208.64	5.9992489e-05	-5.8544939	-0.02943626
209.28	5.9546838e-05	-5.8544552	-0.02959647
209.92	6.0948893e-05	-5.8544181	-0.029485147
210.56	6.054674e-05	-5.8544634	-0.029556084
211.2	6.1549454e-05	-5.8544783	-0.029523279
211.84	6.0965923e-05	-5.8544457	-0.02946734
212.48	5.9776027e-05	-5.8544457	-0.029547822
213.12	5.9855483e-05	-5.854526	-0.029546946
213.76	5.8941366e-05	-5.8543723	-0.029368753
214.4	5.9223279e-05	-5.8544146	-0.029593045
215.04	5.9097732e-05	-5.8544556	-0.029673419
215.68	6.0072198e-05	-5.8544415	-0.029604097
216.32	6.0139407e-05	-5.8544126	-0.029519068
216.96	6.1066785e-05	-5.8544826	-0.029501816
217.6	6.0165975e-05	-5.8543932	-0.029642848
218.24	6.0420863e-05	-5.8544918	-0.029360518
218.88	6.0363425e-05	-5.8543766	-0.029696105
219.52	5.9555994e-05	-5.8544095	-0.0296225
220.16	5.9122175e-05	-5.8544935	-0.029554386
220.8	5.9104126e-05	-5.8544238	-0.029642565
221.44	5.9439189e-05	-5.8544558	-0.02971057
222.08	6.0760001e-05	-5.8544467	-0.02969259
222.72	6.0844529e-05	-5.8544038	-0.029797433
223.36	6.1623028e-05	-5.8544085	-0.029445335
224	5.999455e-05	-5.8544535	-0.029592381
224.64	6.0585533e-05	-5.854441	-0.029476559
225.28	5.8695595e-05	-5.8544264	-0.029722373
225.92	5.8690576e-05	-5.8544972	-0.029596228
226.56	5.872921e-05	-5.8544931	-0.029684816
227.2	5.9793798e-05	-5.8544336	-0.029491495
227.84	5.9593335e-05	-5.8544233	-0.029451863
228.48	5.9125706e-05	-5.8545286	-0.029520477
229.12	6.1070091e-05	-5.8544504	-0.029484152
229.76	6.1020288e-05	-5.8544312	-0.029695009
230.4	6.0563826e-05	-5.8544681	-0.029597027
231.04	5.9998078e-05	-5.8544358	-0.029299163
231.68	5.8977487e-05	-5.8544314	-0.029587179
232.32	5.8839088e-05	-5.8544882	-0.029636737
232.96	5.8679526e-05	-5.8544792	-0.029555267
233.6	5.9141674e-05	-5.8544701	-0.029696594
234.24	5.9004597e-05	-5.854483	-0.029748678
234.88	6.0116756e-05	-5.8544132	-0.029516654
235.52	6.0823223e-05	-5.8544175	-0.029496197
236.16	6.1690636e-05	-5.8544318	-0.029572628
236.8	6.1499618e-05	-5.854432	-0.02942663
237.44	6.0386329e-05	-5.8544411	-0.029716264
238.08	5.995845e-05	-5.8544884	-0.029756702
238.72	5.84474e-05	-5.8544181	-0.029590392
239.36	5.936671e-05	-5.8544659	-0.029459547
240	5.9281856e-05	-5.8545025	-0.029627684
240.64	5.9529991e-05	-5.8544228	-0.029554688
241.28	6.1435886e-05	-5.8544468	-0.029633653
241.92	6.0496668e-05	-5.8544776	-0.029544815
242.56	6.1033324e-05	-5.8544825	-0.029740394
243.2	5.9881756e-05	-5.8544399	-0.029541821
243.84	5.9512679e-05	-5.8543614	-0.029565625
244.48	5.9970689e-05	-5.8544793	-0.02963252
245.12	6.0259785e-05	-5.8544246	-0.029530033
245.76	5.9220836e-05	-5.8544982	-0.029619069
246.4	5.8570945e-05	-5.8543762	-0.029663817
247.04	5.9240717e-05	-5.854348	-0.029503224
247.68	6.0206796e-05	-5.8545338	-0.029611925
248.32	6.0452038e-05	-5.8544309	-0.029502964
248.96	6.2383188e-05	-5.8544419	-0.029610558
249.6	6.0212464e-05	-5.8544496	-0.02956979
250.24	6.0407322e-05	-5.854502	-0.029831355
250.88	5.8322908e-05	-5.8544685	-0.029669155
251.52	5.880308e-05	-5.8544465	-0.029329038
252.16	5.9080014e-05	-5.854419	-0.029460857
252.8	5.9126575e-05	-5.8544371	-0.029701642
253.44	6.0206065e-05	-5.8545022	-0.029643506
254.08	5.997839e-05	-5.8544962	-0.029573245
254.72	6.0703558e-05	-5.8543939	-0.029612546
255.36	6.0828301e-05	-5.8544591	-0.029438524
256	5.9857358e-05	-5.8544866	-0.029437478
256.64	6.0193081e-05	-5.8543996	-0.029623581
257.28	6.0518349e-05	-5.854401	-0.029635725
257.92	5.8551082e-05	-5.8544323	-0.029550825
258.56	5.9019771e-05	-5.8543863	-0.029632698
259.2	5.9025927e-05	-5.8545159	-0.029702852
259.84	6.0282099e-05	-5.8545021	-0.029719995
260.48	5.9968116e-05	-5.8544542	-0.029654919
261.12	6.1723716e-05	-5.8544646	-0.029663224
261.76	6.0999699e-05	-5.8544313	-0.029652134
262.4	6.0731932e-05	-5.8544457	-0.02951524
263.04	5.9776732e-05	-5.8543715	-0.029705431
263.68	5.9601692e-05	-5.8544608	-0.029584322
264.32	5.8675057e-05	-5.8544373	-0.029383856
264.96	5.8908685e-05	-5.8544374	-0.029641215
265.6	5.9787071e-05	-5.8544467	-0.029484942
266.24	5.9345099e-05	-5.8543894	-0.029669109
266.88	6.0542859e-05	-5.8544128	-0.0295967
267.52	6.1411736e-05	-5.854427	-0.029546847
268.16	6.0537585e-05	-5.8544867	-0.029589448
268.8	6.0211407e-05	-5.8544966	-0.029512497
269.44	6.0105842e-05	-5.8543813	-0.029358416
270.08	5.8341086e-05	-5.8544085	-0.029496391
270.72	5.8738858e-05	-5.8544187	-0.029367758
271.36	5.9762949e-05	-5.8544939	-0.02958476
272	5.955043e-05	-5.8544603	-0.029593113
272.64	5.9100712e-05	-5.854496	-0.029499751
273.28	6.0325984e-05	-5.8544683	-0.02955459
273.92	6.2225733e-05	-5.8543999	-0.029704418
274.56	6.0040823e-05	-5.8544631	-0.029457199
275.2	6.0133467e-05	-5.8544222	-0.029635968
275.84	5.9651488e-05	-5.8544368	-0.02946533
276.48	5.956006e-05	-5.8544796	-0.029532912
277.12	5.9023867e-05	-5.8543865	-0.029560914
277.76	5.9685914e-05	-5.8544287	-0.029392253
278.4	5.9175164e-05	-5.8544691	-0.029466432
279.04	5.9910451e-05	-5.8544687	-0.029663965
279.68	6.0670738e-05	-5.8543149	-0.029604262
280.32	6.0848385e-05	-5.8543659	-0.029468867
280.96	6.0214996e-05	-5.8544354	-0.029743012
281.6	5.9925521e-05	-5.8544175	-0.02953681
282.24	5.8401902e-05	-5.8544311	-0.029551468
282.88	5.8357517e-05	-5.854432	-0.029669693
283.52	5.9036123e-05	-5.8544237	-0.029713618
284.16	5.8506146e-05	-5.854339	-0.029727336
284.8	5.9432415e-05	-5.8544739	-0.029643009
285.44	6.0436739e-05	-5.854483	-0.029532072
286.08	6.0977542e-05	-5.8544269	-0.029615618
286.72	6.0827939e-05	-5.8544403	-0.029627749
287.36	6.0451954e-05	-5.8544171	-0.029540849
288	6.0381394e-05	-5.8543995	-0.029623539
288.64	5.9744078e-05	-5.8543907	-0.029452527
289.28	5.8847234e-05	-5.8544047	-0.029518864
289.92	5.8267108e-05	-5.8544137	-0.029502112
290.56	5.9145687e-05	-5.8544512	-0.029457779
291.2	5.8550231e-05	-5.8544589	-0.029502042
291.84	6.1536917e-05	-5.8544467	-0.029434795
292.48	6.07287e-05	-5.8544172	-0.029601539
293.12	6.1155804e-05	-5.8543617	-0.029610888
293.76	6.1934166e-05	-5.8545072	-0.029622052
294.4	5.8970318e-05	-5.8544495	-0.029514801
295.04	5.9304141e-05	-5.8545486	-0.029558641
295.68	5.8393937e-05	-5.8544089	-0.029853085
296.32	5.9127217e-05	-5.8544609	-0.029596742
296.96	5.9568707e-05	-5.8543677	-0.029649201
297.6	6.0934424e-05	-5.8544006	-0.029525599
298.24	5.9822479e-05	-5.8544542	-0.029725047
298.88	5.9630882e-05	-5.8544394	-0.029610293
299.52	6.0542792e-05	-5.8544309	-0.029485528
300.16	6.0522326e-05	-5.8543524	-0.029574615
300.8	5.9735684e-05	-5.8544643	-0.029615868
301.44	5.8729693e-05	-5.8544691	-0.02958848
302.08	5.8649728e-05	-5.8544138	-0.029442983
302.72	5.8244754e-05	-5.8544832	-0.029605444
303.36	5.8709486e-05	-5.8544458	-0.029518894
304	5.9480868e-05	-5.8545059	-0.029690754
304.64	6.1061449e-05	-5.8544181	-0.029701877
305.28	6.1232044e-05	-5.8544595	-0.029469946
305.92	6.1398748e-05	-5.8543853	-0.029765948
306.56	6.4990864e-05	-5.854525	-0.029797559
307.2	9.2410769e-05	-5.8545175	-0.030141766
307.84	6.7169089e-05	-5.8546184	-0.029979202
308.48	4.9388698e-05	-5.8545516	-0.029962886
309.12	3.956952e-05	-5.854585	-0.029900981
309.76	3.5839052e-05	-5.854607	-0.029788865
310.4	3.8061039e-05	-5.8546508	-0.029882766
311.04	4.7299082e-05	-5.8547072	-0.02988235
311.68	6.2869221e-05	-5.8546764	-0.029783387
312.32	8.0932918e-05	-5.8546	-0.029606666
312.96	9.3698358e-05	-5.8546055	-0.029690284
313.6	8.5783218e-05	-5.8545993	-0.029482715
314.24	6.4739057e-05	-5.8545369	-0.029688988
314.88	4.9727238e-05	-5.8546016	-0.029644
315.52	3.9530614e-05	-5.8545602	-0.029760526
316.16	3.6245554e-05	-5.8545827	-0.029712321
316.8	3.9652064e-05	-5.8545859	-0.029631097
317.44	4.8897698e-05	-5.8545731	-0.029675196
318.08	6.2945588e-05	-5.8545333	-0.02991207
318.72	8.0549095e-05	-5.8545478	-0.030143475
319.36	8.9681735e-05	-5.8545695	-0.030338477
320	8.0322234e-05	-5.8545126	-0.030169009
320.64	6.7604554e-05	-5.8545185	-0.030193122
321.28	5.2794634e-05	-5.8544937	-0.030051739
321.92	4.0331171e-05	-5.8546131	-0.030301735
322.56	3.822226e-05	-5.8545206	-0.030312509
323.2	4.1379322e-05	-5.8545148	-0.030226407
323.84	4.8864215e-05	-5.8544971	-0.030076393
324.48	6.335114e-05	-5.854577	-0.029656728
325.12	7.9358777e-05	-5.8544968	-0.029535507
325.76	8.443157e-05	-5.8545238	-0.029461751
326.4	7.8027437e-05	-5.8544951	-0.029375284
327.04	6.5345047e-05	-5.8545925	-0.029376906
327.68	5.2894983e-05	-5.8545269	-0.029253694
328.32	4.7398841e-05	-5.8546138	-0.029387943
328.96	4.7340831e-05	-5.8546553	-0.029208859
329.6	5.3521086e-05	-5.8546911	-0.028951667
330.24	5.2321275e-05	-5.85451	-0.028773153
330.88	5.7160706e-05	-5.8545019	-0.028845767
331.52	6.4396502e-05	-5.8545019	-0.029014271
332.16	7.2805573e-05	-5.8544872	-0.029369904
332.8	6.9354976e-05	-5.854448	-0.029237824
333.44	5.9873566e-05	-5.8545082	-0.029251397
334.08	5.7528572e-05	-5.8545051	-0.029301439
334.72	5.5548323e-05	-5.8545555	-0.029570751
335.36	5.6027616e-05	-5.8545117	-0.029841837
336	5.8421169e-05	-5.8544995	-0.029890239
336.64	6.1771249e-05	-5.8544498	-0.029759056
337.28	7.1050719e-05	-5.8544082	-0.029861642
337.92	7.5611607e-05	-5.8545079	-0.030250192
338.56	6.9307098e-05	-5.8545188	-0.03057017
339.2	6.1493584e-05	-5.8545524	-0.030454942
339.84	5.5529046e-05	-5.8545345	-0.03084157
340.48	5.4230837e-05	-5.8545534	-0.030834041
341.12	4.9581396e-05	-5.8546291	-0.030640978
341.76	4.6450679e-05	-5.8547345	-0.030726433
342.4	6.8735435e-05	-5.8547612	-0.030465873
343.04	0.00010476733	-5.8548821	-0.030296966
343.68	8.9427987e-05	-5.8551008	-0.030117776
344.32	4.7925225e-05	-5.8551641	-0.03021498
344.96	3.1530679e-05	-5.855048	-0.030357606
345.6	2.3774913e-05	-5.8549789	-0.030448736
346.24	3.1367902e-05	-5.8549211	-0.030456545
346.88	0.0001071492	-5.8549928	-0.030828459
347.52	0.00014157133	-5.855158	-0.031189903
348.16	6.4189512e-05	-5.8552208	-0.031174602
348.8	3.3608239e-05	-5.8552439	-0.031777276
349.44	2.4427238e-05	-5.8553389	-0.032016077
350.08	2.2707322e-05	-5.8553848	-0.032124596
350.72	3.1405699e-05	-5.8553932	-0.032258039
351.36	6.3032588e-05	-5.8554756	-0.032384923
352	6.2640624e-05	-5.8554135	-0.032533215
352.64	6.099096e-05	-5.8553532	-0.033200128
353.28	5.7968287e-05	-5.8553857	-0.033769585
353.92	5.4096648e-05	-5.8554571	-0.033840392
354.56	5.7055395e-05	-5.8555402	-0.0338222
355.2	8.1075097e-05	-5.8554423	-0.033741593
355.84	0.00011145044	-5.8555043	-0.033445654
356.48	7.274195e-05	-5.8556607	-0.033674387
357.12	5.1727023e-05	-5.8556451	-0.033748238
357.76	7.9013761e-05	-5.8556968	-0.034111105
358.4	4.5210021e-05	-5.8556336	-0.033979668
359.04	2.8529768e-05	-5.855691	-0.034440964
359.68	1.9967927e-05	-5.8556422	-0.034423226
360.32	1.9351285e-05	-5.8556815	-0.034381457
360.96	2.4938951e-05	-5.8556499	-0.034304727
361.6	3.6179809e-05	-5.8556723	-0.03417972
362.24	6.395579e-05	-5.8555916	-0.034054605
362.88	0.00011562272	-5.8556079	-0.033753183
363.52	0.00012381754	-5.8556232	-0.033488802
364.16	0.0001079726	-5.8556123	-0.033207514
364.8	0.00010867457	-5.8558667	-0.033562268
365.44	4.4532788e-05	-5.8557751	-0.033770588
366.08	2.1244662e-05	-5.8558334	-0.034049368
366.72	1.2161485e-05	-5.8558371	-0.034159899
367.36	1.0369962e-05	-5.8558819	-0.034243538
368	1.1626142e-05	-5.8558198	-0.034194803
368.64	1.859239e-05	-5.8557946	-0.034138807
369.28	4.083927e-05	-5.8557654	-0.034098189
369.92	9.6236789e-05	-5.8556229	-0.034064544
370.56	0.00016263641	-5.8555699	-0.033769343
371.2	0.00014176501	-5.8556968	-0.033919561
371.84	8.5766526e-05	-5.8558235	-0.034377247
372.48	5.1703782e-05	-5.8559449	-0.035029169
373.12	2.8746417e-05	-5.8557703	-0.034732555
373.76	2.1496315e-05	-5.8557431	-0.03473512
374.4	1.9881351e-05	-5.8557298	-0.034646871
375.04	2.0939946e-05	-5.8556892	-0.034696168
375.68	2.7627295e-05	-5.8556601	-0.03469979
376.32	4.0697204e-05	-5.855725	-0.034372426
376.96	6.7283569e-05	-5.8558653	-0.034061029
377.6	0.00010837842	-5.8557489	-0.033883082
378.24	0.00010701138	-5.8558095	-0.0332299
378.88	9.8855764e-05	-5.8558777	-0.033324009
379.52	8.4938313e-05	-5.8558942	-0.033763396
380.16	6.0670465e-05	-5.8558908	-0.034189959
380.8	3.8907901e-05	-5.8557809	-0.034377023
381.44	2.5458644e-05	-5.8555904	-0.034287278
382.08	2.4735095e-05	-5.8556896	-0.034517307
382.72	3.3957213e-05	-5.8556234	-0.03449128
383.36	4.9389652e-05	-5.8556813	-0.034426255
384	6.8888416e-05	-5.8557356	-0.034652781
384.64	8.0668946e-05	-5.8556571	-0.034920597
385.28	7.977764e-05	-5.8557099	-0.034542467
385.92	8.3667182e-05	-5.8557341	-0.034427534
386.56	7.9597012e-05	-5.8557715	-0.034585778
387.2	6.3652878e-05	-5.8557482	-0.03470474
387.84	4.8870493e-05	-5.8557107	-0.034740309
388.48	4.0463058e-05	-5.8557042	-0.034417116
389.12	3.9676984e-05	-5.8556974	-0.034445225
389.76	3.903736e-05	-5.8555447	-0.034566062
390.4	4.097281e-05	-5.855704	-0.034854376
391.04	5.6533178e-05	-5.8556257	-0.034516935
391.68	8.1120002e-05	-5.8557129	-0.034259953
392.32	0.00010118937	-5.8557924	-0.034580925
392.96	7.8378534e-05	-5.8558049	-0.034548742
393.6	7.1083439e-05	-5.8557417	-0.034220938
394.24	5.6420697e-05	-5.8556379	-0.034396176
394.88	4.2650228e-05	-5.8556414	-0.034689941
395.52	3.7706754e-05	-5.8557093	-0.034704636
396.16	4.083532e-05	-5.8557783	-0.034625704
396.8	4.6279346e-05	-5.8556756	-0.034506201
397.44	5.028372e-05	-5.8558266	-0.034436373
398.08	6.6978092e-05	-5.8558772	-0.034306853
398.72	7.8776297e-05	-5.8557302	-0.034306326
399.36	9.0767474e-05	-5.8556421	-0.034646391
400	8.3842583e-05	-5.8557318	-0.034593716
400.64	6.2538824e-05	-5.8559186	-0.034594179
401.28	4.8724832e-05	-5.8559213	-0.034700211
401.92	4.4264659e-05	-5.8557501	-0.034589633
402.56	3.8688622e-05	-5.8558037	-0.034524375
403.2	3.782659e-05	-5.8557529	-0.03454054
403.84	4.7834274e-05	-5.8557843	-0.034208715
404.48	6.2421519e-05	-5.8558111	-0.034217575
405.12	7.6522268e-05	-5.8558175	-0.034539317
405.76	8.7289824e-05	-5.8558473	-0.0348567
406.4	8.2073374e-05	-5.8558629	-0.034806125
407.04	6.9006031e-05	-5.8557478	-0.034529353
407.68	5.7891311e-05	-5.8556659	-0.034344663
408.32	4.661711e-05	-5.8556985	-0.034469766
408.96	3.9555549e-05	-5.8555465	-0.034316776
409.6	3.9775748e-05	-5.8556319	-0.034725859
410.24	4.1703221e-05	-5.8558242	-0.034872815
410.88	5.3064353e-05	-5.8557528	-0.034552837
411.52	7.1621569e-05	-5.8556952	-0.034244734
412.16	8.2288116e-05	-5.8558407	-0.034364579
412.8	8.4626241e-05	-5.8557647	-0.034613942
413.44	8.2793278e-05	-5.8556976	-0.034423657
414.08	6.0540958e-05	-5.8556096	-0.034759526
414.72	4.7151997e-05	-5.8556891	-0.034764927
415.36	4.4560445e-05	-5.8555964	-0.034666962
416	4.1525035e-05	-5.8557814	-0.034517007
416.64	4.0675945e-05	-5.8558277	-0.034384836
417.28	4.7553015e-05	-5.8558097	-0.034357742
417.92	6.1330129e-05	-5.8558004	-0.034509495
418.56	7.9483955e-05	-5.8557693	-0.03471997
419.2	8.3744906e-05	-5.855734	-0.034581665
419.84	8.6083733e-05	-5.8557195	-0.03434257
420.48	6.738387e-05	-5.8556057	-0.034334177
421.12	5.6234586e-05	-5.8557422	-0.034541733
421.76	4.5257658e-05	-5.8557866	-0.034642167
422.4	4.2153217e-05	-5.8556973	-0.034789685
423.04	3.7343172e-05	-5.8558094	-0.034698828
423.68	4.3367896e-05	-5.8557854	-0.0342611
424.32	5.8043118e-05	-5.8556169	-0.034347444
424.96	7.7421183e-05	-5.8556475	-0.034525497
425.6	7.5078423e-05	-5.8555474	-0.034462595
426.24	8.5663259e-05	-5.8556178	-0.034436178
426.88	7.9519836e-05	-5.855666	-0.034432121
427.52	5.7387347e-05	-5.8557662	-0.03482719
428.16	4.8433783e-05	-5.8557636	-0.034417211
428.8	4.3525016e-05	-5.8556297	-0.03446881
429.44	3.969361e-05	-5.8557187	-0.034518435
430.08	3.9165707e-05	-5.8557814	-0.034450733
430.72	5.3842051e-05	-5.855739	-0.034630012
431.36	6.585389e-05	-5.8557009	-0.034762435
432	8.1669244e-05	-5.8556294	-0.034480561
432.64	8.946523e-05	-5.8556621	-0.034649028
433.28	7.34463e-05	-5.8555334	-0.034630102
433.92	6.0366091e-05	-5.8556354	-0.034508057
434.56	5.9679866e-05	-5.8557452	-0.03427476
435.2	4.5362108e-05	-5.8556823	-0.034314587
435.84	3.8680897e-05	-5.8557825	-0.034700785
436.48	3.7377314e-05	-5.8558811	-0.034648657
437.12	4.9426257e-05	-5.8557431	-0.034659294
437.76	6.4600347e-05	-5.8556738	-0.034542667
438.4	7.5991486e-05	-5.8556681	-0.034375434
439.04	8.0316435e-05	-5.855584	-0.034575143
439.68	8.1514198e-05	-5.8557277	-0.034604431
440.32	7.0944466e-05	-5.8558568	-0.034286164
440.96	5.9678877e-05	-5.8557827	-0.034719422
441.6	4.7959795e-05	-5.8556611	-0.03454666
442.24	3.9164646e-05	-5.8555485	-0.034345285
442.88	3.9359997e-05	-5.855726	-0.03440656
443.52	4.6146239e-05	-5.8557636	-0.034549626
444.16	5.8500105e-05	-5.8557298	-0.034680319
444.8	6.7244578e-05	-5.8557136	-0.034606545
445.44	8.4436317e-05	-5.8557277	-0.034476928
446.08	8.1147168e-05	-5.8557424	-0.034853692
446.72	7.2818282e-05	-5.8556596	-0.034689162
447.36	6.2037038e-05	-5.8556669	-0.03430258
448	5.5734497e-05	-5.8556959	-0.034455043
448.64	4.043131e-05	-5.8558427	-0.03482491
449.28	3.974812e-05	-5.8557771	-0.034682059
449.92	4.252071e-05	-5.8558109	-0.034312932
450.56	5.1995233e-05	-5.8556955	-0.03453833
451.2	6.6551365e-05	-5.8556402	-0.034166985
451.84	7.978097e-05	-5.8556618	-0.034357543
452.48	8.0043295e-05	-5.8556558	-0.03478173
453.12	7.334789e-05	-5.8557103	-0.03478109
453.76	6.9756837e-05	-5.8556799	-0.034719337
454.4	5.5568067e-05	-5.8556187	-0.034654822
455.04	4.5772503e-05	-5.855722	-0.034405503
455.68	3.9551644e-05	-5.8557151	-0.034453533
456.32	4.2891921e-05	-5.8556691	-0.034311041
456.96	4.7477443e-05	-5.8557486	-0.034392835
457.6	6.1652721e-05	-5.855687	-0.034881648
458.24	7.4710059e-05	-5.8556239	-0.034576536
458.88	8.0476815e-05	-5.8557134	-0.034596801
459.52	8.108538e-05	-5.8557445	-0.034542435
460.16	7.0484261e-05	-5.8558267	-0.034174787
460.8	5.5685935e-05	-5.8558354	-0.034367851
461.44	4.9523168e-05	-5.8557249	-0.034692397
462.08	4.3242965e-05	-5.8557307	-0.034659308
462.72	3.8021065e-05	-5.8556662	-0.034423176
463.36	4.8802941e-05	-5.8556523	-0.034475262
464	5.6229475e-05	-5.8557214	-0.034730608
464.64	6.9425901e-05	-5.8556647	-0.034686637
465.28	8.6892515e-05	-5.8555595	-0.034476014
465.92	7.552676e-05	-5.8557121	-0.034022181
466.56	6.875313e-05	-5.8557958	-0.034204526
467.2	6.7536237e-05	-5.8558095	-0.03454186
467.84	5.2309148e-05	-5.8556568	-0.034670388
468.48	4.2881959e-05	-5.8556628	-0.034658217
469.12	3.8875772e-05	-5.8556675	-0.034474438
469.76	4.4093844e-05	-5.8557536	-0.034527036
470.4	5.7240877e-05	-5.8556958	-0.034575374
471.04	7.1079578e-05	-5.8558027	-0.034596481
471.68	7.3628219e-05	-5.855741	-0.03458689
472.32	7.8219211e-05	-5.8558064	-0.034362905
472.96	7.7626265e-05	-5.8557967	-0.034525763
473.6	6.8121611e-05	-5.8556544	-0.034684078
474.24	5.2659011e-05	-5.8558101	-0.034580378
474.88	4.5205317e-05	-5.855778	-0.034480673
475.52	4.0077848e-05	-5.8557052	-0.034329896
476.16	4.3007688e-05	-5.8556619	-0.034569806
476.8	5.2026056e-05	-5.8556459	-0.034653406
477.44	6.3813177e-05	-5.8557443	-0.034771035
478.08	7.7341641e-05	-5.8556659	-0.034402853
478.72	7.7421974e-05	-5.8558389	-0.034358086
479.36	7.8674808e-05	-5.8557703	-0.03407545
480	6.6825273e-05	-5.8557105	-0.034682246
480.64	5.9710473e-05	-5.8555345	-0.034817443
481.28	4.6408077e-05	-5.8557424	-0.034309131
481.92	4.1609095e-05	-5.8558501	-0.03452095
482.56	4.0443625e-05	-5.8556297	-0.03443345
483.2	4.714985e-05	-5.8556895	-0.034772128
483.84	6.1244814e-05	-5.8557913	-0.034405321
484.48	7.4846776e-05	-5.8557303	-0.034297078
485.12	7.7529278e-05	-5.8558132	-0.034687024
485.76	7.4447327e-05	-5.8557267	-0.034366442
486.4	7.365763e-05	-5.8556577	-0.03422421
487.04	6.3777001e-05	-5.8556603	-0.034565944
487.68	5.2240017e-05	-5.8557709	-0.034715855
488.32	3.8570369e-05	-5.8556601	-0.034499281
488.96	4.0866081e-05	-5.8556827	-0.034285468
489.6	4.5724508e-05	-5.8557339	-0.034548408
490.24	5.7434457e-05	-5.8555903	-0.034712932
490.88	6.9109986e-05	-5.8555749	-0.034603732
491.52	7.5661432e-05	-5.855852	-0.034573345
492.16	8.2354827e-05	-5.8559216	-0.034424798
492.8	7.6200688e-05	-5.8557954	-0.034433008
493.44	6.2075318e-05	-5.8557325	-0.034619297
494.08	5.3765761e-05	-5.8556691	-0.034492783
494.72	4.4909744e-05	-5.8557464	-0.034388894
495.36	3.9909585e-05	-5.8556819	-0.034573948
496	4.1454162e-05	-5.8556966	-0.034741338
496.64	5.6115937e-05	-5.8556418	-0.034651905
497.28	6.7371323e-05	-5.8557795	-0.034167322
497.92	7.3220419e-05	-5.8556221	-0.034388888
498.56	8.0182765e-05	-5.8557432	-0.034698534
499.2	7.5312952e-05	-5.8557374	-0.034760527
499.84	6.8887493e-05	-5.8557075	-0.034687241
