0	2.9203675e-05	-5.8474048	-0.020567995
0.64	2.9632334e-05	-5.8473538	-0.0206681
1.28	2.9815668e-05	-5.8473814	-0.020665329
1.92	3.0482868e-05	-5.8474093	-0.020732997
2.56	3.024156e-05	-5.8473622	-0.020684755
3.2	3.0257062e-05	-5.8473759	-0.020675129
3.84	3.0065325e-05	-5.8473713	-0.020770331
4.48	3.0035613e-05	-5.8473346	-0.020546077
5.12	2.9500928e-05	-5.847344	-0.020652038
5.76	2.9100644e-05	-5.8474185	-0.020640167
6.4	2.9929256e-05	-5.8473869	-0.020607463
7.04	2.9608204e-05	-5.8474049	-0.020637809
7.68	2.999443e-05	-5.8474094	-0.020642686
8.32	3.0034912e-05	-5.847339	-0.020682708
8.96	3.014788e-05	-5.8473852	-0.020587648
9.6	3.0644367e-05	-5.8473624	-0.020617326
10.24	3.0747427e-05	-5.8473302	-0.020538393
10.88	2.9951793e-05	-5.8474137	-0.020671405
11.52	2.9944011e-05	-5.8473725	-0.020696653
12.16	2.9883136e-05	-5.8473774	-0.020674457
12.8	2.9535516e-05	-5.8473818	-0.020628698
13.44	2.9824198e-05	-5.8473631	-0.020646019
14.08	3.0467997e-05	-5.8473539	-0.020621341
14.72	3.0432411e-05	-5.8474231	-0.020695681
15.36	3.0217054e-05	-5.847362	-0.020646329
16	3.0314836e-05	-5.8474318	-0.020783557
16.64	3.010069e-05	-5.8474041	-0.020597576
17.28	2.973596e-05	-5.8473996	-0.020590576
17.92	2.9659327e-05	-5.8474328	-0.020599976
18.56	2.9775595e-05	-5.8473774	-0.02064308
19.2	2.9436442e-05	-5.8473537	-0.020706002
19.84	2.9530968e-05	-5.847386	-0.020655255
20.48	2.9839476e-05	-5.8473672	-0.020601953
21.12	3.0276956e-05	-5.8473857	-0.020582467
21.76	3.0641874e-05	-5.8473764	-0.020611994
22.4	2.9980372e-05	-5.847385	-0.020635405
23.04	3.0644528e-05	-5.847414	-0.020720446
23.68	2.9722912e-05	-5.8473346	-0.0206392
24.32	2.9269803e-05	-5.8473812	-0.020570311
24.96	2.9452332e-05	-5.8474701	-0.020695061
25.6	2.9594224e-05	-5.8473911	-0.02050286
26.24	2.9505324e-05	-5.8473813	-0.020579013
26.88	3.0250194e-05	-5.8473954	-0.020667232
27.52	3.0484905e-05	-5.8472928	-0.020659241
28.16	3.0718324e-05	-5.8473392	-0.020562154
28.8	3.0366942e-05	-5.8473809	-0.020633355
29.44	3.0128118e-05	-5.8473903	-0.020629294
30.08	2.9696475e-05	-5.84733	-0.020598793
30.72	2.9811485e-05	-5.8473585	-0.020620716
31.36	2.9790698e-05	-5.8474192	-0.020626659
32	2.9644974e-05	-5.8474562	-0.020674867
32.64	2.9252667e-05	-5.8473949	-0.020681069
33.28	2.9683395e-05	-5.847418	-0.020683973
33.92	3.0130227e-05	-5.8473993	-0.020681238
34.56	3.0303045e-05	-5.8473853	-0.020565612
35.2	3.086443e-05	-5.8474047	-0.020567667
35.84	3.0028132e-05	-5.8473438	-0.020696326
36.48	3.0214001e-05	-5.8473864	-0.020541833
37.12	2.9606606e-05	-5.8474142	-0.02059806
37.76	2.9505585e-05	-5.8473445	-0.020573793
38.4	2.974561e-05	-5.8474283	-0.02065077
39.04	2.980404e-05	-5.8473768	-0.020611305
39.68	2.9520561e-05	-5.8473062	-0.020661509
40.32	3.0323624e-05	-5.8473902	-0.020667659
40.96	3.05396e-05	-5.8474506	-0.020576519
41.6	3.0092416e-05	-5.8473574	-0.020536202
42.24	3.0157482e-05	-5.8473905	-0.020577358
42.88	2.9822309e-05	-5.8473257	-0.020597736
43.52	2.9815928e-05	-5.8473819	-0.020670665
44.16	2.9788285e-05	-5.8474844	-0.02064871
44.8	2.9100417e-05	-5.84733	-0.020695335
45.44	3.0141288e-05	-5.8474282	-0.020654917
46.08	2.9672019e-05	-5.8473806	-0.02059494
46.72	3.0990108e-05	-5.8473815	-0.02053469
47.36	3.0360499e-05	-5.8473947	-0.020593146
48	2.9373484e-05	-5.8474358	-0.020678826
48.64	2.9835164e-05	-5.8473298	-0.020696195
49.28	2.9603474e-05	-5.8473395	-0.020495367
49.92	2.9462822e-05	-5.8473816	-0.020813977
50.56	2.8972875e-05	-5.8474092	-0.020588508
51.2	2.9655473e-05	-5.8473584	-0.020680501
51.84	3.0113201e-05	-5.8473955	-0.020575532
52.48	3.0213663e-05	-5.8473578	-0.020493111
53.12	2.9987753e-05	-5.8473618	-0.020574447
53.76	3.0192214e-05	-5.8473666	-0.020537463
54.4	3.0100082e-05	-5.8473343	-0.020607115
55.04	3.014723e-05	-5.8473767	-0.020681634
55.68	3.0313241e-05	-5.8473868	-0.020737128
56.32	2.9508185e-05	-5.8474189	-0.020550242
56.96	2.9091168e-05	-5.8473627	-0.020600351
57.6	2.9960328e-05	-5.8474517	-0.020615277
58.24	2.9371333e-05	-5.8473203	-0.020595951
58.88	3.0396177e-05	-5.8473532	-0.020643143
59.52	3.052698e-05	-5.8474135	-0.020639437
60.16	2.9988602e-05	-5.8474176	-0.020581687
60.8	2.9670882e-05	-5.8473758	-0.020600311
61.44	3.0003334e-05	-5.8473209	-0.020609187
62.08	2.9297916e-05	-5.8473719	-0.020580369
62.72	2.9499247e-05	-5.8474003	-0.02069847
63.36	2.9685866e-05	-5.8473447	-0.020601051
64	2.9739211e-05	-5.8474327	-0.020666318
64.64	3.0070343e-05	-5.8474185	-0.020656885
65.28	3.0282404e-05	-5.8473345	-0.020634422
65.92	2.9756601e-05	-5.8474639	-0.020722666
66.56	3.0352385e-05	-5.8473157	-0.020554368
67.2	2.9921148e-05	-5.8473389	-0.020737374
67.84	2.9758449e-05	-5.8473905	-0.020658786
68.48	2.9803378e-05	-5.8473306	-0.020604582
69.12	2.9398455e-05	-5.8473538	-0.020695269
69.76	2.9497399e-05	-5.8474561	-0.020662813
70.4	3.0132875e-05	-5.8474191	-0.020845193
71.04	3.0180216e-05	-5.8473441	-0.020682365
71.68	2.9875804e-05	-5.8473992	-0.020635328
72.32	3.0375384e-05	-5.8474087	-0.020587475
72.96	3.0699123e-05	-5.8474324	-0.020677677
73.6	3.0215524e-05	-5.8473997	-0.020540044
74.24	3.0133331e-05	-5.8474049	-0.020661863
74.88	2.9254232e-05	-5.8473626	-0.020635072
75.52	2.9432819e-05	-5.8473817	-0.020757752
76.16	2.9793489e-05	-5.8474284	-0.02076779
76.8	3.0104872e-05	-5.847405	-0.020619894
77.44	3.006901e-05	-5.8473905	-0.02056965
78.08	3.0668482e-05	-5.847372	-0.020624492
78.72	3.0284532e-05	-5.8473761	-0.02058055
79.36	3.0070462e-05	-5.847362	-0.020627898
80	3.0191267e-05	-5.8473765	-0.020571621
80.64	2.9272991e-05	-5.8473901	-0.020693429
81.28	2.9176216e-05	-5.8473533	-0.02064426
81.92	2.9562873e-05	-5.8474051	-0.020713238
82.56	2.9591539e-05	-5.8474142	-0.020735072
83.2	3.021205e-05	-5.8473632	-0.020619935
83.84	2.9992467e-05	-5.847381	-0.020661011
84.48	3.0020683e-05	-5.8474364	-0.020674074
85.12	3.1143299e-05	-5.8473443	-0.020593883
85.76	3.0606973e-05	-5.84733	-0.020649373
86.4	2.97391e-05	-5.8473668	-0.020591608
87.04	2.9470253e-05	-5.847395	-0.020671791
87.68	2.9552794e-05	-5.8473816	-0.020704787
88.32	2.9199527e-05	-5.8473675	-0.020621436
88.96	2.9368812e-05	-5.8473628	-0.020680026
89.6	2.9646845e-05	-5.8473812	-0.020748924
90.24	3.019694e-05	-5.8474091	-0.020714684
90.88	3.0508921e-05	-5.847395	-0.020789801
91.52	3.0215975e-05	-5.8472875	-0.020670718
92.16	2.9951308e-05	-5.8473526	-0.02054883
92.8	2.9809905e-05	-5.8473716	-0.020515043
93.44	3.0026224e-05	-5.8473585	-0.020631092
94.08	2.9453984e-05	-5.8473816	-0.020653601
94.72	2.9891146e-05	-5.8474054	-0.020707692
95.36	2.9650134e-05	-5.847377	-0.020665762
96	2.9737177e-05	-5.8473719	-0.020685132
96.64	3.0276537e-05	-5.8473533	-0.020721506
97.28	3.1103816e-05	-5.8473676	-0.020606733
97.92	3.0522207e-05	-5.8474181	-0.020779694
98.56	3.0443842e-05	-5.8473858	-0.020678555
99.2	3.0090489e-05	-5.8473999	-0.02056632
99.84	2.9164155e-05	-5.8473298	-0.020634102
100.48	2.9716082e-05	-5.8473401	-0.020543848
101.12	2.9403288e-05	-5.8473677	-0.020612529
101.76	2.9565427e-05	-5.8473954	-0.020646234
102.4	2.956797e-05	-5.8473995	-0.020610701
103.04	3.0074024e-05	-5.8473901	-0.020695667
103.68	3.0216343e-05	-5.8473899	-0.020640429
104.32	3.085914e-05	-5.847451	-0.020576518
104.96	3.0221878e-05	-5.8473066	-0.020588925
105.6	3.0112818e-05	-5.8474233	-0.020541984
106.24	2.9211702e-05	-5.8473625	-0.020738629
106.88	2.9638606e-05	-5.8473586	-0.020519906
107.52	2.9606534e-05	-5.8474237	-0.020699916
108.16	2.9479648e-05	-5.8473906	-0.02068485
108.8	2.9792536e-05	-5.8473532	-0.020628291
109.44	3.0090405e-05	-5.8473668	-0.020762918
110.08	3.058436e-05	-5.847367	-0.020672204
110.72	3.0466327e-05	-5.8473902	-0.020625457
111.36	2.9771095e-05	-5.8474737	-0.020650635
112	3.01234e-05	-5.8474281	-0.020652596
112.64	2.9670676e-05	-5.8474189	-0.020572279
113.28	2.9474819e-05	-5.8474468	-0.020693363
113.92	2.9702433e-05	-5.8473772	-0.020714441
114.56	2.9639186e-05	-5.8473768	-0.020623452
115.2	3.0312921e-05	-5.8472931	-0.020617537
115.84	3.0431797e-05	-5.8474043	-0.020482388
116.48	3.0514289e-05	-5.847353	-0.020687206
117.12	3.016453e-05	-5.8473992	-0.0207065
117.76	2.937691e-05	-5.8474361	-0.020651377
118.4	3.0174498e-05	-5.8474236	-0.020714449
119.04	2.9739614e-05	-5.8473725	-0.020572401
119.68	2.9484934e-05	-5.8473724	-0.020616731
120.32	2.9359821e-05	-5.8474094	-0.020497421
120.96	2.9571717e-05	-5.8473766	-0.020603007
121.6	3.0061137e-05	-5.8473672	-0.020686421
122.24	3.0791378e-05	-5.8474232	-0.020728469
122.88	2.9930292e-05	-5.8473431	-0.020585815
123.52	3.0321092e-05	-5.8473622	-0.020751916
124.16	3.0314335e-05	-5.8473487	-0.020673614
124.8	3.0018568e-05	-5.8473723	-0.020649858
125.44	2.9743395e-05	-5.8474051	-0.020640284
126.08	2.9325521e-05	-5.847349	-0.020685967
126.72	2.927933e-05	-5.8473767	-0.020552678
127.36	3.0234737e-05	-5.8474702	-0.020644214
128	2.990534e-05	-5.8473949	-0.020693597
128.64	3.0387767e-05	-5.847367	-0.020715616
129.28	3.0370375e-05	-5.8473435	-0.020583408
129.92	3.0141352e-05	-5.8473761	-0.020626211
130.56	2.9657417e-05	-5.847404	-0.020605033
131.2	2.9771357e-05	-5.8473954	-0.020580817
131.84	2.9529102e-05	-5.8473956	-0.020646339
132.48	2.9517871e-05	-5.8473818	-0.020712633
133.12	2.9511686e-05	-5.8473118	-0.020526278
133.76	2.9823071e-05	-5.8473488	-0.020630249
134.4	2.9931573e-05	-5.8473901	-0.020528557
135.04	3.0727317e-05	-5.8473625	-0.020695114
135.68	3.050182e-05	-5.8474041	-0.020772544
136.32	3.0230883e-05	-5.8474041	-0.020600424
136.96	2.9622323e-05	-5.8474366	-0.020666598
137.6	3.0136352e-05	-5.8474191	-0.020574623
138.24	2.9495067e-05	-5.8473445	-0.020482869
138.88	2.9886343e-05	-5.8473915	-0.020625478
139.52	2.9773658e-05	-5.8474376	-0.020570145
140.16	3.0130023e-05	-5.8473397	-0.020663567
140.8	2.996818e-05	-5.8473808	-0.020559917
141.44	3.0790063e-05	-5.8474045	-0.020596581
142.08	3.0601483e-05	-5.8473344	-0.020697752
142.72	3.0656662e-05	-5.8474558	-0.020618134
143.36	3.0248298e-05	-5.8473257	-0.020715307
144	2.9505255e-05	-5.8473023	-0.020575266
144.64	2.9833042e-05	-5.8473728	-0.020615551
145.28	2.9576291e-05	-5.8472935	-0.020662923
145.92	2.9819504e-05	-5.8473957	-0.020583576
146.56	3.0042844e-05	-5.8474046	-0.020675149
147.2	3.0056993e-05	-5.8473947	-0.02067568
147.84	3.0120516e-05	-5.8474503	-0.020698063
148.48	3.1210576e-05	-5.8474049	-0.020664026
149.12	3.0648328e-05	-5.8473721	-0.020625971
149.76	3.0165667e-05	-5.8473955	-0.020641094
150.4	2.9790478e-05	-5.8474003	-0.020584941
151.04	2.9863341e-05	-5.8473868	-0.020617699
151.68	2.9368753e-05	-5.8474374	-0.020565707
152.32	3.0003556e-05	-5.8473678	-0.020647543
152.96	3.0258754e-05	-5.8473721	-0.020749433
153.6	3.0364316e-05	-5.8473438	-0.020567258
154.24	3.0221147e-05	-5.8473713	-0.02071925
154.88	3.0340046e-05	-5.8473948	-0.020591554
155.52	3.021489e-05	-5.847409	-0.020599863
156.16	2.9885158e-05	-5.8474325	-0.02068528
156.8	3.0193267e-05	-5.8473729	-0.020609945
157.44	2.9713304e-05	-5.8473541	-0.020633252
158.08	2.9315751e-05	-5.847428	-0.020701344
158.72	2.9418768e-05	-5.8473718	-0.020688642
159.36	3.0412753e-05	-5.8473676	-0.020628009
160	3.0220677e-05	-5.8473483	-0.02075157
160.64	3.0088268e-05	-5.8473898	-0.020614593
161.28	3.0650621e-05	-5.8473858	-0.020685489
161.92	3.0448869e-05	-5.8474	-0.02061228
162.56	2.9133143e-05	-5.847404	-0.020413704
163.2	2.9514236e-05	-5.8474188	-0.020679904
163.84	2.9689613e-05	-5.8473261	-0.020558451
164.48	2.9529713e-05	-5.8473258	-0.020663693
165.12	2.9811409e-05	-5.8473722	-0.020744409
165.76	2.9816172e-05	-5.8473623	-0.02063011
166.4	3.0240874e-05	-5.8473064	-0.020597523
167.04	3.0102183e-05	-5.8473944	-0.02060275
167.68	2.9871312e-05	-5.8473618	-0.020686826
168.32	2.9360841e-05	-5.8473525	-0.020516005
168.96	2.9863687e-05	-5.8473443	-0.020637913
169.6	2.9519769e-05	-5.8473863	-0.020713554
170.24	2.9790071e-05	-5.8473821	-0.020636057
170.88	2.9770416e-05	-5.8474051	-0.020635468
171.52	2.9839826e-05	-5.8473814	-0.020610992
172.16	2.9979472e-05	-5.8473763	-0.020657138
172.8	3.0309349e-05	-5.847339	-0.020615416
173.44	3.073532e-05	-5.8473625	-0.020536719
174.08	3.0338807e-05	-5.8473809	-0.020570871
174.72	3.003756e-05	-5.8474091	-0.020624872
175.36	2.9895864e-05	-5.8473444	-0.020617736
176	2.9243678e-05	-5.8473675	-0.020677892
176.64	2.9905891e-05	-5.8474241	-0.020823807
177.28	2.9448859e-05	-5.8474605	-0.020720993
177.92	3.051386e-05	-5.8474006	-0.020645363
178.56	3.0163119e-05	-5.8474275	-0.020500422
179.2	3.0558865e-05	-5.8473438	-0.020732711
179.84	3.0313688e-05	-5.8473667	-0.020558252
180.48	2.9980604e-05	-5.8473899	-0.020643635
181.12	2.9632668e-05	-5.8474181	-0.020664383
181.76	2.9952706e-05	-5.8473306	-0.02058426
182.4	2.9153583e-05	-5.847386	-0.020545475
183.04	2.9829117e-05	-5.8473914	-0.0208222
183.68	2.9896461e-05	-5.8474377	-0.020537
184.32	3.0130125e-05	-5.8474001	-0.020633819
184.96	3.0024485e-05	-5.8473947	-0.020658175
185.6	3.0416744e-05	-5.8473156	-0.020544394
186.24	3.0190355e-05	-5.8473991	-0.020530361
186.88	3.0281624e-05	-5.847381	-0.020591102
187.52	3.0050107e-05	-5.847386	-0.020629147
188.16	2.9573492e-05	-5.8473861	-0.020699363
188.8	2.9449069e-05	-5.8474282	-0.020723253
189.44	2.9473938e-05	-5.8473445	-0.020569005
190.08	3.0131193e-05	-5.8473727	-0.020673277
190.72	2.9742725e-05	-5.8473903	-0.020616032
191.36	3.0027041e-05	-5.8473296	-0.020482658
192	3.0408634e-05	-5.8473714	-0.020595565
192.64	3.0547789e-05	-5.8474042	-0.020583593
193.28	3.0413294e-05	-5.8474231	-0.020610574
193.92	3.0026331e-05	-5.8474187	-0.020558855
194.56	2.9492336e-05	-5.8473582	-0.020568479
195.2	2.9522477e-05	-5.8473957	-0.020573268
195.84	3.0087765e-05	-5.8473915	-0.020640783
196.48	2.9906589e-05	-5.847391	-0.020591223
197.12	3.024952e-05	-5.8474001	-0.020598745
197.76	3.050605e-05	-5.8473765	-0.02051972
198.4	3.0374618e-05	-5.8474226	-0.020666272
199.04	3.0491158e-05	-5.8473763	-0.020597548
199.68	2.9648146e-05	-5.847362	-0.020575912
200.32	2.9612137e-05	-5.8473579	-0.020634008
200.96	2.9956822e-05	-5.8474517	-0.020571605
201.6	2.9577019e-05	-5.8473446	-0.020605598
202.24	2.9370249e-05	-5.8473629	-0.020676571
202.88	2.9793959e-05	-5.8473443	-0.02063348
203.52	2.9710327e-05	-5.847418	-0.020660842
204.16	3.020488e-05	-5.8473808	-0.020675387
204.8	3.0099513e-05	-5.8473851	-0.020602837
205.44	2.9980226e-05	-5.8473573	-0.020556554
206.08	3.043839e-05	-5.8473628	-0.020547097
206.72	2.972058e-05	-5.8473767	-0.02059071
207.36	2.9155756e-05	-5.8474231	-0.020791779
208	2.9698788e-05	-5.8473959	-0.020649559
208.64	2.9807333e-05	-5.8473493	-0.020712744
209.28	2.9789685e-05	-5.847386	-0.02052507
209.92	2.9979731e-05	-5.8473531	-0.020636615
210.56	3.0472399e-05	-5.8473438	-0.020786148
211.2	3.0562004e-05	-5.847446	-0.020589473
211.84	3.0652002e-05	-5.8473812	-0.020609172
212.48	2.9633659e-05	-5.847418	-0.020659265
213.12	3.0005334e-05	-5.8474328	-0.020670474
213.76	2.9278375e-05	-5.8473256	-0.020656754
214.4	2.9078688e-05	-5.8473813	-0.020513447
215.04	2.9276859e-05	-5.847372	-0.020586582
215.68	2.9763822e-05	-5.8473534	-0.020592587
216.32	3.0136643e-05	-5.8473671	-0.020627105
216.96	3.0393776e-05	-5.8473809	-0.020588754
217.6	3.0291762e-05	-5.8473993	-0.020606766
218.24	3.0779266e-05	-5.8473535	-0.020675689
218.88	3.0383471e-05	-5.8474094	-0.020509883
219.52	2.9876724e-05	-5.847377	-0.020709136
220.16	2.9010395e-05	-5.8474044	-0.020683614
220.8	2.9664583e-05	-5.8474098	-0.020561579
221.44	2.9525093e-05	-5.8473815	-0.020542418
222.08	3.0150057e-05	-5.8474374	-0.020567197
222.72	3.026416e-05	-5.847316	-0.020613081
223.36	3.048581e-05	-5.8473902	-0.020644397
224	3.0440744e-05	-5.8473018	-0.020645383
224.64	3.0705072e-05	-5.8473581	-0.020614708
225.28	3.059328e-05	-5.8473818	-0.020530216
225.92	2.9746869e-05	-5.8473537	-0.02060778
226.56	2.9889821e-05	-5.8474007	-0.020641586
227.2	2.9641167e-05	-5.8474005	-0.020825023
227.84	2.9405754e-05	-5.8474139	-0.020540687
228.48	2.9977939e-05	-5.8473581	-0.020597497
229.12	3.0285712e-05	-5.8473578	-0.020721487
229.76	3.0744492e-05	-5.8473672	-0.020542923
230.4	3.0466518e-05	-5.8473762	-0.020608975
231.04	2.9972806e-05	-5.8473109	-0.020667279
231.68	2.999788e-05	-5.8473674	-0.020638927
232.32	2.950738e-05	-5.8473349	-0.020738492
232.96	2.9559111e-05	-5.8474051	-0.020611055
233.6	2.9218612e-05	-5.8473675	-0.020659703
234.24	2.9904776e-05	-5.8473771	-0.020584671
234.88	2.9823812e-05	-5.8473671	-0.020771453
235.52	2.9623414e-05	-5.8474268	-0.020721838
236.16	2.9972253e-05	-5.8473803	-0.020673301
236.8	3.0264369e-05	-5.8473667	-0.020641932
237.44	3.0063425e-05	-5.8474088	-0.020726254
238.08	3.0100362e-05	-5.8473629	-0.020656229
238.72	2.9580799e-05	-5.8473862	-0.020510892
239.36	2.9759987e-05	-5.847382	-0.020593296
240	2.9561797e-05	-5.847419	-0.020596124
240.64	2.9805659e-05	-5.8473583	-0.020598792
241.28	2.9638408e-05	-5.847339	-0.020495885
241.92	3.0610556e-05	-5.847358	-0.020596448
242.56	3.0262916e-05	-5.8473992	-0.020573836
243.2	3.0283279e-05	-5.8473807	-0.020639782
243.84	3.0054467e-05	-5.8473949	-0.020651609
244.48	2.992587e-05	-5.8473954	-0.020753894
245.12	2.9868068e-05	-5.8474005	-0.020672542
245.76	2.9267239e-05	-5.8473304	-0.020653218
246.4	2.9042228e-05	-5.8474045	-0.020592825
247.04	2.9795088e-05	-5.8473908	-0.020676398
247.68	2.9831635e-05	-5.8473856	-0.020577423
248.32	3.0182709e-05	-5.8473435	-0.020674214
248.96	3.0498699e-05	-5.8474041	-0.020612896
249.6	3.0667902e-05	-5.8473625	-0.020558731
250.24	2.9946099e-05	-5.8473856	-0.020684823
250.88	3.0177784e-05	-5.847326	-0.02073725
251.52	2.9762099e-05	-5.8474051	-0.020587605
252.16	2.9389365e-05	-5.8472887	-0.020594038
252.8	2.9977593e-05	-5.8474007	-0.020723991
253.44	2.9956738e-05	-5.8473537	-0.020654412
254.08	3.0470851e-05	-5.8474047	-0.020696562
254.72	3.0528049e-05	-5.8474229	-0.020569106
255.36	3.0650283e-05	-5.8473903	-0.020656695
256	2.9985391e-05	-5.8473991	-0.020619988
256.64	2.9749635e-05	-5.847432	-0.02069719
257.28	2.9822001e-05	-5.847414	-0.02070486
257.92	2.9528459e-05	-5.8474049	-0.020695969
258.56	2.9740003e-05	-5.8474657	-0.020609818
259.2	2.9672283e-05	-5.8474097	-0.020659026
259.84	2.9599954e-05	-5.8473347	-0.020676562
260.48	3.036494e-05	-5.8473859	-0.020683424
261.12	3.0518209e-05	-5.8473623	-0.02056993
261.76	3.065406e-05	-5.8473716	-0.020654183
262.4	3.0064289e-05	-5.8473016	-0.020600452
263.04	3.0151293e-05	-5.8474139	-0.020630067
263.68	3.0259044e-05	-5.8473541	-0.020628909
264.32	2.9898836e-05	-5.847396	-0.020671107
264.96	2.9251106e-05	-5.8473304	-0.020633008
265.6	2.9500108e-05	-5.847349	-0.020606028
266.24	2.9556925e-05	-5.8474043	-0.020644082
266.88	3.0310778e-05	-5.8473625	-0.020600756
267.52	3.0247303e-05	-5.8474085	-0.020626523
268.16	2.9926059e-05	-5.8473616	-0.020557435
268.8	3.0445805e-05	-5.8473904	-0.020694379
269.44	2.9871794e-05	-5.8473905	-0.020724633
270.08	3.0395705e-05	-5.8473962	-0.020666755
270.72	2.9025195e-05	-5.8473673	-0.020612365
271.36	2.9340088e-05	-5.8473677	-0.020566942
272	3.0115876e-05	-5.8473821	-0.02064066
272.64	3.0008645e-05	-5.8474232	-0.020591667
273.28	3.0445793e-05	-5.8473625	-0.020607295
273.92	3.0199614e-05	-5.8473665	-0.020649734
274.56	3.0605632e-05	-5.8473902	-0.020671752
275.2	3.0319467e-05	-5.8473857	-0.020659489
275.84	3.0040393e-05	-5.8473675	-0.020784072
276.48	3.0196285e-05	-5.8473589	-0.02064872
277.12	2.9433007e-05	-5.8473864	-0.020544006
277.76	2.9829107e-05	-5.84741	-0.02054589
278.4	2.9710254e-05	-5.8473211	-0.0206592
279.04	2.9905257e-05	-5.8473718	-0.020634721
279.68	2.9918491e-05	-5.8473294	-0.020580973
280.32	3.0368679e-05	-5.8473434	-0.020536265
280.96	3.0342157e-05	-5.8473714	-0.020614685
281.6	3.0088491e-05	-5.8474042	-0.020694552
282.24	3.0165173e-05	-5.8473676	-0.020625828
282.88	2.957992e-05	-5.8474467	-0.020758862
283.52	2.9530278e-05	-5.8473912	-0.02062743
284.16	2.937883e-05	-5.8473491	-0.020617012
284.8	2.9901902e-05	-5.8474143	-0.020562123
285.44	3.001678e-05	-5.8474091	-0.020610176
286.08	3.0312986e-05	-5.8473715	-0.020583008
286.72	3.0646016e-05	-5.8474181	-0.020646203
287.36	3.0395269e-05	-5.8473762	-0.020713996
288	2.9870485e-05	-5.8474133	-0.020789298
288.64	2.9486591e-05	-5.8473717	-0.020673155
289.28	2.925946e-05	-5.847372	-0.020674799
289.92	2.9103925e-05	-5.8473535	-0.02057205
290.56	2.8963419e-05	-5.8473486	-0.020583306
291.2	2.9237591e-05	-5.8473484	-0.020614301
291.84	3.0061818e-05	-5.8473951	-0.020617103
292.48	2.9937498e-05	-5.8473758	-0.020653805
293.12	3.003889e-05	-5.8474827	-0.020705131
293.76	3.0065119e-05	-5.847362	-0.020584929
294.4	2.9472908e-05	-5.8473665	-0.020600871
295.04	2.9918309e-05	-5.8473816	-0.020606484
295.68	2.9716144e-05	-5.8474098	-0.020622165
296.32	2.9213029e-05	-5.8474513	-0.020620356
296.96	2.9332486e-05	-5.8473722	-0.020574976
297.6	2.9656098e-05	-5.8473998	-0.020664286
298.24	2.9952538e-05	-5.8474228	-0.020661014
298.88	3.0567259e-05	-5.8474136	-0.020650122
299.52	3.0831882e-05	-5.8473858	-0.020549045
300.16	3.0877107e-05	-5.8473907	-0.020818828
300.8	2.9751515e-05	-5.8473762	-0.020706398
301.44	2.9957847e-05	-5.8473584	-0.020528306
302.08	2.9877196e-05	-5.8473914	-0.020588366
302.72	2.9590891e-05	-5.847368	-0.020596117
303.36	2.9613828e-05	-5.847391	-0.020684382
304	2.9776588e-05	-5.8474092	-0.020566013
304.64	2.9994832e-05	-5.8473995	-0.020640901
305.28	3.0111654e-05	-5.8473573	-0.020591592
305.92	3.017235e-05	-5.847413	-0.020629967
306.56	3.0384222e-05	-5.8473903	-0.020643541
307.2	3.007616e-05	-5.8474278	-0.020599148
307.84	2.9987789e-05	-5.8473818	-0.020578526
308.48	2.8958631e-05	-5.8474231	-0.020597909
309.12	2.9799641e-05	-5.8474426	-0.020675517
309.76	2.9302603e-05	-5.8472836	-0.020568515
310.4	3.0455755e-05	-5.84734	-0.020587866
311.04	3.0009967e-05	-5.8474273	-0.020582511
311.68	2.9897099e-05	-5.8473849	-0.020560525
312.32	3.0270292e-05	-5.8473527	-0.020769048
312.96	3.0363221e-05	-5.847395	-0.020609864
313.6	2.9937415e-05	-5.8473905	-0.020676666
314.24	2.9634249e-05	-5.8474141	-0.020597554
314.88	2.8986338e-05	-5.8474231	-0.020670715
315.52	2.9909739e-05	-5.8473729	-0.020606116
316.16	2.9980281e-05	-5.8473912	-0.020521096
316.8	2.9945631e-05	-5.8473394	-0.020649832
317.44	3.0407625e-05	-5.8473671	-0.020582295
318.08	3.0354592e-05	-5.8474272	-0.020699306
318.72	3.102051e-05	-5.8473627	-0.020706902
319.36	3.0315901e-05	-5.8474043	-0.02072355
320	2.9630815e-05	-5.8473857	-0.020739079
320.64	2.9317594e-05	-5.8474232	-0.020685901
321.28	2.9185379e-05	-5.8473862	-0.020678701
321.92	2.9932431e-05	-5.8474241	-0.020653472
322.56	2.9487677e-05	-5.8474046	-0.020678386
323.2	3.0599859e-05	-5.8474283	-0.020615298
323.84	3.0533937e-05	-5.8473905	-0.020595757
324.48	3.0609976e-05	-5.8473995	-0.020637084
325.12	3.0848037e-05	-5.8473766	-0.020626597
325.76	2.9810164e-05	-5.8473899	-0.020647831
326.4	2.9991404e-05	-5.8473629	-0.020691227
327.04	2.8618756e-05	-5.847404	-0.020591329
327.68	2.9031758e-05	-5.8474	-0.020716412
328.32	2.9716144e-05	-5.8473587	-0.020558387
328.96	3.0258654e-05	-5.8473494	-0.02065613
329.6	2.9906177e-05	-5.8474461	-0.020752931
330.24	2.9796381e-05	-5.8474036	-0.020782068
330.88	3.0615473e-05	-5.8473855	-0.020527355
331.52	2.9780765e-05	-5.8473244	-0.020567232
332.16	3.0536016e-05	-5.8474001	-0.020653081
332.8	2.9896176e-05	-5.847321	-0.020623613
333.44	2.976232e-05	-5.8473493	-0.020695621
334.08	2.9285468e-05	-5.8473956	-0.020633387
334.72	2.9380078e-05	-5.8473815	-0.020707109
335.36	3.0457539e-05	-5.8474286	-0.020627985
336	2.924076e-05	-5.8473849	-0.020648291
336.64	3.02259e-05	-5.8473807	-0.020586311
337.28	3.0560082e-05	-5.8473762	-0.020583463
337.92	3.0499197e-05	-5.8473391	-0.020661117
338.56	3.0210421e-05	-5.8473022	-0.020565736
339.2	2.9979559e-05	-5.8473398	-0.020578098
339.84	2.9460162e-05	-5.8474095	-0.020558928
340.48	2.9133405e-05	-5.8473628	-0.020509562
341.12	2.9820247e-05	-5.8473912	-0.020657853
341.76	2.9500213e-05	-5.8473811	-0.020553608
342.4	3.0091098e-05	-5.847381	-0.02069217
343.04	3.0190538e-05	-5.8473807	-0.020573846
343.68	3.0108071e-05	-5.8474223	-0.020745261
344.32	3.0247384e-05	-5.8473483	-0.020538263
344.96	2.9958327e-05	-5.8473439	-0.020679968
345.6	2.9852833e-05	-5.8473583	-0.020607106
346.24	2.9518654e-05	-5.8473771	-0.020590483
346.88	2.9210754e-05	-5.8474001	-0.020732703
347.52	2.9202059e-05	-5.8473626	-0.020562945
348.16	2.9683284e-05	-5.8473812	-0.020647704
348.8	3.0286545e-05	-5.8473672	-0.020589013
349.44	3.0518716e-05	-5.8473484	-0.020586084
350.08	3.0408962e-05	-5.8474412	-0.020683984
350.72	3.0636565e-05	-5.8473906	-0.020635965
351.36	2.9856442e-05	-5.8474136	-0.020529936
352	2.9609357e-05	-5.8474187	-0.020613415
352.64	2.9933391e-05	-5.8473915	-0.020637844
353.28	2.9051467e-05	-5.8473488	-0.020607403
353.92	2.9544712e-05	-5.847335	-0.020742464
354.56	2.9899113e-05	-5.8473999	-0.020636993
355.2	3.0563527e-05	-5.8474418	-0.020658085
355.84	3.0707324e-05	-5.8474508	-0.020613742
356.48	3.0989974e-05	-5.8473813	-0.020638176
357.12	3.0821632e-05	-5.8474234	-0.020571759
357.76	3.0092176e-05	-5.847414	-0.020573449
358.4	2.9762708e-05	-5.847391	-0.020601975
359.04	2.9641659e-05	-5.8474424	-0.020641277
359.68	2.9145426e-05	-5.8473209	-0.020657288
360.32	2.950169e-05	-5.8473488	-0.020566623
360.96	2.9882278e-05	-5.8473719	-0.020571906
361.6	2.9756572e-05	-5.8473665	-0.020647775
362.24	3.0185349e-05	-5.8473852	-0.02051751
362.88	3.0418384e-05	-5.8473855	-0.020610884
363.52	2.9956159e-05	-5.8473807	-0.020548801
364.16	2.9887691e-05	-5.8473766	-0.02058185
364.8	2.9274429e-05	-5.8474138	-0.020691681
365.44	2.9241369e-05	-5.8474094	-0.020569434
366.08	2.9425694e-05	-5.8473165	-0.020703337
366.72	2.9696225e-05	-5.847349	-0.020644023
367.36	2.9625695e-05	-5.8473576	-0.020604125
368	3.0475328e-05	-5.8473532	-0.020639096
368.64	3.0756989e-05	-5.8473392	-0.020614625
369.28	3.0402378e-05	-5.8473901	-0.020652545
369.92	3.0304918e-05	-5.8473533	-0.020668822
370.56	2.9626763e-05	-5.8473718	-0.020586934
371.2	3.0322428e-05	-5.8473824	-0.020474622
371.84	2.9223958e-05	-5.8473536	-0.020562204
372.48	2.9481049e-05	-5.8473584	-0.020689283
373.12	2.9777062e-05	-5.8473861	-0.020685666
373.76	2.9605538e-05	-5.8473667	-0.020598295
374.4	3.0100951e-05	-5.8474179	-0.020555974
375.04	3.0387402e-05	-5.84739	-0.020628836
375.68	3.0058422e-05	-5.847362	-0.020602291
376.32	3.04723e-05	-5.8473163	-0.020548186
376.96	2.9770395e-05	-5.8473767	-0.020654917
377.6	2.9758746e-05	-5.8473586	-0.020673506
378.24	2.9744459e-05	-5.8474146	-0.020674754
378.88	2.9512622e-05	-5.847377	-0.020665135
379.52	2.9914788e-05	-5.847428	-0.020689636
380.16	3.0657255e-05	-5.8474096	-0.020753607
380.8	3.0276665e-05	-5.8473157	-0.020510198
381.44	3.0721727e-05	-5.8473904	-0.020580199
382.08	3.0498035e-05	-5.8474229	-0.020684053
382.72	2.9677526e-05	-5.8473947	-0.020617243
383.36	2.9964769e-05	-5.8474282	-0.020517227
384	2.965883e-05	-5.8473632	-0.020602776
384.64	2.978599e-05	-5.8473774	-0.020709116
385.28	2.9226632e-05	-5.847358	-0.020611652
385.92	2.9595524e-05	-5.8473672	-0.020624537
386.56	3.0089412e-05	-5.8473903	-0.02051403
387.2	2.9965414e-05	-5.8474548	-0.020656822
387.84	3.0435347e-05	-5.8473808	-0.02060846
388.48	3.0608509e-05	-5.8473905	-0.020698502
389.12	2.9580151e-05	-5.8473854	-0.020583443
389.76	2.9664151e-05	-5.8473908	-0.020619592
390.4	2.9477115e-05	-5.8473631	-0.020605846
391.04	2.9580157e-05	-5.8473911	-0.020636976
391.68	2.9377332e-05	-5.8473953	-0.02073332
392.32	2.9725818e-05	-5.8473812	-0.020609228
392.96	3.0230452e-05	-5.847395	-0.020616536
393.6	3.0387005e-05	-5.8473157	-0.02053849
394.24	3.0396777e-05	-5.8474226	-0.020706446
394.88	3.0118629e-05	-5.8473622	-0.02058019
395.52	2.9861831e-05	-5.8473765	-0.020559084
396.16	2.9584417e-05	-5.8473349	-0.02058964
396.8	2.9252551e-05	-5.8473397	-0.020597652
397.44	2.8937711e-05	-5.8473952	-0.020721325
398.08	2.9444761e-05	-5.847386	-0.020717854
398.72	3.0162076e-05	-5.8473768	-0.020604435
399.36	3.0047068e-05	-5.8473436	-0.020573624
400	3.0556107e-05	-5.8473484	-0.020549624
400.64	3.0353184e-05	-5.8473668	-0.020616585
401.28	2.9713155e-05	-5.8473944	-0.020681297
401.92	3.0138697e-05	-5.8473722	-0.020644091
402.56	2.9607596e-05	-5.847442	-0.020601788
403.2	2.9494981e-05	-5.8473771	-0.020652899
403.84	2.9478336e-05	-5.8473538	-0.020541943
404.48	2.95347e-05	-5.8473628	-0.020673971
405.12	2.9914749e-05	-5.8473672	-0.020456403
405.76	3.0413539e-05	-5.8472787	-0.020568728
406.4	3.053774e-05	-5.8473204	-0.020551065
407.04	3.020029e-05	-5.847469	-0.020848533
407.68	3.0295536e-05	-5.8474184	-0.020751076
408.32	2.9764376e-05	-5.8473719	-0.020548111
408.96	3.0051501e-05	-5.84741	-0.02060273
409.6	2.9283579e-05	-5.8473537	-0.020773713
410.24	2.9549081e-05	-5.8474282	-0.020600367
410.88	2.9259569e-05	-5.8474182	-0.020627597
411.52	2.9988995e-05	-5.8473765	-0.020559805
412.16	3.0005495e-05	-5.8473759	-0.020616317
412.8	3.027517e-05	-5.8474178	-0.020693292
413.44	2.9989936e-05	-5.8473665	-0.020650468
414.08	3.0156424e-05	-5.8473858	-0.020583649
414.72	2.966303e-05	-5.8473533	-0.020621975
415.36	2.9390728e-05	-5.8474047	-0.020588589
416	2.959473e-05	-5.8474098	-0.020522726
416.64	2.9414846e-05	-5.8474001	-0.020738002
417.28	2.9785903e-05	-5.8473675	-0.020615112
417.92	2.9565173e-05	-5.847376	-0.020638414
418.56	3.0240821e-05	-5.8473761	-0.020669806
419.2	3.0211052e-05	-5.8473712	-0.020700961
419.84	3.0338415e-05	-5.8474088	-0.020743978
420.48	3.0374974e-05	-5.8473628	-0.020623542
421.12	3.0145829e-05	-5.8473865	-0.020533473
421.76	2.978155e-05	-5.8474517	-0.020650977
422.4	2.9134474e-05	-5.8473907	-0.0205599
423.04	2.9034168e-05	-5.8473858	-0.02061249
423.68	3.0136203e-05	-5.8473119	-0.020644029
424.32	2.9841347e-05	-5.8473901	-0.020725125
424.96	3.0185636e-05	-5.847376	-0.020687088
425.6	3.0547021e-05	-5.8473437	-0.020630511
426.24	3.0376696e-05	-5.8474135	-0.020647161
426.88	3.0317499e-05	-5.8473721	-0.020662453
427.52	2.9784536e-05	-5.8473862	-0.020635619
428.16	2.9593964e-05	-5.847419	-0.020597758
428.8	2.9424595e-05	-5.8474143	-0.020724684
429.44	2.9404574e-05	-5.8473535	-0.020656454
430.08	2.9590692e-05	-5.8473439	-0.020670218
430.72	2.9896492e-05	-5.8474226	-0.020605339
431.36	3.0201013e-05	-5.847362	-0.020676321
432	3.0958762e-05	-5.8474324	-0.020674448
432.64	3.077777e-05	-5.8474	-0.020644846
433.28	3.0039699e-05	-5.8473301	-0.02064676
433.92	2.9633318e-05	-5.8474605	-0.020629377
434.56	2.9103607e-05	-5.8473906	-0.020657095
435.2	2.9439883e-05	-5.8473352	-0.020576947
435.84	3.0000633e-05	-5.8474192	-0.020511398
436.48	2.9598011e-05	-5.8474275	-0.020633944
437.12	3.0668982e-05	-5.8474419	-0.020860966
437.76	2.9712798e-05	-5.8473382	-0.020630047
438.4	3.058564e-05	-5.8473437	-0.020746283
439.04	2.9876984e-05	-5.8474224	-0.020452713
439.68	2.9819616e-05	-5.8473532	-0.020623098
440.32	2.9660747e-05	-5.847335	-0.020594965
440.96	2.9573161e-05	-5.8473679	-0.020642839
441.6	2.9755055e-05	-5.8473588	-0.020662252
442.24	2.956087e-05	-5.8473814	-0.020675007
442.88	3.0048868e-05	-5.8473953	-0.020639605
443.52	3.0356249e-05	-5.8473299	-0.020574627
444.16	3.0933688e-05	-5.8473534	-0.02065091
444.8	3.0574165e-05	-5.8474321	-0.020558948
445.44	3.0513457e-05	-5.8473766	-0.020562366
446.08	2.9684487e-05	-5.8473439	-0.020568392
446.72	2.9249028e-05	-5.8473394	-0.020571492
447.36	2.9233165e-05	-5.8473676	-0.020620919
448	2.9361024e-05	-5.8474002	-0.020557687
448.64	2.9604855e-05	-5.8473953	-0.020576148
449.28	3.0016486e-05	-5.8474138	-0.020725347
449.92	3.0453474e-05	-5.8473811	-0.02063771
450.56	3.0436438e-05	-5.8473808	-0.02073892
451.2	3.046786e-05	-5.8474135	-0.020594597
451.84	3.0230554e-05	-5.847423	-0.020675416
452.48	3.0131208e-05	-5.8473909	-0.020748219
453.12	2.9745911e-05	-5.8473539	-0.020562574
453.76	2.9217747e-05	-5.8473443	-0.020721736
454.4	2.9156645e-05	-5.8474046	-0.020610819
455.04	2.9988685e-05	-5.8474329	-0.020651517
455.68	3.0215878e-05	-5.8473534	-0.020617692
456.32	3.0221793e-05	-5.8473668	-0.020719177
456.96	3.0419583e-05	-5.8473761	-0.020705694
457.6	3.0878544e-05	-5.8473535	-0.020596131
458.24	3.0047206e-05	-5.8473531	-0.020573776
458.88	3.0152324e-05	-5.8474143	-0.020710605
459.52	2.9686777e-05	-5.8473818	-0.020639035
460.16	2.9025846e-05	-5.8474232	-0.020654888
460.8	2.9688185e-05	-5.8473679	-0.020608001
461.44	2.9713086e-05	-5.8473767	-0.020469221
462.08	3.0277796e-05	-5.8473255	-0.020591879
462.72	2.9986669e-05	-5.8473944	-0.020715906
463.36	3.0483525e-05	-5.8474041	-0.020661963
464	2.9865302e-05	-5.8473106	-0.020631834
464.64	2.9366182e-05	-5.8473804	-0.020671796
465.28	2.9949603e-05	-5.8473537	-0.020566443
465.92	2.9246792e-05	-5.8473768	-0.020724298
466.56	2.9273447e-05	-5.8472932	-0.020576777
467.2	2.9176933e-05	-5.8474184	-0.0206673
467.84	2.986284e-05	-5.8473349	-0.020676798
468.48	3.0155335e-05	-5.8473578	-0.020578764
469.12	3.0951466e-05	-5.8473954	-0.020718547
469.76	3.06192e-05	-5.8473484	-0.020617796
470.4	3.0197919e-05	-5.8473901	-0.020633821
471.04	3.0303374e-05	-5.8474047	-0.020710179
471.68	2.993627e-05	-5.8473771	-0.020632236
472.32	2.9826374e-05	-5.8474007	-0.020635788
472.96	2.9307366e-05	-5.8474467	-0.020589518
473.6	2.9099235e-05	-5.8473672	-0.020671387
474.24	2.980356e-05	-5.8473254	-0.020644661
474.88	3.0931965e-05	-5.847391	-0.020705876
475.52	3.0142454e-05	-5.8473573	-0.020601668
476.16	3.0999256e-05	-5.8473162	-0.020656125
476.8	2.9957776e-05	-5.8474318	-0.020593116
477.44	2.9685508e-05	-5.8474135	-0.020628394
478.08	2.9821034e-05	-5.8473445	-0.020574742
478.72	2.9589346e-05	-5.8474284	-0.020649372
479.36	2.9549582e-05	-5.8473958	-0.020642744
480	2.9369029e-05	-5.8473673	-0.020676187
480.64	2.924961e-05	-5.8473573	-0.020634113
481.28	3.0376137e-05	-5.8474044	-0.02068653
481.92	3.0666661e-05	-5.8473484	-0.020594406
482.56	3.0756538e-05	-5.8473625	-0.020637894
483.2	3.0241668e-05	-5.8473391	-0.020574228
483.84	2.9758137e-05	-5.8473532	-0.020658102
484.48	2.9899511e-05	-5.8474144	-0.020648482
485.12	2.972526e-05	-5.8474053	-0.020668425
485.76	2.965365e-05	-5.8473493	-0.02061183
486.4	2.9078056e-05	-5.8473576	-0.020653512
487.04	2.9822364e-05	-5.8473438	-0.020674502
487.68	3.0387498e-05	-5.8474275	-0.020679272
488.32	3.0657895e-05	-5.8473949	-0.020651603
488.96	2.9887982e-05	-5.8473849	-0.020594831
489.6	2.9967136e-05	-5.8474041	-0.020490749
490.24	2.9701794e-05	-5.8474091	-0.020680261
490.88	2.9959828e-05	-5.8473773	-0.020645911
491.52	2.9169609e-05	-5.8474094	-0.020743987
492.16	2.909297e-05	-5.8473534	-0.0206647
492.8	3.0555803e-05	-5.8473962	-0.020573578
493.44	3.0215163e-05	-5.8473348	-0.020584727
494.08	3.0164723e-05	-5.8474366	-0.020620685
494.72	3.0976869e-05	-5.8473673	-0.020680804
495.36	3.0644334e-05	-5.8473346	-0.02058481
496	2.9985766e-05	-5.8474228	-0.020671741
496.64	2.9804139e-05	-5.8473535	-0.020620148
497.28	2.9300858e-05	-5.8473721	-0.020741478
497.92	2.9297488e-05	-5.847363	-0.020696198
498.56	2.9739548e-05	-5.8474191	-0.020634446
499.2	2.9704153e-05	-5.8473767	-0.020598134
499.84	2.9477612e-05	-5.8473107	-0.020585165
