0	2.9725003e-05	-5.8476047	-0.0082334925
0.64	2.9818809e-05	-5.8475394	-0.0082112707
1.28	2.9911354e-05	-5.8475111	-0.0083349899
1.92	2.9362532e-05	-5.8475146	-0.0082501642
2.56	3.0683485e-05	-5.8475573	-0.0083103828
3.2	3.0813436e-05	-5.8475899	-0.0084347783
3.84	3.0168717e-05	-5.8476081	-0.0082875664
4.48	2.9921367e-05	-5.8475805	-0.0082981111
5.12	2.9952512e-05	-5.8475765	-0.008345465
5.76	2.9829294e-05	-5.8475535	-0.0083218799
6.4	2.8947247e-05	-5.8475574	-0.008316932
7.04	2.9486933e-05	-5.8475716	-0.00833215
7.68	2.9595836e-05	-5.8475711	-0.00823109
8.32	3.0855629e-05	-5.8475764	-0.0083884985
8.96	3.0334141e-05	-5.8475895	-0.0084334298
9.6	3.0554003e-05	-5.8475525	-0.0083190671
10.24	3.0184e-05	-5.8475432	-0.008300952
10.88	3.0046416e-05	-5.8476133	-0.0084484219
11.52	2.983905e-05	-5.8475671	-0.0082619665
12.16	2.9878154e-05	-5.8475628	-0.0083139782
12.8	3.0220055e-05	-5.8475725	-0.0084448472
13.44	2.9247598e-05	-5.8475805	-0.0083241988
14.08	3.0243786e-05	-5.8475716	-0.008249467
14.72	2.9816028e-05	-5.8476033	-0.0082828338
15.36	3.0067273e-05	-5.8475753	-0.0082843104
16	3.0017532e-05	-5.8475706	-0.0082933953
16.64	2.9638491e-05	-5.8475938	-0.008416751
17.28	2.9963639e-05	-5.8475621	-0.0083392171
17.92	2.9698326e-05	-5.8476228	-0.0082687471
18.56	2.9575253e-05	-5.8475485	-0.0083732403
19.2	2.9554343e-05	-5.8476694	-0.0083211254
19.84	3.0008572e-05	-5.847637	-0.0083839614
20.48	3.0091798e-05	-5.8476226	-0.0084256848
21.12	3.004693e-05	-5.847571	-0.0083392113
21.76	3.0292774e-05	-5.8475338	-0.0082128072
22.4	3.0315215e-05	-5.8475803	-0.008291322
23.04	3.0146784e-05	-5.8476037	-0.0083090151
23.68	3.0138278e-05	-5.8475529	-0.0082987464
24.32	2.9769378e-05	-5.8476228	-0.0082863726
24.96	2.9496662e-05	-5.8475855	-0.0083579157
25.6	2.9682416e-05	-5.8475857	-0.0084282774
26.24	2.9682781e-05	-5.8475808	-0.0083125543
26.88	3.0046114e-05	-5.8475901	-0.0083246989
27.52	2.9862085e-05	-5.8475151	-0.0083912629
28.16	3.0021841e-05	-5.8475661	-0.0082863862
28.8	3.0492152e-05	-5.8475526	-0.0083372518
29.44	3.028207e-05	-5.8475945	-0.0081774338
30.08	2.9721813e-05	-5.8475525	-0.0082631755
30.72	3.000442e-05	-5.8475393	-0.0083513656
31.36	2.992901e-05	-5.847572	-0.0082747648
32	2.9050415e-05	-5.8475944	-0.0082155309
32.64	2.9992332e-05	-5.8475393	-0.0082775785
33.28	3.0133735e-05	-5.8476227	-0.0082828678
33.92	3.03101e-05	-5.8475759	-0.0083502463
34.56	3.0508033e-05	-5.8475805	-0.0081964562
35.2	2.9921083e-05	-5.8476218	-0.0082956241
35.84	3.0472518e-05	-5.8475668	-0.008332983
36.48	2.9977409e-05	-5.8476597	-0.00838664
37.12	3.005796e-05	-5.8475626	-0.0083664416
37.76	2.9070928e-05	-5.8476038	-0.0082120004
38.4	3.0053547e-05	-5.8475676	-0.0083164047
39.04	2.9639005e-05	-5.8476321	-0.0084095813
39.68	2.9648552e-05	-5.8475944	-0.0082648619
40.32	3.0037198e-05	-5.8475291	-0.0082787318
40.96	2.9969615e-05	-5.8476171	-0.0083719578
41.6	3.0166119e-05	-5.8475847	-0.008454941
42.24	2.9957046e-05	-5.8476174	-0.0083194429
42.88	3.0303847e-05	-5.8475996	-0.0083152059
43.52	2.9360081e-05	-5.8475713	-0.0083107307
44.16	2.9891878e-05	-5.8475489	-0.0083024697
44.8	2.9614979e-05	-5.847623	-0.0083652342
45.44	2.9647723e-05	-5.8475157	-0.0083175546
46.08	3.0194048e-05	-5.84766	-0.0084022064
46.72	3.072307e-05	-5.8476135	-0.0083302114
47.36	2.9768748e-05	-5.8475517	-0.0082607162
48	3.046672e-05	-5.8476268	-0.0083645349
48.64	3.0182556e-05	-5.8475711	-0.0081971949
49.28	3.0097031e-05	-5.847525	-0.0083800533
49.92	2.9974968e-05	-5.8475534	-0.0082542261
50.56	2.9697557e-05	-5.8475581	-0.0081791905
51.2	2.9067426e-05	-5.8476132	-0.0082840437
51.84	2.951155e-05	-5.8476179	-0.0082629072
52.48	2.9724744e-05	-5.847571	-0.0082972456
53.12	3.0506625e-05	-5.8476224	-0.0082535102
53.76	3.0434632e-05	-5.8475755	-0.0083646248
54.4	3.0686923e-05	-5.8475573	-0.0082868676
55.04	2.9972919e-05	-5.847571	-0.0082632179
55.68	2.9286221e-05	-5.8476081	-0.0082695398
56.32	2.9581355e-05	-5.847581	-0.008320599
56.96	2.956857e-05	-5.8476185	-0.0084897903
57.6	2.9029644e-05	-5.8475387	-0.0083608242
58.24	3.0121589e-05	-5.8476323	-0.0083932294
58.88	3.0131743e-05	-5.847641	-0.0083468472
59.52	3.0422409e-05	-5.8476315	-0.0083491546
60.16	3.1373909e-05	-5.8475392	-0.0083741526
60.8	3.0536168e-05	-5.847599	-0.0083331483
61.44	3.0154865e-05	-5.8476271	-0.0082253343
62.08	2.9478429e-05	-5.847562	-0.0082873114
62.72	2.9802463e-05	-5.8475535	-0.0083103372
63.36	2.9851158e-05	-5.8476281	-0.0082551773
64	2.956018e-05	-5.8475857	-0.0083813027
64.64	3.0385435e-05	-5.8476092	-0.0083757739
65.28	2.9955904e-05	-5.8476779	-0.0082650923
65.92	3.0219814e-05	-5.8475614	-0.0081820335
66.56	3.050007e-05	-5.8475709	-0.008227223
67.2	2.9982888e-05	-5.8475893	-0.0083212298
67.84	3.0303178e-05	-5.8475763	-0.0082970798
68.48	3.0010134e-05	-5.8475534	-0.0083240585
69.12	2.932803e-05	-5.8476182	-0.0082903
69.76	2.9721067e-05	-5.8475535	-0.0083770151
70.4	2.9601403e-05	-5.8475205	-0.0083102614
71.04	2.9645999e-05	-5.8476037	-0.0083048997
71.68	3.0849423e-05	-5.8475903	-0.008233158
72.32	3.0623601e-05	-5.8476083	-0.0084026777
72.96	3.0701509e-05	-5.8475944	-0.0083912865
73.6	3.0177159e-05	-5.8475385	-0.0083054615
74.24	2.9413019e-05	-5.8475662	-0.00845391
74.88	2.9989136e-05	-5.847586	-0.0084578855
75.52	2.8916544e-05	-5.847562	-0.0083440889
76.16	2.9466251e-05	-5.8476322	-0.0083435682
76.8	2.9470138e-05	-5.8475062	-0.0083542305
77.44	2.9575948e-05	-5.8476035	-0.0082112211
78.08	3.0643769e-05	-5.8476459	-0.0083157192
78.72	3.0428667e-05	-5.8475942	-0.0084420856
79.36	3.0304461e-05	-5.8475337	-0.0084597685
80	3.0477559e-05	-5.8475994	-0.0082856551
80.64	2.9732163e-05	-5.8475806	-0.0082258694
81.28	2.9762228e-05	-5.8475765	-0.0083292749
81.92	2.9617196e-05	-5.8475533	-0.0083506085
82.56	2.9369412e-05	-5.8475855	-0.0081945543
83.2	2.9800615e-05	-5.8475716	-0.0083948413
83.84	2.9557623e-05	-5.8474731	-0.0082093835
84.48	3.0333691e-05	-5.8475757	-0.0083183393
85.12	2.9648624e-05	-5.8475469	-0.0083296291
85.76	3.0160645e-05	-5.8475941	-0.0083417994
86.4	3.0304699e-05	-5.8476273	-0.0082427186
87.04	2.9421186e-05	-5.8475664	-0.0083522768
87.68	2.9754713e-05	-5.8475997	-0.0082516457
88.32	2.9409848e-05	-5.8475903	-0.0083736548
88.96	2.9594586e-05	-5.8476275	-0.0084353397
89.6	2.9613385e-05	-5.8476225	-0.0083269331
90.24	2.9608857e-05	-5.8475754	-0.0084897606
90.88	2.9883509e-05	-5.8475613	-0.0084172111
91.52	3.0501426e-05	-5.8475338	-0.0083015876
92.16	3.0448297e-05	-5.8476316	-0.0083984947
92.8	2.9740919e-05	-5.8476127	-0.008277206
93.44	2.9998479e-05	-5.8475623	-0.0083602858
94.08	2.9270087e-05	-5.8475342	-0.0083502815
94.72	2.9649322e-05	-5.8475487	-0.0082603644
95.36	2.9894745e-05	-5.8476093	-0.0083708916
96	2.9515267e-05	-5.8475898	-0.0083602502
96.64	2.9894884e-05	-5.8476083	-0.0082470999
97.28	3.0423775e-05	-5.8475572	-0.0081712999
97.92	3.0713663e-05	-5.8475527	-0.0081659805
98.56	2.9991583e-05	-5.8475707	-0.0081836783
99.2	3.0240702e-05	-5.8476039	-0.00835827
99.84	2.9759599e-05	-5.8475668	-0.0082330656
100.48	2.9968284e-05	-5.847586	-0.0083954869
101.12	2.990736e-05	-5.847535	-0.0084164814
101.76	2.9703321e-05	-5.8475997	-0.0083125331
102.4	2.95219e-05	-5.8475759	-0.0082380618
103.04	3.0217865e-05	-5.8475481	-0.0083938301
103.68	2.99046e-05	-5.847673	-0.0083714109
104.32	3.0941117e-05	-5.8475947	-0.0082972902
104.96	3.0109997e-05	-5.8475801	-0.0084198983
105.6	3.0703317e-05	-5.8475486	-0.0084280927
106.24	2.9813222e-05	-5.8476087	-0.0083249345
106.88	2.9498592e-05	-5.8475763	-0.0083833609
107.52	2.9598589e-05	-5.8476603	-0.0084013873
108.16	2.9506418e-05	-5.8475902	-0.0082591465
108.8	2.9943956e-05	-5.8476088	-0.0082489438
109.44	3.0263706e-05	-5.8476039	-0.0082990203
110.08	3.0393589e-05	-5.8475617	-0.0083220649
110.72	3.0751673e-05	-5.847548	-0.0082447118
111.36	3.0611764e-05	-5.8475946	-0.008308851
112	3.056084e-05	-5.8476276	-0.0083898425
112.64	3.0339348e-05	-5.8475535	-0.008279306
113.28	2.9736056e-05	-5.8475022	-0.0082982804
113.92	2.9460169e-05	-5.8475578	-0.0083163201
114.56	2.916878e-05	-5.8476038	-0.0082025901
115.2	3.0086349e-05	-5.8475112	-0.0083079327
115.84	2.9640209e-05	-5.8475008	-0.0083649108
116.48	3.0286651e-05	-5.8475755	-0.0084197033
117.12	3.0879297e-05	-5.8475527	-0.0083806926
117.76	2.9974966e-05	-5.8475103	-0.0082383738
118.4	2.9826982e-05	-5.8476782	-0.0082580329
119.04	2.9646917e-05	-5.8476414	-0.0083888686
119.68	2.9787517e-05	-5.8475861	-0.0083218375
120.32	2.9356742e-05	-5.8475624	-0.008267807
120.96	2.9705196e-05	-5.8475903	-0.0083636635
121.6	3.0437457e-05	-5.847623	-0.0083956742
122.24	3.0257967e-05	-5.8476176	-0.0083538207
122.88	3.0566313e-05	-5.8475664	-0.0082882631
123.52	3.0482756e-05	-5.8476454	-0.0083400602
124.16	3.0663884e-05	-5.8475809	-0.0082988213
124.8	2.9662597e-05	-5.8475293	-0.0084137247
125.44	2.9561e-05	-5.8476368	-0.0083617416
126.08	2.9118462e-05	-5.8475715	-0.0083612378
126.72	2.9345275e-05	-5.8476089	-0.0082706113
127.36	3.0104153e-05	-5.8475952	-0.0083250961
128	2.9975594e-05	-5.8476038	-0.0082876707
128.64	3.0425827e-05	-5.8475385	-0.0083433644
129.28	3.0632261e-05	-5.847585	-0.0082407909
129.92	2.9852134e-05	-5.8475378	-0.0082291703
130.56	3.0683083e-05	-5.8476089	-0.0081634165
131.2	2.9788931e-05	-5.8475761	-0.0083515851
131.84	2.9892242e-05	-5.8475721	-0.0082630566
132.48	2.9484198e-05	-5.8476091	-0.0083482794
133.12	2.9520584e-05	-5.8475717	-0.0083603833
133.76	2.9835727e-05	-5.8475902	-0.0083193814
134.4	3.0752137e-05	-5.8475951	-0.0083839433
135.04	3.0017396e-05	-5.8476032	-0.0083200051
135.68	3.0850636e-05	-5.8476039	-0.0083812092
136.32	3.0216017e-05	-5.8476221	-0.0082789714
136.96	3.0046912e-05	-5.8475759	-0.0084648527
137.6	2.9446492e-05	-5.8475898	-0.0083048583
138.24	2.954482e-05	-5.847581	-0.0082194411
138.88	2.9545269e-05	-5.8476695	-0.008449453
139.52	2.971541e-05	-5.8476508	-0.0082961829
140.16	3.0263064e-05	-5.8476091	-0.0083537229
140.8	3.0077854e-05	-5.8475711	-0.0082082977
141.44	3.0115031e-05	-5.8476126	-0.0083460281
142.08	3.0027949e-05	-5.8476218	-0.0083355146
142.72	3.0365458e-05	-5.8476177	-0.0082934071
143.36	3.062314e-05	-5.8476045	-0.008262662
144	2.9395934e-05	-5.8475898	-0.0083941076
144.64	2.9280956e-05	-5.8475854	-0.0083626552
145.28	2.9612002e-05	-5.8475299	-0.0083529804
145.92	2.9560359e-05	-5.8475389	-0.0082246324
146.56	3.0239552e-05	-5.8475857	-0.0083107127
147.2	3.0207741e-05	-5.8475806	-0.0082380115
147.84	2.9963091e-05	-5.8475939	-0.0081801327
148.48	3.0446037e-05	-5.8475246	-0.0082261802
149.12	2.9573476e-05	-5.8475333	-0.0082746944
149.76	3.0217646e-05	-5.8476134	-0.0083687566
150.4	2.9868603e-05	-5.8476228	-0.0083020767
151.04	2.9754377e-05	-5.8475812	-0.0082311012
151.68	2.9494801e-05	-5.847567	-0.0082598676
152.32	2.9168203e-05	-5.8475153	-0.0082193983
152.96	2.9885282e-05	-5.8475853	-0.0083712518
153.6	2.9841473e-05	-5.8476034	-0.0084730225
154.24	3.0393944e-05	-5.8475525	-0.0083085607
154.88	3.0565995e-05	-5.8476503	-0.0083955758
155.52	3.0275863e-05	-5.847655	-0.0083234716
156.16	2.9839737e-05	-5.8475759	-0.0083989219
156.8	2.9916347e-05	-5.8476089	-0.0083730158
157.44	2.9516265e-05	-5.8476367	-0.0084158555
158.08	2.9562382e-05	-5.8475996	-0.0084099979
158.72	2.9504084e-05	-5.8476133	-0.0083087452
159.36	2.9852182e-05	-5.8475527	-0.0082498114
160	3.0109412e-05	-5.8476037	-0.0083441649
160.64	3.0147825e-05	-5.8475523	-0.0081589475
161.28	3.0217368e-05	-5.8476128	-0.0082585653
161.92	3.0190851e-05	-5.8475897	-0.008301453
162.56	2.9839317e-05	-5.8476084	-0.008304192
163.2	3.0125743e-05	-5.8475347	-0.0083006035
163.84	2.9481833e-05	-5.8476367	-0.0083691751
164.48	2.9525225e-05	-5.8475717	-0.0082471713
165.12	2.9639531e-05	-5.8476227	-0.0084900273
165.76	2.9916399e-05	-5.8475714	-0.0082756774
166.4	3.1114276e-05	-5.8476326	-0.0082726746
167.04	3.0194588e-05	-5.8475942	-0.0083185355
167.68	2.9970697e-05	-5.847673	-0.0083459169
168.32	3.0717603e-05	-5.8475484	-0.0083823044
168.96	3.0209479e-05	-5.8475436	-0.0083132026
169.6	2.9376245e-05	-5.8475944	-0.0081927472
170.24	2.9805061e-05	-5.8475951	-0.0083132149
170.88	2.896484e-05	-5.8476269	-0.0084008622
171.52	2.936896e-05	-5.8475202	-0.0084074717
172.16	2.9887679e-05	-5.847604	-0.0083243714
172.8	3.0115669e-05	-5.8475526	-0.0083786597
173.44	3.0298263e-05	-5.8475617	-0.0082115026
174.08	3.06332e-05	-5.8475945	-0.0083626765
174.72	3.0499706e-05	-5.847576	-0.0082112139
175.36	3.0376334e-05	-5.847567	-0.0084100624
176	3.0191852e-05	-5.847586	-0.0082990113
176.64	2.9191424e-05	-5.8476226	-0.0083729415
177.28	2.9624043e-05	-5.8475951	-0.0083623881
177.92	2.9665285e-05	-5.8475809	-0.0081636494
178.56	2.9994563e-05	-5.847604	-0.0083818865
179.2	2.9823205e-05	-5.8475382	-0.008148247
179.84	3.0877813e-05	-5.8476087	-0.0083475411
180.48	3.0421596e-05	-5.8476361	-0.0082284944
181.12	3.0514598e-05	-5.8475993	-0.0083575918
181.76	2.9562071e-05	-5.8475199	-0.0082398059
182.4	2.9102774e-05	-5.8475571	-0.0082477905
183.04	2.9665167e-05	-5.8475859	-0.008329482
183.68	2.9480096e-05	-5.8476043	-0.0082709479
184.32	2.9836254e-05	-5.8475671	-0.0083140415
184.96	2.9865243e-05	-5.847641	-0.0083218894
185.6	3.0218912e-05	-5.8475292	-0.008392326
186.24	3.0832519e-05	-5.8475527	-0.0081915265
186.88	3.0607644e-05	-5.847641	-0.0082773264
187.52	3.0412325e-05	-5.8476505	-0.0083351343
188.16	2.9290494e-05	-5.8475941	-0.0083190852
188.8	2.9682077e-05	-5.8475578	-0.0083723484
189.44	3.009235e-05	-5.8475863	-0.0083039455
190.08	2.9628031e-05	-5.8475857	-0.0083221238
190.72	2.9954989e-05	-5.847581	-0.0084571599
191.36	3.010041e-05	-5.847562	-0.0082832967
192	3.068012e-05	-5.8475947	-0.0082321593
192.64	3.0647322e-05	-5.8475991	-0.0083565427
193.28	3.0366115e-05	-5.847585	-0.0083188304
193.92	3.0368966e-05	-5.8475575	-0.0083671981
194.56	2.9940355e-05	-5.8474925	-0.0082684138
195.2	2.9415414e-05	-5.8475436	-0.0082659395
195.84	2.9112358e-05	-5.8476132	-0.008281688
196.48	2.974419e-05	-5.8475346	-0.008309291
197.12	3.0208408e-05	-5.8476044	-0.0082876345
197.76	3.0585678e-05	-5.8475996	-0.0083335712
198.4	3.0210649e-05	-5.8475616	-0.0082887469
199.04	3.0537901e-05	-5.8476037	-0.0082333611
199.68	3.0089756e-05	-5.8475988	-0.0083097771
200.32	2.988256e-05	-5.8475433	-0.0082469704
200.96	2.9655147e-05	-5.8475994	-0.0084553986
201.6	2.9644558e-05	-5.8475857	-0.0083958005
202.24	2.9322878e-05	-5.8476087	-0.0083135982
202.88	2.988537e-05	-5.8475579	-0.0082639146
203.52	3.0006609e-05	-5.8476134	-0.0084126965
204.16	3.0055999e-05	-5.8475804	-0.008258775
204.8	3.0194914e-05	-5.8475849	-0.0083693926
205.44	3.0296516e-05	-5.8476082	-0.0083566302
206.08	3.0288863e-05	-5.8475665	-0.0083022756
206.72	2.9519137e-05	-5.8476034	-0.0083639299
207.36	3.0306398e-05	-5.8475721	-0.0083696645
208	2.974747e-05	-5.8475858	-0.0083953724
208.64	2.9800235e-05	-5.8476138	-0.0083711641
209.28	2.9506675e-05	-5.847604	-0.0082921333
209.92	3.0206709e-05	-5.8475949	-0.0082625273
210.56	3.0294463e-05	-5.8475295	-0.0085881192
211.2	3.0897106e-05	-5.8475856	-0.0082683504
211.84	2.9793605e-05	-5.8476078	-0.008391572
212.48	3.0207806e-05	-5.8475433	-0.0082863943
213.12	2.9775945e-05	-5.8475526	-0.0083688737
213.76	2.961865e-05	-5.8475946	-0.0083182619
214.4	2.9298963e-05	-5.8475713	-0.0082174835
215.04	2.9313534e-05	-5.8475342	-0.0082803943
215.68	2.9740967e-05	-5.8475623	-0.0082020646
216.32	2.9658381e-05	-5.8475665	-0.0083020285
216.96	3.0303637e-05	-5.8475993	-0.0082723551
217.6	3.0027498e-05	-5.8475802	-0.0083510406
218.24	3.0109216e-05	-5.8476081	-0.0083514798
218.88	3.0335735e-05	-5.847562	-0.008389979
219.52	2.9860825e-05	-5.8475945	-0.0084798114
220.16	3.0162118e-05	-5.8475719	-0.0084586094
220.8	2.9641075e-05	-5.8476275	-0.0083337513
221.44	2.9717891e-05	-5.8476368	-0.0084708558
222.08	2.9882299e-05	-5.8475205	-0.0083232516
222.72	3.0222757e-05	-5.8476554	-0.0083654756
223.36	2.9970058e-05	-5.8475385	-0.0082873007
224	3.0214411e-05	-5.8476176	-0.0083682246
224.64	3.0732085e-05	-5.8476134	-0.0082976592
225.28	2.9785485e-05	-5.8475383	-0.0083218281
225.92	2.9645672e-05	-5.847599	-0.0082395437
226.56	2.9827384e-05	-5.8475623	-0.0083873971
227.2	2.9329925e-05	-5.8475388	-0.0082104688
227.84	2.9874147e-05	-5.8475766	-0.0083535373
228.48	2.9651341e-05	-5.8475575	-0.0084122163
229.12	3.0002534e-05	-5.8476133	-0.0082823188
229.76	2.9741057e-05	-5.8475568	-0.0083542711
230.4	2.9923488e-05	-5.8475893	-0.0082755123
231.04	2.9925798e-05	-5.84758	-0.0083173865
231.68	3.0355965e-05	-5.8475249	-0.0083196535
232.32	2.9898866e-05	-5.8475993	-0.0083098044
232.96	2.9474234e-05	-5.8475527	-0.008302596
233.6	2.9727053e-05	-5.8475718	-0.0084384622
234.24	2.9516134e-05	-5.8476135	-0.0083349041
234.88	2.9979063e-05	-5.8475625	-0.0083383034
235.52	3.0088118e-05	-5.8476226	-0.0083385077
236.16	3.0293851e-05	-5.8476224	-0.0083019976
236.8	3.0520134e-05	-5.8475805	-0.0082943519
237.44	3.0295661e-05	-5.8475757	-0.008453763
238.08	3.0710333e-05	-5.8476322	-0.0084294282
238.72	2.9596301e-05	-5.8476083	-0.0083103259
239.36	2.9255469e-05	-5.8476316	-0.0084088074
240	2.9868122e-05	-5.8475674	-0.0082383601
240.64	2.9696714e-05	-5.847623	-0.0083352134
241.28	3.0060821e-05	-5.8475951	-0.0083519783
241.92	3.0109228e-05	-5.8475668	-0.0083681692
242.56	2.9889103e-05	-5.8475987	-0.0083861269
243.2	3.0278e-05	-5.8476174	-0.0082831168
243.84	2.9827056e-05	-5.8475892	-0.0081985202
244.48	3.0081124e-05	-5.8475386	-0.0082301492
245.12	2.9779467e-05	-5.8475574	-0.0082459229
245.76	2.9406638e-05	-5.8475761	-0.0082581974
246.4	2.9441037e-05	-5.8476414	-0.0081964247
247.04	2.9434711e-05	-5.8475668	-0.0083140251
247.68	2.9780259e-05	-5.847604	-0.0082605456
248.32	2.9531567e-05	-5.8476358	-0.0082901429
248.96	3.0398788e-05	-5.8476037	-0.0082792606
249.6	3.0702886e-05	-5.847562	-0.0082493788
250.24	3.00122e-05	-5.8475429	-0.0083146004
250.88	3.0159286e-05	-5.8475854	-0.008365179
251.52	2.9025723e-05	-5.8476127	-0.0084786544
252.16	2.9424468e-05	-5.8475855	-0.0083324286
252.8	2.9625469e-05	-5.8476276	-0.0084138854
253.44	2.96673e-05	-5.8476227	-0.0083541334
254.08	2.9796794e-05	-5.8476364	-0.0083057922
254.72	3.0420587e-05	-5.8476133	-0.0083482754
255.36	2.9893617e-05	-5.8476218	-0.008310026
256	3.0497128e-05	-5.84752	-0.0084190691
256.64	2.9864863e-05	-5.8475802	-0.008386573
257.28	2.9918932e-05	-5.8476597	-0.0083364324
257.92	3.0037097e-05	-5.8476091	-0.008240186
258.56	2.9863288e-05	-5.8476185	-0.0083979984
259.2	3.0015283e-05	-5.8475628	-0.008392454
259.84	2.9609328e-05	-5.8475715	-0.0082510858
260.48	3.0051686e-05	-5.8475668	-0.008230688
261.12	2.9844441e-05	-5.847608	-0.0082631291
261.76	3.0329527e-05	-5.8476082	-0.0082131581
262.4	3.0292728e-05	-5.8476175	-0.0083987678
263.04	3.0181155e-05	-5.8475991	-0.008268608
263.68	2.9705286e-05	-5.8475712	-0.008175559
264.32	2.9253204e-05	-5.8475526	-0.0083250458
264.96	2.9705751e-05	-5.8476138	-0.0081881527
265.6	2.9512371e-05	-5.8475996	-0.0082382888
266.24	2.9761083e-05	-5.8476181	-0.0083359632
266.88	2.9791198e-05	-5.8475897	-0.0083087331
267.52	3.0675164e-05	-5.8475902	-0.0084078935
268.16	2.9751974e-05	-5.8476216	-0.0083150592
268.8	3.0133667e-05	-5.8476871	-0.0083353828
269.44	3.0029578e-05	-5.8475572	-0.0083358364
270.08	3.0520969e-05	-5.8476326	-0.008412947
270.72	2.9790478e-05	-5.8476461	-0.0083724565
271.36	2.9751438e-05	-5.8476323	-0.0083503271
272	2.9183157e-05	-5.8476084	-0.0083778215
272.64	2.9598169e-05	-5.8475806	-0.0082775638
273.28	3.0250415e-05	-5.8475715	-0.0083324048
273.92	3.0266945e-05	-5.8475665	-0.008346773
274.56	3.0559135e-05	-5.8475899	-0.0082566262
275.2	2.9878162e-05	-5.8475987	-0.0083413893
275.84	3.0214262e-05	-5.8475808	-0.0082597303
276.48	2.9940896e-05	-5.8475483	-0.0082854452
277.12	2.9686582e-05	-5.847553	-0.0082938596
277.76	2.9480309e-05	-5.8475529	-0.0081812728
278.4	2.9692246e-05	-5.847646	-0.0082708598
279.04	2.9916136e-05	-5.8475761	-0.0083089996
279.68	3.0158916e-05	-5.8476132	-0.008286606
280.32	3.1018151e-05	-5.8476557	-0.0083838517
280.96	3.0049629e-05	-5.8475755	-0.0082775017
281.6	3.0574734e-05	-5.8475855	-0.0082760283
282.24	2.9877968e-05	-5.8475339	-0.0082929743
282.88	2.9864549e-05	-5.8475715	-0.0083927372
283.52	2.9623583e-05	-5.8475577	-0.00824808
284.16	2.9804102e-05	-5.8475905	-0.0084272269
284.8	2.9824949e-05	-5.8476182	-0.0082821756
285.44	2.9713085e-05	-5.8475666	-0.0085085997
286.08	3.0140315e-05	-5.8475992	-0.0083031176
286.72	2.9810256e-05	-5.8476032	-0.0083354443
287.36	3.051711e-05	-5.8475899	-0.0084080735
288	3.0530877e-05	-5.8476133	-0.0084646232
288.64	2.9590835e-05	-5.8475523	-0.0082998229
289.28	2.9807555e-05	-5.8475715	-0.0083298936
289.92	2.9630744e-05	-5.8476135	-0.0083703613
290.56	2.9202025e-05	-5.8475992	-0.0082677141
291.2	2.9539296e-05	-5.8475389	-0.0083138358
291.84	3.0067363e-05	-5.847567	-0.0083653142
292.48	3.0251891e-05	-5.8475947	-0.0082644822
293.12	3.021821e-05	-5.8475897	-0.0082961439
293.76	3.0175566e-05	-5.8476314	-0.0083890639
294.4	3.0445817e-05	-5.8475667	-0.0082191391
295.04	3.00628e-05	-5.8475993	-0.0082210934
295.68	2.9438993e-05	-5.8475293	-0.0082438634
296.32	2.9999865e-05	-5.8475347	-0.0083328722
296.96	2.9860174e-05	-5.8476044	-0.0082644817
297.6	2.9988798e-05	-5.8475951	-0.0083947323
298.24	2.9728072e-05	-5.8475806	-0.0082332989
298.88	3.0484667e-05	-5.8475437	-0.0082294407
299.52	2.9666506e-05	-5.8475427	-0.0082772167
300.16	2.9862449e-05	-5.8476079	-0.0084674675
300.8	3.0333569e-05	-5.8476458	-0.008279227
301.44	3.0062464e-05	-5.8476365	-0.0083299332
302.08	2.9603212e-05	-5.8475713	-0.0083759352
302.72	2.9699936e-05	-5.8475623	-0.0083605083
303.36	2.978299e-05	-5.8475996	-0.0084769472
304	2.9572957e-05	-5.8475946	-0.0082792377
304.64	2.9984589e-05	-5.8475249	-0.0083871822
305.28	3.0441058e-05	-5.8476366	-0.0083916144
305.92	3.0179849e-05	-5.8476641	-0.0083017344
306.56	3.0012828e-05	-5.8475802	-0.0083089297
307.2	3.0226038e-05	-5.8476318	-0.0083688155
307.84	2.9691943e-05	-5.8474967	-0.0083398927
308.48	3.0295284e-05	-5.8475907	-0.0083288553
309.12	2.9443603e-05	-5.8475668	-0.0082280109
309.76	3.015134e-05	-5.8475954	-0.0083743148
310.4	3.0340981e-05	-5.8475999	-0.0083395961
311.04	3.0435816e-05	-5.8475857	-0.0082705078
311.68	3.0235546e-05	-5.847627	-0.0082933552
312.32	3.0324514e-05	-5.8475665	-0.0082418515
312.96	3.0471308e-05	-5.8475992	-0.0082982217
313.6	3.0037422e-05	-5.8475898	-0.0082717459
314.24	3.0235154e-05	-5.8475346	-0.0083617841
314.88	3.0221768e-05	-5.8475908	-0.00830723
315.52	2.9542529e-05	-5.8475856	-0.0082969363
316.16	2.9783937e-05	-5.8475764	-0.0083175975
316.8	2.9604841e-05	-5.8475991	-0.0083437471
317.44	2.9935092e-05	-5.8475944	-0.0082913035
318.08	3.0535728e-05	-5.8476132	-0.0084318103
318.72	3.0419538e-05	-5.8476549	-0.0083498049
319.36	3.0530081e-05	-5.8476086	-0.0083472232
320	2.9799789e-05	-5.8476036	-0.0084130489
320.64	2.9908422e-05	-5.8475158	-0.0083666248
321.28	3.0113255e-05	-5.8475441	-0.0083006189
321.92	2.9621642e-05	-5.8475484	-0.0083845383
322.56	2.9510119e-05	-5.8475713	-0.0082783543
323.2	3.0039182e-05	-5.8475901	-0.0083372469
323.84	3.0211138e-05	-5.84759	-0.0082112035
324.48	3.0037931e-05	-5.8476408	-0.0082854493
325.12	3.004098e-05	-5.8475105	-0.0082822407
325.76	3.0131031e-05	-5.8475665	-0.0082183012
326.4	2.9706449e-05	-5.8475618	-0.0082025301
327.04	2.9782824e-05	-5.8476319	-0.0081877398
327.68	2.9522476e-05	-5.8475482	-0.0082941927
328.32	2.9801102e-05	-5.847595	-0.0083526032
328.96	2.9759836e-05	-5.8475761	-0.0083551097
329.6	3.0085346e-05	-5.8476134	-0.0081876258
330.24	3.0109802e-05	-5.8476224	-0.008365726
330.88	3.001142e-05	-5.8475477	-0.0084297819
331.52	3.0828944e-05	-5.8476462	-0.0083421741
332.16	2.9807765e-05	-5.8476407	-0.0083352038
332.8	3.0277267e-05	-5.8475996	-0.0083564749
333.44	3.0275973e-05	-5.8476465	-0.0083861747
334.08	2.9318831e-05	-5.8476597	-0.0082135191
334.72	2.9653722e-05	-5.8475669	-0.0083418906
335.36	2.9307692e-05	-5.8475151	-0.0082899752
336	2.9712251e-05	-5.8475431	-0.0083361484
336.64	3.0700371e-05	-5.8476321	-0.0084473367
337.28	3.0593617e-05	-5.8475621	-0.008289816
337.92	3.0409215e-05	-5.8476319	-0.0083102312
338.56	3.0167815e-05	-5.8475761	-0.0083394118
339.2	2.9689857e-05	-5.8475899	-0.0084503655
339.84	2.9649757e-05	-5.847553	-0.008267895
340.48	2.9585718e-05	-5.8476042	-0.0083054249
341.12	2.9867002e-05	-5.8475392	-0.0083140382
341.76	3.0106953e-05	-5.8475763	-0.0083299879
342.4	3.0219423e-05	-5.8476179	-0.0082742562
343.04	3.0322489e-05	-5.8476782	-0.0083057683
343.68	3.0913944e-05	-5.8475299	-0.0082006575
344.32	3.0118875e-05	-5.8475479	-0.0083185582
344.96	3.002142e-05	-5.8475853	-0.0083326771
345.6	2.9885595e-05	-5.8475297	-0.0082643929
346.24	2.9948124e-05	-5.8475718	-0.0083760068
346.88	2.9656494e-05	-5.8475855	-0.0082243322
347.52	2.9239324e-05	-5.8475943	-0.0083034887
348.16	3.0224978e-05	-5.8475903	-0.0083922379
348.8	2.9724593e-05	-5.847543	-0.0082456726
349.44	3.0067424e-05	-5.8475803	-0.008323385
350.08	3.0427416e-05	-5.8476225	-0.0083640651
350.72	3.03479e-05	-5.8475714	-0.0083433158
351.36	2.984363e-05	-5.8475665	-0.008230436
352	3.0412084e-05	-5.8475581	-0.0083474406
352.64	2.9743269e-05	-5.8476274	-0.0082206607
353.28	2.9813332e-05	-5.8475624	-0.0083359894
353.92	2.9977066e-05	-5.8475857	-0.0083548655
354.56	2.9891227e-05	-5.8475946	-0.0082828937
355.2	2.981856e-05	-5.8475989	-0.0083468609
355.84	3.0175665e-05	-5.8476037	-0.0082652109
356.48	2.9773502e-05	-5.8475893	-0.0084201743
357.12	3.0107753e-05	-5.8475294	-0.0081213937
357.76	3.0090344e-05	-5.847632	-0.0084436907
358.4	2.9802623e-05	-5.8475948	-0.0082868522
359.04	2.9155161e-05	-5.8475385	-0.0084288307
359.68	2.924519e-05	-5.847613	-0.0082148112
360.32	2.9826129e-05	-5.8476041	-0.0083102882
360.96	2.9686516e-05	-5.8475897	-0.0083708543
361.6	3.0446389e-05	-5.8475809	-0.0083409744
362.24	3.0539237e-05	-5.8476087	-0.0083830603
362.88	3.0054182e-05	-5.8475803	-0.0082858724
363.52	3.0106723e-05	-5.8475341	-0.0082750615
364.16	2.9861395e-05	-5.8475341	-0.0082929572
364.8	2.9642396e-05	-5.8476598	-0.0084272121
365.44	2.9525912e-05	-5.8475668	-0.0082940983
366.08	3.0171204e-05	-5.8475022	-0.0082403373
366.72	2.9791925e-05	-5.8475946	-0.0083387495
367.36	2.9753039e-05	-5.8476362	-0.0083316447
368	2.9595943e-05	-5.8476078	-0.0083715836
368.64	3.0403859e-05	-5.8475666	-0.0084281758
369.28	3.0077685e-05	-5.8475478	-0.0081685055
369.92	3.0552527e-05	-5.847609	-0.0082953947
370.56	2.9587982e-05	-5.847627	-0.0084192485
371.2	3.0117717e-05	-5.8476045	-0.0083182913
371.84	3.0090572e-05	-5.8476093	-0.0083325196
372.48	3.0269044e-05	-5.8475907	-0.0083957338
373.12	2.9801033e-05	-5.8476086	-0.0083569246
373.76	3.0104704e-05	-5.8476318	-0.0083491138
374.4	3.0170665e-05	-5.8475619	-0.0082443024
375.04	3.0177688e-05	-5.8475478	-0.0082712353
375.68	3.0124736e-05	-5.847585	-0.0084612093
376.32	3.0024884e-05	-5.847562	-0.0083008535
376.96	2.9735932e-05	-5.8476039	-0.0083971154
377.6	2.9680181e-05	-5.8475623	-0.0082334483
378.24	2.9463877e-05	-5.8475203	-0.0082995871
378.88	2.9370779e-05	-5.8476828	-0.0083290278
379.52	3.0405564e-05	-5.8475626	-0.008393864
380.16	2.9982023e-05	-5.8475665	-0.0083045187
380.8	2.9975156e-05	-5.847636	-0.0082850472
381.44	3.0454764e-05	-5.8475899	-0.0083316732
382.08	3.0194027e-05	-5.8475805	-0.0084395949
382.72	2.9845916e-05	-5.8476317	-0.0082704166
383.36	3.0160217e-05	-5.8476091	-0.0084926083
384	2.9187863e-05	-5.8475897	-0.0083049298
384.64	2.9937862e-05	-5.8475439	-0.0082952212
385.28	2.983425e-05	-5.8475623	-0.0082471744
385.92	3.0229106e-05	-5.8475624	-0.0083839243
386.56	3.0386091e-05	-5.8476227	-0.0084188331
387.2	3.006841e-05	-5.8476454	-0.0083536011
387.84	2.9910632e-05	-5.8475987	-0.0083794223
388.48	2.9894597e-05	-5.8475663	-0.0082520104
389.12	3.004818e-05	-5.8475529	-0.0083718176
389.76	2.9288292e-05	-5.847599	-0.008299154
390.4	2.9733346e-05	-5.8476414	-0.0083084287
391.04	2.9405147e-05	-5.8475388	-0.0082379965
391.68	2.9608873e-05	-5.847562	-0.008210919
392.32	2.9679171e-05	-5.8475338	-0.0082752983
392.96	3.0000931e-05	-5.8476362	-0.0082694989
393.6	2.9906547e-05	-5.8476685	-0.0083272968
394.24	3.0362515e-05	-5.8475527	-0.0083365688
394.88	2.9935762e-05	-5.8475572	-0.0082836019
395.52	3.0129735e-05	-5.8476228	-0.0082849083
396.16	3.0317288e-05	-5.8476558	-0.0084107794
396.8	3.0200633e-05	-5.8475675	-0.0083038913
397.44	2.9618039e-05	-5.8476087	-0.0083650777
398.08	2.9659182e-05	-5.8475573	-0.0083266003
398.72	3.028892e-05	-5.847632	-0.0082995154
399.36	2.9775946e-05	-5.8475615	-0.0083388779
400	3.0222739e-05	-5.8475897	-0.0083959954
400.64	3.0200519e-05	-5.8476456	-0.0084868135
401.28	3.0250752e-05	-5.8475901	-0.0083154356
401.92	2.9640065e-05	-5.8475294	-0.008364612
402.56	2.9766979e-05	-5.8476367	-0.008328578
403.2	2.9906636e-05	-5.8476184	-0.0082318708
403.84	2.9636989e-05	-5.8475482	-0.0082391211
404.48	2.9617771e-05	-5.8475572	-0.008263404
405.12	3.04782e-05	-5.8476043	-0.0083261099
405.76	3.0089093e-05	-5.847571	-0.0083372311
406.4	3.0256249e-05	-5.8475571	-0.0082947124
407.04	2.9876011e-05	-5.8475895	-0.0083288511
407.68	2.9526768e-05	-5.8475383	-0.0082495108
408.32	2.9620047e-05	-5.8475806	-0.0082238697
408.96	2.9849426e-05	-5.8476973	-0.008380914
409.6	2.9405088e-05	-5.8475528	-0.0083308042
410.24	3.0290398e-05	-5.8476326	-0.00843921
410.88	2.9750886e-05	-5.8475713	-0.0082157452
411.52	2.9848189e-05	-5.8475617	-0.008369214
412.16	3.0442069e-05	-5.8476225	-0.0083401827
412.8	3.0702335e-05	-5.8475855	-0.008445891
413.44	3.0406811e-05	-5.8476226	-0.0083463373
414.08	3.0157929e-05	-5.8475575	-0.0082545774
414.72	2.9877554e-05	-5.8475901	-0.0083779958
415.36	2.9666799e-05	-5.8475576	-0.0082857273
416	3.0000409e-05	-5.8476277	-0.0083983478
416.64	3.0071485e-05	-5.8476277	-0.0084307971
417.28	2.9789939e-05	-5.8476178	-0.0083213607
417.92	3.0241711e-05	-5.8475947	-0.0083355078
418.56	2.9969206e-05	-5.8475989	-0.0084374797
419.2	3.0653921e-05	-5.8475297	-0.0083206376
419.84	2.9361732e-05	-5.8476356	-0.0083859237
420.48	2.9324501e-05	-5.8475893	-0.0083003537
421.12	2.9417544e-05	-5.8475804	-0.0081497412
421.76	2.9527922e-05	-5.8475993	-0.0082932774
422.4	2.9685599e-05	-5.8476274	-0.0083288922
423.04	2.987109e-05	-5.8475576	-0.0083478389
423.68	3.0371817e-05	-5.8476415	-0.0084054408
424.32	2.9999682e-05	-5.8476316	-0.0082651122
424.96	3.0021028e-05	-5.8475942	-0.0082963388
425.6	3.0134635e-05	-5.8476083	-0.0082844598
426.24	3.0081057e-05	-5.8475294	-0.0083271215
426.88	2.9831667e-05	-5.8475666	-0.0083843992
427.52	2.9358351e-05	-5.8475943	-0.008313392
428.16	2.9776194e-05	-5.8476182	-0.0082775497
428.8	3.030356e-05	-5.8475629	-0.0082843056
429.44	2.9784461e-05	-5.8475668	-0.0083794652
430.08	2.9687659e-05	-5.8475897	-0.0082705539
430.72	3.0317201e-05	-5.8476133	-0.0083983329
431.36	3.0487927e-05	-5.8476691	-0.0082718478
432	3.0096158e-05	-5.8475896	-0.0082801975
432.64	3.0127831e-05	-5.8476317	-0.0083360423
433.28	2.9735416e-05	-5.8475619	-0.0083156191
433.92	2.9737743e-05	-5.8476134	-0.0083314435
434.56	2.9616475e-05	-5.8475204	-0.0082011367
435.2	2.9564957e-05	-5.8475389	-0.0083675613
435.84	3.0235083e-05	-5.8475952	-0.0082697411
436.48	2.9720746e-05	-5.8475664	-0.0083370027
437.12	3.0185731e-05	-5.8475899	-0.0082109905
437.76	2.9688022e-05	-5.8475241	-0.0083550118
438.4	3.0418927e-05	-5.8475574	-0.0082806432
439.04	3.0587085e-05	-5.847581	-0.0083126469
439.68	2.999154e-05	-5.8475715	-0.0083253754
440.32	2.9784407e-05	-5.8475948	-0.0083067646
440.96	2.9837328e-05	-5.8476229	-0.0082546575
441.6	2.9886126e-05	-5.847609	-0.0083436983
442.24	2.9940993e-05	-5.8475902	-0.0084163023
442.88	3.0199584e-05	-5.8475809	-0.0083168325
443.52	3.0037727e-05	-5.8476362	-0.0084001763
444.16	3.0331801e-05	-5.8476038	-0.0084533468
444.8	3.0712303e-05	-5.8475577	-0.0083581864
445.44	2.9907519e-05	-5.8475432	-0.0082885079
446.08	3.0145478e-05	-5.8476135	-0.0084443867
446.72	2.9725787e-05	-5.8475529	-0.0084129655
447.36	2.9864505e-05	-5.8476183	-0.0083121588
448	3.0625204e-05	-5.8475864	-0.0083567432
448.64	2.9608039e-05	-5.8475479	-0.0084048541
449.28	2.9776782e-05	-5.8475664	-0.0082840236
449.92	3.0077907e-05	-5.8475943	-0.0081859982
450.56	2.925425e-05	-5.8475934	-0.008579112
451.2	3.0210182e-05	-5.8475852	-0.0082412933
451.84	3.040042e-05	-5.8476415	-0.0082619516
452.48	3.0012971e-05	-5.8475763	-0.008310098
453.12	3.0203942e-05	-5.8475534	-0.0082413751
453.76	2.945738e-05	-5.8475807	-0.0082855972
454.4	3.0050129e-05	-5.8475532	-0.0082053402
455.04	3.0074884e-05	-5.8475902	-0.0081191613
455.68	2.9996037e-05	-5.8476037	-0.0083582579
456.32	3.0432009e-05	-5.8475621	-0.0082992333
456.96	3.0401345e-05	-5.8475527	-0.0082080613
457.6	2.957636e-05	-5.8475753	-0.0082399112
458.24	3.0248804e-05	-5.8476088	-0.0083196947
458.88	2.9473087e-05	-5.8475991	-0.0083824989
459.52	2.9715297e-05	-5.8475856	-0.0083163818
460.16	2.9795683e-05	-5.8475484	-0.0083938513
460.8	2.9489284e-05	-5.8475666	-0.0084035693
461.44	2.9858134e-05	-5.8475806	-0.0083344362
462.08	3.0208798e-05	-5.8476085	-0.0082427126
462.72	2.9753761e-05	-5.8475799	-0.00833385
463.36	3.0348787e-05	-5.8475712	-0.0082836945
464	3.0129396e-05	-5.8475526	-0.0083199352
464.64	3.0151882e-05	-5.8476507	-0.0083156744
465.28	2.9527722e-05	-5.8475946	-0.0084055347
465.92	2.9804312e-05	-5.8475765	-0.0082255511
466.56	2.9739251e-05	-5.8475903	-0.0084182213
467.2	2.9606396e-05	-5.8476085	-0.0082818668
467.84	2.9559393e-05	-5.8476081	-0.0082651775
468.48	3.0277346e-05	-5.8476224	-0.0082802855
469.12	3.0469041e-05	-5.8476225	-0.0084159883
469.76	3.0480434e-05	-5.8475388	-0.0082657186
470.4	2.9968998e-05	-5.8475619	-0.0082554561
471.04	2.9741315e-05	-5.8475387	-0.0082612274
471.68	2.9673602e-05	-5.8475808	-0.0081752558
472.32	3.0065514e-05	-5.8476603	-0.0082190705
472.96	2.9493598e-05	-5.847576	-0.0083447369
473.6	2.9521261e-05	-5.8475432	-0.0084065047
474.24	2.9992654e-05	-5.8476038	-0.008278026
474.88	3.0297658e-05	-5.8476132	-0.0084415277
475.52	3.0332562e-05	-5.8476038	-0.0083338827
476.16	3.021747e-05	-5.8475899	-0.0083975011
476.8	2.9788843e-05	-5.8476315	-0.008373484
477.44	2.9861353e-05	-5.8475435	-0.0082349058
478.08	2.9989274e-05	-5.8475718	-0.0083404209
478.72	2.9833965e-05	-5.8476229	-0.0083898587
479.36	2.9411064e-05	-5.8476177	-0.0083627365
480	3.0157914e-05	-5.8475856	-0.0083549724
480.64	3.0352608e-05	-5.8475948	-0.0081570424
481.28	3.0406538e-05	-5.8476459	-0.0083685659
481.92	3.0532519e-05	-5.8475669	-0.0084501694
482.56	3.0463763e-05	-5.8475948	-0.0083829042
483.2	3.0133203e-05	-5.8475855	-0.0083135422
483.84	2.9869764e-05	-5.8475669	-0.0082755771
484.48	2.9618621e-05	-5.8475575	-0.0083500832
485.12	3.007816e-05	-5.8475859	-0.0083680349
485.76	2.9627007e-05	-5.8476318	-0.0082623536
486.4	3.0355017e-05	-5.8475857	-0.0083146592
487.04	3.0300949e-05	-5.8475994	-0.0083238337
487.68	3.0247832e-05	-5.8475759	-0.0082869464
488.32	3.0047998e-05	-5.847585	-0.0082169413
488.96	2.9508066e-05	-5.8475382	-0.0082063919
489.6	3.0207368e-05	-5.8475903	-0.0082809158
490.24	2.9927243e-05	-5.847646	-0.0082652664
490.88	2.9879608e-05	-5.8475438	-0.0083196251
491.52	2.9835178e-05	-5.8475763	-0.0084460783
492.16	2.9666322e-05	-5.8476272	-0.008228151
492.8	2.9843331e-05	-5.8475713	-0.0083968791
493.44	2.9330634e-05	-5.8475984	-0.0083824176
494.08	3.0140491e-05	-5.8476409	-0.0083791326
494.72	3.0017407e-05	-5.847585	-0.0082888131
495.36	3.013565e-05	-5.8476178	-0.0083676531
496	2.9974173e-05	-5.8475388	-0.0084787765
496.64	3.0046557e-05	-5.8476182	-0.0083053011
497.28	3.0019662e-05	-5.8475625	-0.008418594
497.92	3.030614e-05	-5.8475675	-0.0082903642
498.56	2.9788291e-05	-5.847604	-0.0082498684
499.2	2.9695741e-05	-5.8475526	-0.0082910831
499.84	3.00828e-05	-5.8475946	-0.008308823
