0	5.1436293e-05	-5.8438735	0.0044093977
0.64	5.0952457e-05	-5.8439611	0.0042837948
1.28	5.2587849e-05	-5.8438921	0.0043206327
1.92	5.2049582e-05	-5.8438254	0.0044066808
2.56	5.3266321e-05	-5.8438955	0.0043541567
3.2	5.3769631e-05	-5.8438445	0.0043092688
3.84	5.3577943e-05	-5.8439051	0.0044026674
4.48	5.2987792e-05	-5.8439612	0.0042787235
5.12	5.0903037e-05	-5.84383	0.0044351734
5.76	5.1061396e-05	-5.8438774	0.0043379494
6.4	5.1851851e-05	-5.8438925	0.0045597484
7.04	5.2349427e-05	-5.8438973	0.0044529181
7.68	5.2270497e-05	-5.8439661	0.0043256259
8.32	5.2158201e-05	-5.8438998	0.0042257695
8.96	5.4262805e-05	-5.8438918	0.0043048591
9.6	5.3184964e-05	-5.8438905	0.004418416
10.24	5.3177683e-05	-5.8438444	0.0043675921
10.88	5.279184e-05	-5.843924	0.0044329048
11.52	5.2449952e-05	-5.8438921	0.0044272824
12.16	5.2140423e-05	-5.8438972	0.004429101
12.8	5.2180664e-05	-5.8438648	0.0043309683
13.44	5.1833313e-05	-5.8439245	0.0044133016
14.08	5.2157853e-05	-5.8438821	0.0044674575
14.72	5.2801931e-05	-5.8438631	0.0044783263
15.36	5.2479531e-05	-5.843876	0.004304172
16	5.2905962e-05	-5.8438251	0.0042928508
16.64	5.3805803e-05	-5.8438684	0.0043683316
17.28	5.2218927e-05	-5.8439561	0.0043181709
17.92	5.1914375e-05	-5.8438591	0.0045219483
18.56	5.1950101e-05	-5.8438877	0.004417418
19.2	5.1413537e-05	-5.8438734	0.0046411293
19.84	5.1355991e-05	-5.8439007	0.0043399605
20.48	5.2749132e-05	-5.8438686	0.0043661499
21.12	5.3002044e-05	-5.843905	0.0044405716
21.76	5.3237297e-05	-5.8438348	0.0045238764
22.4	5.3152832e-05	-5.8439277	0.0044028264
23.04	5.2248575e-05	-5.8438902	0.0043572254
23.68	5.2541024e-05	-5.8439426	0.0043679021
24.32	5.2302705e-05	-5.8438922	0.0043208059
24.96	5.1513967e-05	-5.8438595	0.0043252208
25.6	5.185153e-05	-5.8439343	0.0043858553
26.24	5.2427766e-05	-5.8438226	0.0043341543
26.88	5.2630363e-05	-5.8438915	0.0044938182
27.52	5.1996846e-05	-5.8438945	0.0043677035
28.16	5.3354834e-05	-5.8439046	0.0043938207
28.8	5.3342872e-05	-5.8439372	0.0044522179
29.44	5.2903289e-05	-5.843891	0.0043164076
30.08	5.1626897e-05	-5.8438349	0.0042223448
30.72	5.1703441e-05	-5.8438359	0.0044208603
31.36	5.1639076e-05	-5.8439108	0.0044110348
32	5.2422957e-05	-5.8439441	0.0042291015
32.64	5.1923821e-05	-5.8439057	0.0045467058
33.28	5.220888e-05	-5.8439003	0.0043151683
33.92	5.3452576e-05	-5.8439191	0.0043642074
34.56	5.1953889e-05	-5.8438614	0.0044453551
35.2	5.3913729e-05	-5.8438542	0.0042530573
35.84	5.2626302e-05	-5.8438536	0.0044348121
36.48	5.1705045e-05	-5.8438584	0.0045267175
37.12	5.1956494e-05	-5.843934	0.0043094039
37.76	5.2662624e-05	-5.8439118	0.0042613775
38.4	5.1409307e-05	-5.8439197	0.0043808235
39.04	5.2507493e-05	-5.8439061	0.0044339044
39.68	5.2475521e-05	-5.8439329	0.0043508545
40.32	5.1968971e-05	-5.8438479	0.0044454811
40.96	5.322379e-05	-5.843844	0.0045476436
41.6	5.2885146e-05	-5.843909	0.0043056144
42.24	5.2650355e-05	-5.843905	0.0045656516
42.88	5.20044e-05	-5.8439147	0.004429038
43.52	5.216017e-05	-5.8439622	0.0044441934
44.16	5.1437139e-05	-5.8438873	0.0043392748
44.8	5.1655572e-05	-5.8439152	0.0043720401
45.44	5.2039445e-05	-5.8439148	0.004347844
46.08	5.2554408e-05	-5.8438771	0.004388197
46.72	5.2877788e-05	-5.8438766	0.0045290933
47.36	5.3396024e-05	-5.8438582	0.0045204546
48	5.3601809e-05	-5.843868	0.0045711182
48.64	5.2508298e-05	-5.8438259	0.0044379572
49.28	5.187034e-05	-5.8438217	0.0043134734
49.92	5.1569821e-05	-5.843864	0.0044762259
50.56	5.1973122e-05	-5.8438599	0.0044302912
51.2	5.1416872e-05	-5.8439055	0.0044984351
51.84	5.2775323e-05	-5.8438688	0.0044173868
52.48	5.2726841e-05	-5.843877	0.0043449271
53.12	5.4221451e-05	-5.8438173	0.0044232793
53.76	5.2776433e-05	-5.8439506	0.0042728729
54.4	5.2892572e-05	-5.8438442	0.0043140674
55.04	5.1449625e-05	-5.8438437	0.0043777459
55.68	5.1691212e-05	-5.843817	0.0045147901
56.32	5.1114531e-05	-5.8438543	0.004466889
56.96	5.1508013e-05	-5.8439107	0.0042577901
57.6	5.0991499e-05	-5.8438818	0.0044003842
58.24	5.2664814e-05	-5.8438453	0.0045580508
58.88	5.3626523e-05	-5.8438917	0.0043521333
59.52	5.3517439e-05	-5.8438165	0.0044940003
60.16	5.4255264e-05	-5.8438498	0.0043349987
60.8	5.1909524e-05	-5.8438666	0.0044016171
61.44	5.209778e-05	-5.8438352	0.0044710496
62.08	5.1345364e-05	-5.8439191	0.0043933162
62.72	5.2688732e-05	-5.8438512	0.0043953716
63.36	5.105863e-05	-5.8439799	0.0043984784
64	5.2196022e-05	-5.8439014	0.004464898
64.64	5.3072854e-05	-5.8438734	0.004530086
65.28	5.2747206e-05	-5.843914	0.00441428
65.92	5.3070195e-05	-5.8438486	0.0044117598
66.56	5.2960309e-05	-5.8438671	0.0043833668
67.2	5.3571536e-05	-5.8439242	0.0043548901
67.84	5.1449966e-05	-5.8439092	0.0043813351
68.48	5.2022018e-05	-5.843813	0.0043055487
69.12	5.1616316e-05	-5.8438177	0.0043383305
69.76	5.1983002e-05	-5.8438598	0.0043772848
70.4	5.1739542e-05	-5.8438403	0.0045698488
71.04	5.2565342e-05	-5.84391	0.0044256127
71.68	5.3094417e-05	-5.8438491	0.0043656901
72.32	5.3187005e-05	-5.8439231	0.0043366016
72.96	5.3081869e-05	-5.8438767	0.0045142491
73.6	5.3041931e-05	-5.843854	0.0043825568
74.24	5.2852224e-05	-5.8439153	0.004322819
74.88	5.1837012e-05	-5.8439245	0.0042924062
75.52	5.1700641e-05	-5.8438458	0.0044278605
76.16	5.2155124e-05	-5.8438972	0.0045776896
76.8	5.1974517e-05	-5.8439148	0.0045557977
77.44	5.2112636e-05	-5.843886	0.0043123516
78.08	5.2082192e-05	-5.8438433	0.0042750175
78.72	5.4188147e-05	-5.8438683	0.0044552567
79.36	5.2359623e-05	-5.84389	0.0042407902
80	5.35584e-05	-5.843878	0.0043173003
80.64	5.1830511e-05	-5.8438679	0.0044151356
81.28	5.214743e-05	-5.843911	0.0045300861
81.92	5.1321405e-05	-5.8438826	0.0043924051
82.56	5.1287778e-05	-5.8437986	0.0044084125
83.2	5.1797561e-05	-5.843989	0.0041612904
83.84	5.2574733e-05	-5.8439189	0.0044036277
84.48	5.3600398e-05	-5.8439098	0.0043992467
85.12	5.381738e-05	-5.8439191	0.0044158731
85.76	5.2565961e-05	-5.8438949	0.0043722696
86.4	5.2819564e-05	-5.8439146	0.004331249
87.04	5.2677813e-05	-5.843855	0.0044507549
87.68	5.2802043e-05	-5.8438512	0.0044230976
88.32	5.1911575e-05	-5.8438552	0.0044143478
88.96	5.2305928e-05	-5.8438553	0.0044534314
89.6	5.1889862e-05	-5.843854	0.0043730127
90.24	5.2838311e-05	-5.8438586	0.0042797819
90.88	5.4219779e-05	-5.8439476	0.0043049542
91.52	5.2770534e-05	-5.8438157	0.0044497162
92.16	5.3483638e-05	-5.8439005	0.0043476874
92.8	5.2356125e-05	-5.8438725	0.0044546388
93.44	5.1954406e-05	-5.8438824	0.004558251
94.08	5.1921995e-05	-5.8439109	0.0044654531
94.72	5.1581492e-05	-5.8439572	0.004416208
95.36	5.2498733e-05	-5.8438787	0.0043340974
96	5.2689498e-05	-5.8438686	0.0045011546
96.64	5.2522552e-05	-5.8439372	0.0043903618
97.28	5.3176974e-05	-5.8438812	0.0045200059
97.92	5.4177649e-05	-5.8438589	0.0043403078
98.56	5.231599e-05	-5.843839	0.0043033711
99.2	5.2310706e-05	-5.8439284	0.00439742
99.84	5.1834414e-05	-5.8438731	0.0044754878
100.48	5.1743364e-05	-5.8438644	0.0043355286
101.12	5.1975229e-05	-5.8437949	0.0044188397
101.76	5.2861664e-05	-5.8439068	0.0043753782
102.4	5.3631151e-05	-5.8438461	0.0044717977
103.04	5.2471548e-05	-5.8438811	0.0044587562
103.68	5.2655165e-05	-5.8438527	0.0044479604
104.32	5.2837643e-05	-5.8439041	0.0044489037
104.96	5.3217474e-05	-5.8439051	0.0044018718
105.6	5.2444077e-05	-5.8438589	0.0043928056
106.24	5.1777931e-05	-5.8439151	0.004192697
106.88	5.104472e-05	-5.8438731	0.004480181
107.52	5.1967827e-05	-5.8438786	0.0043175712
108.16	5.2234821e-05	-5.8439014	0.0043735884
108.8	5.2603648e-05	-5.8439146	0.004397994
109.44	5.2808793e-05	-5.8438208	0.0043925351
110.08	5.3208812e-05	-5.8438532	0.0045162314
110.72	5.2581721e-05	-5.8438388	0.0042947257
111.36	5.3199557e-05	-5.8438866	0.0043840102
112	5.2198277e-05	-5.8439193	0.0044565964
112.64	5.1970014e-05	-5.8439014	0.0042383097
113.28	5.2227529e-05	-5.8438697	0.0042220993
113.92	5.1730554e-05	-5.8438877	0.0043228404
114.56	5.206617e-05	-5.8439012	0.0045427908
115.2	5.1600436e-05	-5.8439647	0.0043765741
115.84	5.2513152e-05	-5.8439041	0.0042668679
116.48	5.35236e-05	-5.8438581	0.0043413789
117.12	5.3298089e-05	-5.8438534	0.0043278959
117.76	5.2852089e-05	-5.8438864	0.0043911156
118.4	5.1026064e-05	-5.8439788	0.0042320423
119.04	5.1811443e-05	-5.8438874	0.0044586836
119.68	5.197406e-05	-5.8439206	0.00444759
120.32	5.1771714e-05	-5.843841	0.0043600267
120.96	5.1623746e-05	-5.843868	0.0043137776
121.6	5.2615568e-05	-5.8439144	0.0044220823
122.24	5.2743308e-05	-5.843881	0.0043103342
122.88	5.4000735e-05	-5.8438539	0.0044791297
123.52	5.2573495e-05	-5.8438621	0.0042261194
124.16	5.2488804e-05	-5.8439048	0.0044071299
124.8	5.2569489e-05	-5.8438641	0.0042943468
125.44	5.1364353e-05	-5.8438871	0.0042952669
126.08	5.0718113e-05	-5.8439054	0.004349464
126.72	5.1702446e-05	-5.8438456	0.0045517825
127.36	5.2268863e-05	-5.8439104	0.004409552
128	5.2898845e-05	-5.843896	0.0044232094
128.64	5.2937179e-05	-5.8438997	0.0044148676
129.28	5.3712915e-05	-5.8438769	0.0044115896
129.92	5.3255467e-05	-5.8438489	0.0043978966
130.56	5.2801054e-05	-5.8438959	0.0043463295
131.2	5.2126165e-05	-5.8439382	0.0043466574
131.84	5.2527291e-05	-5.8438325	0.0045078617
132.48	5.0901333e-05	-5.8438917	0.004450093
133.12	5.0465257e-05	-5.8439094	0.004463607
133.76	5.2337546e-05	-5.8439197	0.0044414521
134.4	5.2158897e-05	-5.8438998	0.0042874685
135.04	5.3442328e-05	-5.8439095	0.0042891367
135.68	5.3765789e-05	-5.8438583	0.0043993976
136.32	5.2833695e-05	-5.8438718	0.0043348934
136.96	5.2917249e-05	-5.8438682	0.0043422582
137.6	5.2106515e-05	-5.8439057	0.0043917748
138.24	5.1081569e-05	-5.8439288	0.0045238574
138.88	5.1418051e-05	-5.843948	0.0043377589
139.52	5.1611492e-05	-5.843943	0.0044258627
140.16	5.143451e-05	-5.8437838	0.0041973373
140.8	5.3160911e-05	-5.8438495	0.0044659879
141.44	5.3302335e-05	-5.8438813	0.0043909774
142.08	5.3915375e-05	-5.8439376	0.0043939245
142.72	5.3210145e-05	-5.843877	0.0044773087
143.36	5.2035467e-05	-5.8438768	0.0044008079
144	5.1182364e-05	-5.843877	0.0043813965
144.64	5.1287032e-05	-5.8438267	0.0044519281
145.28	4.9896509e-05	-5.8438766	0.0045638302
145.92	5.2012212e-05	-5.8438689	0.0042944748
146.56	5.3079124e-05	-5.8439108	0.0044295274
147.2	5.3176203e-05	-5.8439005	0.004312589
147.84	5.22203e-05	-5.8439546	0.0043505387
148.48	5.2762578e-05	-5.8438947	0.004355472
149.12	5.3728142e-05	-5.8438916	0.004430424
149.76	5.2265887e-05	-5.8437888	0.004453861
150.4	5.1635086e-05	-5.843873	0.0044912128
151.04	5.1448703e-05	-5.8438828	0.0043724889
151.68	5.1944452e-05	-5.8439763	0.0043413047
152.32	5.2201119e-05	-5.8438736	0.0044341067
152.96	5.2160228e-05	-5.8439004	0.0043160773
153.6	5.357253e-05	-5.8439333	0.0043794388
154.24	5.3610124e-05	-5.8438536	0.0043855553
154.88	5.4208135e-05	-5.8438404	0.0044994642
155.52	5.2803106e-05	-5.8439187	0.0042802145
156.16	5.2319948e-05	-5.8438681	0.0042776073
156.8	5.1595854e-05	-5.8438265	0.0044732389
157.44	5.2065636e-05	-5.8438695	0.0043601646
158.08	5.0778875e-05	-5.8439146	0.0045609192
158.72	5.2580672e-05	-5.8439249	0.0043278236
159.36	5.2266912e-05	-5.8439422	0.0042162554
160	5.3226056e-05	-5.8439282	0.0043801449
160.64	5.3329147e-05	-5.8438999	0.0042959282
161.28	5.3482979e-05	-5.843877	0.0044816103
161.92	5.2185413e-05	-5.8439043	0.0044025352
162.56	5.348691e-05	-5.8439439	0.0043462289
163.2	5.1580506e-05	-5.8439057	0.0042847243
163.84	5.1252912e-05	-5.843864	0.0043557192
164.48	5.1441806e-05	-5.8439244	0.0042476828
165.12	5.1667677e-05	-5.8438494	0.0041975816
165.76	5.1520022e-05	-5.8439366	0.0044065279
166.4	5.2629965e-05	-5.843867	0.0044119318
167.04	5.2996979e-05	-5.8438809	0.0043792654
167.68	5.2922352e-05	-5.8438952	0.0045047343
168.32	5.3494497e-05	-5.8438174	0.0044521859
168.96	5.2619752e-05	-5.8438641	0.0043657484
169.6	5.1921296e-05	-5.8438736	0.0045124176
170.24	5.1489048e-05	-5.8439618	0.0043760886
170.88	5.1518699e-05	-5.8437895	0.0043378559
171.52	5.1909201e-05	-5.8438541	0.0042969873
172.16	5.1994963e-05	-5.8439044	0.0043092171
172.8	5.3142082e-05	-5.8438954	0.0044893832
173.44	5.293649e-05	-5.8438809	0.0044894835
174.08	5.3669899e-05	-5.8438401	0.0043754033
174.72	5.2177409e-05	-5.8438861	0.004162734
175.36	5.1854733e-05	-5.8438403	0.0042728163
176	5.1409471e-05	-5.8438127	0.0042698087
176.64	5.2985266e-05	-5.8438935	0.0043755534
177.28	5.2000603e-05	-5.8438038	0.0045136682
177.92	5.2504741e-05	-5.8439011	0.0041855928
178.56	5.3016345e-05	-5.8439145	0.0043285365
179.2	5.3015145e-05	-5.8438998	0.0043969302
179.84	5.2772381e-05	-5.8438576	0.0043224587
180.48	5.326498e-05	-5.8438865	0.0045382932
181.12	5.2682569e-05	-5.8438728	0.0044753635
181.76	5.245887e-05	-5.8438875	0.004456647
182.4	5.118894e-05	-5.843873	0.0044841359
183.04	5.1143989e-05	-5.8438871	0.0043213333
183.68	5.2714953e-05	-5.8438322	0.0044704265
184.32	5.2441782e-05	-5.8438264	0.0044245386
184.96	5.249709e-05	-5.8438674	0.0043304172
185.6	5.285156e-05	-5.8438857	0.0043203506
186.24	5.3415777e-05	-5.8439513	0.004289465
186.88	5.2959228e-05	-5.8439002	0.0042624593
187.52	5.2475536e-05	-5.8438821	0.0043729845
188.16	5.2207663e-05	-5.8438689	0.0044094753
188.8	5.2655501e-05	-5.8438699	0.0042979333
189.44	5.209877e-05	-5.8438926	0.004314183
190.08	5.2790177e-05	-5.8438183	0.004573445
190.72	5.1854364e-05	-5.8438861	0.0043871608
191.36	5.2144541e-05	-5.8439691	0.004280444
192	5.304112e-05	-5.8438625	0.0044987636
192.64	5.3412752e-05	-5.8438816	0.004419952
193.28	5.2764895e-05	-5.8438769	0.004399472
193.92	5.2327278e-05	-5.8439333	0.004369889
194.56	5.237084e-05	-5.8439156	0.0043482311
195.2	5.1781937e-05	-5.8438458	0.0043957461
195.84	5.1372363e-05	-5.8438546	0.0044938394
196.48	5.2126584e-05	-5.8438547	0.004396711
197.12	5.3347515e-05	-5.8439107	0.0043770303
197.76	5.3004033e-05	-5.8439326	0.004298083
198.4	5.3153103e-05	-5.8438765	0.0043539218
199.04	5.3533774e-05	-5.8438538	0.0043618202
199.68	5.2182329e-05	-5.8439463	0.0042830733
200.32	5.2145584e-05	-5.8438543	0.0043810239
200.96	5.1943294e-05	-5.8439154	0.0043519411
201.6	5.218378e-05	-5.8439253	0.0043466467
202.24	5.2325581e-05	-5.8439066	0.0044227367
202.88	5.1838909e-05	-5.8438635	0.0045891232
203.52	5.2995154e-05	-5.8438915	0.0043493432
204.16	5.2547263e-05	-5.8438902	0.0044346529
204.8	5.3207164e-05	-5.8438998	0.0044086316
205.44	5.3716374e-05	-5.8439332	0.004296485
206.08	5.3119938e-05	-5.8438497	0.0042760534
206.72	5.1982146e-05	-5.8438589	0.0045186978
207.36	5.2362023e-05	-5.8438601	0.0042968627
208	5.1563332e-05	-5.8439295	0.0044234
208.64	5.1979676e-05	-5.843883	0.0044833535
209.28	5.2469432e-05	-5.8439058	0.0043507282
209.92	5.3467888e-05	-5.8439057	0.0044154456
210.56	5.2714003e-05	-5.8438065	0.0043900183
211.2	5.3813038e-05	-5.8438399	0.0043420366
211.84	5.2939836e-05	-5.8439185	0.0043058405
212.48	5.3648597e-05	-5.8438318	0.0045550744
213.12	5.2350034e-05	-5.8438874	0.0042284581
213.76	5.1847936e-05	-5.8439481	0.0043371648
214.4	5.1792925e-05	-5.8439622	0.0043325749
215.04	5.2085438e-05	-5.8437992	0.0043358002
215.68	5.3251919e-05	-5.8438692	0.0044068535
216.32	5.2546586e-05	-5.8439512	0.0043702618
216.96	5.3457236e-05	-5.8439048	0.0045262906
217.6	5.2722348e-05	-5.8438854	0.0043917913
218.24	5.3634664e-05	-5.8438729	0.0043524676
218.88	5.2157655e-05	-5.8438212	0.0045227664
219.52	5.2670598e-05	-5.8438553	0.0044174346
220.16	5.1700848e-05	-5.8438318	0.0045042912
220.8	5.1059856e-05	-5.8439382	0.0044829199
221.44	5.1666744e-05	-5.843901	0.0044669526
222.08	5.3000728e-05	-5.8438316	0.0043065742
222.72	5.3246051e-05	-5.8438866	0.0043589113
223.36	5.3145061e-05	-5.843802	0.0043509926
224	5.3792387e-05	-5.8438771	0.0043570181
224.64	5.3102379e-05	-5.8439329	0.0043560656
225.28	5.265946e-05	-5.8439149	0.0045307857
225.92	5.1435232e-05	-5.8439147	0.0044359243
226.56	5.1589742e-05	-5.8438364	0.0042923498
227.2	5.1511269e-05	-5.8438642	0.0043916165
227.84	5.2031107e-05	-5.8439757	0.0043762822
228.48	5.2828123e-05	-5.8438731	0.0044050714
229.12	5.3240076e-05	-5.8439423	0.0044323261
229.76	5.2795126e-05	-5.8438761	0.0044373773
230.4	5.3224262e-05	-5.8438719	0.0044846622
231.04	5.2912456e-05	-5.8439467	0.0044378159
231.68	5.1734452e-05	-5.8439001	0.0043622523
232.32	5.1195645e-05	-5.8439425	0.0044994199
232.96	5.1962922e-05	-5.8438694	0.0044385634
233.6	5.1803828e-05	-5.8439249	0.0045462289
234.24	5.207547e-05	-5.8438687	0.0042363211
234.88	5.2278165e-05	-5.8438166	0.0043095027
235.52	5.2113907e-05	-5.8438433	0.0043537946
236.16	5.3260204e-05	-5.8439369	0.0043754001
236.8	5.2737801e-05	-5.8439133	0.0043284501
237.44	5.1873369e-05	-5.8438481	0.0043736214
238.08	5.1825136e-05	-5.8438771	0.0042976423
238.72	5.0919583e-05	-5.8439144	0.0043845074
239.36	5.0529845e-05	-5.8438448	0.0045195848
240	5.1227055e-05	-5.8438685	0.0043544089
240.64	5.2684581e-05	-5.8438738	0.004379163
241.28	5.3012834e-05	-5.8438869	0.004376173
241.92	5.2059654e-05	-5.8439175	0.0044475892
242.56	5.2908564e-05	-5.8439365	0.0043853119
243.2	5.3199585e-05	-5.8439417	0.004573902
243.84	5.2518625e-05	-5.8438862	0.0043703381
244.48	5.1913584e-05	-5.8439007	0.0044205124
245.12	5.1228169e-05	-5.8438497	0.0043627112
245.76	5.1708537e-05	-5.8438739	0.0043408913
246.4	5.1845682e-05	-5.843883	0.0043495455
247.04	5.1659567e-05	-5.8438354	0.0045359094
247.68	5.3478741e-05	-5.8439337	0.0043700298
248.32	5.3764181e-05	-5.8439377	0.0043124478
248.96	5.2734254e-05	-5.8439317	0.004430012
249.6	5.2600638e-05	-5.8438855	0.0044100421
250.24	5.2713601e-05	-5.8438632	0.0043578014
250.88	5.2072854e-05	-5.8438638	0.0044233339
251.52	5.171527e-05	-5.8439434	0.004388828
252.16	5.2150328e-05	-5.8438836	0.0042660265
252.8	5.1406791e-05	-5.8438825	0.0044318151
253.44	5.1925688e-05	-5.8438588	0.0044716845
254.08	5.2325589e-05	-5.8438813	0.0044725885
254.72	5.2995729e-05	-5.8439322	0.0043249321
255.36	5.3509528e-05	-5.8439045	0.004454543
256	5.4444471e-05	-5.8438315	0.0044039876
256.64	5.2467308e-05	-5.8438399	0.0044608244
257.28	5.1549907e-05	-5.8439006	0.0042957578
257.92	5.1046671e-05	-5.8438963	0.0045966473
258.56	5.1461181e-05	-5.8438969	0.004332053
259.2	5.230247e-05	-5.8438089	0.0044434286
259.84	5.1970275e-05	-5.8438912	0.0043405861
260.48	5.2957666e-05	-5.8438771	0.0043247235
261.12	5.353895e-05	-5.8439002	0.0044057587
261.76	5.3431903e-05	-5.8438162	0.0044199748
262.4	5.3127768e-05	-5.8439327	0.0044144036
263.04	5.2992041e-05	-5.8438917	0.0044132293
263.68	5.1353624e-05	-5.8438866	0.0043842696
264.32	5.1535906e-05	-5.8439294	0.0043368289
264.96	5.1408896e-05	-5.8438689	0.0044159065
265.6	5.2342136e-05	-5.8438785	0.004451998
266.24	5.2921869e-05	-5.843892	0.0044886378
266.88	5.3783443e-05	-5.843929	0.0044469235
267.52	5.2912481e-05	-5.8438018	0.0042898936
268.16	5.3271293e-05	-5.8439835	0.0044182083
268.8	5.3320123e-05	-5.8438911	0.0044075768
269.44	5.1693109e-05	-5.8438022	0.004392796
270.08	5.2065588e-05	-5.8438735	0.0043344702
270.72	5.1519074e-05	-5.8438782	0.0044295172
271.36	5.0908074e-05	-5.843873	0.0043186622
272	5.1711385e-05	-5.8439057	0.004403511
272.64	5.3684707e-05	-5.8438136	0.0043441267
273.28	5.2825894e-05	-5.8438721	0.0044951823
273.92	5.3447728e-05	-5.8438441	0.0044831329
274.56	5.3070873e-05	-5.843881	0.0042933189
275.2	5.2526509e-05	-5.8438254	0.0043084249
275.84	5.1642076e-05	-5.8439233	0.0042613452
276.48	5.1914237e-05	-5.8439199	0.00433399
277.12	5.2173872e-05	-5.84393	0.0042926526
277.76	5.112377e-05	-5.8439011	0.0044654415
278.4	5.2073274e-05	-5.8439152	0.0045140606
279.04	5.2404552e-05	-5.8439145	0.0042202504
279.68	5.4034012e-05	-5.8438964	0.0043432129
280.32	5.2839251e-05	-5.8439086	0.0043823309
280.96	5.3568003e-05	-5.8438397	0.0043172731
281.6	5.4240543e-05	-5.8439109	0.0044746076
282.24	5.2944682e-05	-5.8438968	0.0044294376
282.88	5.2020347e-05	-5.8439388	0.0043471355
283.52	5.1298179e-05	-5.8438688	0.0045744853
284.16	5.1528637e-05	-5.8438688	0.0042787763
284.8	5.1865549e-05	-5.8438869	0.0045974622
285.44	5.2213624e-05	-5.8438722	0.0044278996
286.08	5.3300663e-05	-5.8438816	0.0043580952
286.72	5.3544741e-05	-5.8438349	0.0042680562
287.36	5.4283582e-05	-5.8438731	0.0042590607
288	5.2956927e-05	-5.8439703	0.004513009
288.64	5.1917835e-05	-5.8439192	0.0044791534
289.28	5.2029262e-05	-5.8439063	0.0043167774
289.92	5.0880239e-05	-5.8438498	0.0043569436
290.56	5.2246822e-05	-5.8439066	0.0045396617
291.2	5.2258083e-05	-5.843836	0.0041894833
291.84	5.2633699e-05	-5.8439469	0.0043669376
292.48	5.33509e-05	-5.8439095	0.0043230784
293.12	5.278778e-05	-5.8438853	0.004409733
293.76	5.3227069e-05	-5.8438815	0.0043521452
294.4	5.3401091e-05	-5.8438965	0.0043694351
295.04	5.2141303e-05	-5.8438963	0.0044020319
295.68	5.1503024e-05	-5.8438826	0.0044526385
296.32	5.1656549e-05	-5.8438458	0.004519924
296.96	5.0605236e-05	-5.8438724	0.0044932661
297.6	5.239129e-05	-5.8438453	0.0043406418
298.24	5.2541255e-05	-5.8439048	0.0043755015
298.88	5.2826454e-05	-5.8439229	0.0044205013
299.52	5.3601346e-05	-5.8439001	0.0045078527
300.16	5.3824982e-05	-5.8438216	0.0044555122
300.8	5.363598e-05	-5.8439108	0.0044609029
301.44	5.2371592e-05	-5.8439292	0.0044204874
302.08	5.2002843e-05	-5.8438878	0.0043458926
302.72	5.1702229e-05	-5.8439296	0.0043407388
303.36	5.2228081e-05	-5.8438692	0.0044332712
304	5.2304815e-05	-5.8439241	0.0043390691
304.64	5.3114624e-05	-5.843868	0.0043904729
305.28	5.3732351e-05	-5.8439097	0.0042815175
305.92	5.2746022e-05	-5.8439039	0.004305952
306.56	5.3490841e-05	-5.8438633	0.0044835882
307.2	5.3209495e-05	-5.8439478	0.0042791857
307.84	5.2923453e-05	-5.8438555	0.0043719703
308.48	5.1642814e-05	-5.8439898	0.0043597672
309.12	5.0849988e-05	-5.8438729	0.0045940312
309.76	5.2212139e-05	-5.8438458	0.0042912445
310.4	5.2249421e-05	-5.8439147	0.0045175507
311.04	5.2390953e-05	-5.8438765	0.0043820294
311.68	5.2658169e-05	-5.8438993	0.0042826652
312.32	5.3237687e-05	-5.843858	0.0044164316
312.96	5.2780813e-05	-5.843886	0.0043763754
313.6	5.2949723e-05	-5.8439523	0.0041759497
314.24	5.1877761e-05	-5.8439151	0.0044905313
314.88	5.1389213e-05	-5.8437943	0.0044244895
315.52	5.1452156e-05	-5.8438641	0.0043923041
316.16	5.1916533e-05	-5.8438779	0.0042288038
316.8	5.2688712e-05	-5.8438311	0.0044220884
317.44	5.2672273e-05	-5.8439604	0.0044255469
318.08	5.3789871e-05	-5.8439051	0.0043164445
318.72	5.3910488e-05	-5.8439098	0.0044658321
319.36	5.3326312e-05	-5.8439751	0.0043023238
320	5.2249777e-05	-5.8438634	0.0046306202
320.64	5.1934386e-05	-5.8438873	0.0044364702
321.28	5.1771113e-05	-5.8438691	0.0043061069
321.92	5.1507758e-05	-5.8438688	0.0044971307
322.56	5.2106193e-05	-5.8438734	0.004580534
323.2	5.1969721e-05	-5.8438768	0.004279957
323.84	5.2674206e-05	-5.8437741	0.0044058292
324.48	5.2754187e-05	-5.8438109	0.0044660154
325.12	5.294639e-05	-5.8438764	0.0044091703
325.76	5.2773405e-05	-5.8438816	0.0042715448
326.4	5.2147764e-05	-5.8439564	0.0045303096
327.04	5.1792925e-05	-5.8439291	0.0042751112
327.68	5.1735312e-05	-5.8438831	0.0043677446
328.32	5.2379114e-05	-5.8437905	0.0044554232
328.96	5.2851127e-05	-5.8438693	0.0045801639
329.6	5.2127798e-05	-5.8438536	0.0043413655
330.24	5.2261516e-05	-5.8438853	0.0043644639
330.88	5.3711585e-05	-5.8438119	0.0045340927
331.52	5.2432152e-05	-5.8439132	0.0042985221
332.16	5.3991188e-05	-5.8439248	0.0045142316
332.8	5.1494803e-05	-5.8439699	0.0043303918
333.44	5.1807272e-05	-5.8438828	0.0044393462
334.08	5.1632604e-05	-5.8438551	0.0043402064
334.72	5.122805e-05	-5.8438497	0.0044810652
335.36	5.1419508e-05	-5.8438538	0.0042088949
336	5.2306269e-05	-5.8439141	0.0043099177
336.64	5.2732007e-05	-5.844002	0.004333477
337.28	5.355424e-05	-5.843928	0.0044227918
337.92	5.3120296e-05	-5.8438535	0.0045671385
338.56	5.2508531e-05	-5.8438956	0.0043642407
339.2	5.1956071e-05	-5.8439287	0.0042603127
339.84	5.2092851e-05	-5.8439111	0.0042212341
340.48	5.1980778e-05	-5.8438507	0.0043831665
341.12	5.1739429e-05	-5.8438781	0.0043343174
341.76	5.1884747e-05	-5.843868	0.0043986316
342.4	5.3117289e-05	-5.8439333	0.0043586373
343.04	5.3435227e-05	-5.8439096	0.0043574217
343.68	5.3761869e-05	-5.8439468	0.004238075
344.32	5.2721584e-05	-5.8437648	0.0044604332
344.96	5.2490531e-05	-5.8438771	0.004486001
345.6	5.254147e-05	-5.8438876	0.0043793309
346.24	5.1818774e-05	-5.843883	0.0043908329
346.88	5.1445935e-05	-5.8438968	0.0043657048
347.52	5.1903099e-05	-5.8439014	0.004470863
348.16	5.2225284e-05	-5.8438868	0.0042394135
348.8	5.2435521e-05	-5.8438255	0.004368993
349.44	5.3371112e-05	-5.8438535	0.0044627301
350.08	5.2888238e-05	-5.8438203	0.0044759604
350.72	5.2902348e-05	-5.8438954	0.0042697998
351.36	5.3542907e-05	-5.8439529	0.0045637087
352	5.1179542e-05	-5.8439236	0.0044403336
352.64	5.1650552e-05	-5.8438457	0.0043532945
353.28	5.1481951e-05	-5.8438642	0.0043935115
353.92	5.2029907e-05	-5.8439013	0.0044795421
354.56	5.1881072e-05	-5.8438862	0.0043833551
355.2	5.2817965e-05	-5.8438535	0.0044070481
355.84	5.3024172e-05	-5.8438764	0.004250811
356.48	5.3176665e-05	-5.8438533	0.0042482469
357.12	5.2526335e-05	-5.8438859	0.0042979104
357.76	5.2491681e-05	-5.8439427	0.0043660918
358.4	5.1317666e-05	-5.843882	0.0044140661
359.04	5.2248806e-05	-5.8439254	0.0043765206
359.68	5.2093061e-05	-5.8438926	0.0043318857
360.32	5.2258637e-05	-5.843827	0.0044870546
360.96	5.276413e-05	-5.8438451	0.0043999081
361.6	5.3853753e-05	-5.8439382	0.0045150619
362.24	5.3362909e-05	-5.8439279	0.0043977197
362.88	5.3052734e-05	-5.8438299	0.0042872145
363.52	5.2940611e-05	-5.8438492	0.004500745
364.16	5.2445161e-05	-5.843873	0.0044416031
364.8	5.15718e-05	-5.8438545	0.0046627057
365.44	5.2430238e-05	-5.8439116	0.0043532464
366.08	5.1290328e-05	-5.8438639	0.0043894594
366.72	5.1722683e-05	-5.8438915	0.0042442785
367.36	5.3233009e-05	-5.8438687	0.0043243465
368	5.2829466e-05	-5.8438859	0.0042278944
368.64	5.3500561e-05	-5.8438442	0.0043088103
369.28	5.3209546e-05	-5.8439139	0.0042758305
369.92	5.2600997e-05	-5.8438954	0.0043881256
370.56	5.257549e-05	-5.8439523	0.0043324835
371.2	5.180424e-05	-5.8438921	0.0043525455
371.84	5.1897028e-05	-5.8439252	0.0043418264
372.48	5.1543446e-05	-5.8438967	0.004398092
373.12	5.1505758e-05	-5.8438679	0.0044707755
373.76	5.3102279e-05	-5.8438591	0.0044511248
374.4	5.2613234e-05	-5.8438437	0.0044475068
375.04	5.2940723e-05	-5.8438947	0.0044684132
375.68	5.2991495e-05	-5.8438764	0.004442559
376.32	5.2343486e-05	-5.8439325	0.0043539339
376.96	5.2848831e-05	-5.8439062	0.0042721503
377.6	5.1376324e-05	-5.843915	0.0046430973
378.24	5.1075691e-05	-5.843836	0.0045620159
378.88	5.1675924e-05	-5.8438363	0.0043921894
379.52	5.3193112e-05	-5.8438835	0.0042154751
380.16	5.2407404e-05	-5.8439187	0.0044419599
380.8	5.235376e-05	-5.8438897	0.0044291741
381.44	5.2950437e-05	-5.8439226	0.0044058186
382.08	5.2209515e-05	-5.8438897	0.0043201777
382.72	5.2005262e-05	-5.8439044	0.0044192261
383.36	5.1379092e-05	-5.8438305	0.0045392047
384	5.1591156e-05	-5.843906	0.0043642194
384.64	5.1278833e-05	-5.8439107	0.0044173732
385.28	5.1353394e-05	-5.8439197	0.0045218802
385.92	5.1560266e-05	-5.8438817	0.0043739051
386.56	5.3014214e-05	-5.8438866	0.0043206033
387.2	5.2544364e-05	-5.8438759	0.0043128053
387.84	5.3074399e-05	-5.8439831	0.0043387864
388.48	5.267143e-05	-5.8438344	0.004469071
389.12	5.2567845e-05	-5.8439144	0.004511081
389.76	5.1557274e-05	-5.8439518	0.004326381
390.4	5.2264016e-05	-5.8438557	0.0043734099
391.04	5.2070781e-05	-5.8438975	0.0042097079
391.68	5.1485762e-05	-5.8438126	0.0044235466
392.32	5.2039871e-05	-5.8439005	0.0043192302
392.96	5.244831e-05	-5.8439091	0.0043223988
393.6	5.3563143e-05	-5.8438443	0.0044450502
394.24	5.3574458e-05	-5.8438581	0.0045232814
394.88	5.3238441e-05	-5.8439143	0.0045146201
395.52	5.2512414e-05	-5.8438681	0.0042457205
396.16	5.1283179e-05	-5.8439005	0.0043069584
396.8	5.1603518e-05	-5.843855	0.0042786658
397.44	5.2157748e-05	-5.8438463	0.0043864298
398.08	5.1282042e-05	-5.8438634	0.0044543533
398.72	5.1790476e-05	-5.8438583	0.0042800985
399.36	5.2926292e-05	-5.8438584	0.0044049273
400	5.3336074e-05	-5.8438999	0.0044122714
400.64	5.3935221e-05	-5.8439004	0.0043819696
401.28	5.3132137e-05	-5.8438259	0.0043041521
401.92	5.2473732e-05	-5.8438495	0.0042935064
402.56	5.1741199e-05	-5.8438731	0.0045055164
403.2	5.166029e-05	-5.843897	0.0042690396
403.84	5.110445e-05	-5.8438964	0.0044386521
404.48	5.2208966e-05	-5.8438875	0.004259035
405.12	5.3313592e-05	-5.8438131	0.0045038933
405.76	5.3211682e-05	-5.8439283	0.0044632628
406.4	5.3431491e-05	-5.8438814	0.0042959886
407.04	5.3690746e-05	-5.8439189	0.0043400935
407.68	5.3395531e-05	-5.8438542	0.004310072
408.32	5.2871915e-05	-5.8438408	0.0045456
408.96	5.1872442e-05	-5.8439059	0.0043604936
409.6	5.2131553e-05	-5.8438416	0.0044279276
410.24	5.1182334e-05	-5.8438778	0.0044176164
410.88	5.2287047e-05	-5.8438782	0.0042489725
411.52	5.2419699e-05	-5.8438866	0.0045374472
412.16	5.3747228e-05	-5.8439287	0.004314504
412.8	5.3415631e-05	-5.8438673	0.0044033613
413.44	5.4020482e-05	-5.8439192	0.0045400757
414.08	5.343504e-05	-5.8438544	0.0044132442
414.72	5.2466488e-05	-5.8439243	0.0043041522
415.36	5.1659204e-05	-5.8438593	0.0044158807
416	5.1586351e-05	-5.8438737	0.0044505994
416.64	5.237388e-05	-5.8439022	0.0044155388
417.28	5.2550189e-05	-5.8439202	0.0043530831
417.92	5.3208993e-05	-5.843836	0.0043514618
418.56	5.2623444e-05	-5.8438949	0.0043874626
419.2	5.3453771e-05	-5.8438394	0.0044608696
419.84	5.3930182e-05	-5.8438634	0.0044327794
420.48	5.352088e-05	-5.8439709	0.0043926678
421.12	5.1165054e-05	-5.843872	0.0043120974
421.76	5.2117835e-05	-5.8438227	0.0044042424
422.4	5.1736404e-05	-5.8439343	0.0041442994
423.04	5.1683146e-05	-5.8438549	0.0042616336
423.68	5.1952842e-05	-5.8437706	0.0044563395
424.32	5.2883033e-05	-5.8438913	0.0043922942
424.96	5.3169854e-05	-5.8439279	0.0042666787
425.6	5.3932542e-05	-5.8439004	0.0045037081
426.24	5.333468e-05	-5.8438955	0.0044192783
426.88	5.2225158e-05	-5.8438489	0.0043945095
427.52	5.1587161e-05	-5.8439144	0.0044581587
428.16	5.212315e-05	-5.8438879	0.0044465682
428.8	5.1408672e-05	-5.8439293	0.0044656831
429.44	5.1615436e-05	-5.8438733	0.0043506007
430.08	5.1827146e-05	-5.843933	0.0043670527
430.72	5.3171882e-05	-5.8438402	0.0044064356
431.36	5.2772715e-05	-5.8439135	0.0043317001
432	5.320745e-05	-5.8438346	0.0043968029
432.64	5.2922609e-05	-5.8438999	0.004483387
433.28	5.2481819e-05	-5.843919	0.0043962482
433.92	5.1718419e-05	-5.8439519	0.0045188715
434.56	5.1084843e-05	-5.843873	0.0043387278
435.2	5.1162887e-05	-5.8439523	0.0043719721
435.84	5.2449719e-05	-5.8439344	0.0044149406
436.48	5.2222662e-05	-5.8438821	0.0044862028
437.12	5.3476917e-05	-5.8439241	0.0042481228
437.76	5.5100929e-05	-5.8439343	0.0043470752
438.4	5.2995695e-05	-5.8438717	0.0043900423
439.04	5.3807033e-05	-5.8438591	0.0043734058
439.68	5.2362737e-05	-5.843868	0.0043944321
440.32	5.1316837e-05	-5.8439284	0.0042511765
440.96	5.1588202e-05	-5.8439107	0.0043399974
441.6	5.0972955e-05	-5.8439008	0.0045483344
442.24	5.1897246e-05	-5.8438453	0.0044801958
442.88	5.2911449e-05	-5.8438966	0.0044018881
443.52	5.2822433e-05	-5.8438257	0.0044060293
444.16	5.3158025e-05	-5.843951	0.0044011778
444.8	5.2785783e-05	-5.8439227	0.0042684081
445.44	5.2580044e-05	-5.8438626	0.0043476445
446.08	5.2159745e-05	-5.8439004	0.0043356154
446.72	5.2655834e-05	-5.8439019	0.0045324477
447.36	5.1191859e-05	-5.8438546	0.0045063809
448	5.178988e-05	-5.8438319	0.0044625753
448.64	5.1785612e-05	-5.8438591	0.0043722668
449.28	5.2580876e-05	-5.8438822	0.0044036206
449.92	5.3662388e-05	-5.8438729	0.0043636433
450.56	5.379194e-05	-5.8438678	0.0044257277
451.2	5.2072428e-05	-5.8439173	0.0043747306
451.84	5.2742741e-05	-5.8439234	0.0043889313
452.48	5.3088132e-05	-5.8438504	0.0045406128
453.12	5.1329228e-05	-5.843831	0.0043276727
453.76	5.1952687e-05	-5.8438414	0.0043778868
454.4	5.2539764e-05	-5.843907	0.0044879467
455.04	5.1685409e-05	-5.8438403	0.0043626189
455.68	5.2103692e-05	-5.843928	0.0044319426
456.32	5.2894171e-05	-5.8438766	0.0044325187
456.96	5.3889169e-05	-5.8439329	0.00435012
457.6	5.2915976e-05	-5.8439137	0.0042669302
458.24	5.3354668e-05	-5.8438126	0.0044282389
458.88	5.2575862e-05	-5.843878	0.0044443782
459.52	5.2038856e-05	-5.843883	0.004357576
460.16	5.1395748e-05	-5.8438689	0.0044413894
460.8	5.2471485e-05	-5.8438789	0.0043881572
461.44	5.3073469e-05	-5.8438972	0.0044525857
462.08	5.3073686e-05	-5.8439287	0.0044932472
462.72	5.2783397e-05	-5.843881	0.0044784458
463.36	5.3500209e-05	-5.8439	0.0045834349
464	5.2294158e-05	-5.8439225	0.0043469572
464.64	5.2291391e-05	-5.8438163	0.0044287807
465.28	5.2074725e-05	-5.8439102	0.0042990815
465.92	5.2783198e-05	-5.8439025	0.0043254272
466.56	5.1431606e-05	-5.8438828	0.0042675982
467.2	5.2280625e-05	-5.8438646	0.0043833337
467.84	5.2956876e-05	-5.843869	0.0044275944
468.48	5.2938725e-05	-5.8438959	0.0046058054
469.12	5.2290471e-05	-5.8439409	0.0044229944
469.76	5.3302035e-05	-5.8438254	0.0044919397
470.4	5.3976753e-05	-5.843887	0.0043673148
471.04	5.2540045e-05	-5.8439052	0.0043734374
471.68	5.2070288e-05	-5.8439337	0.0043500277
472.32	5.1855568e-05	-5.8438644	0.0044726624
472.96	5.1468986e-05	-5.8438689	0.0043065385
473.6	5.210738e-05	-5.8438504	0.0043691657
474.24	5.1934251e-05	-5.8438632	0.0044760773
474.88	5.2817599e-05	-5.8439002	0.0043229192
475.52	5.377563e-05	-5.8438399	0.0043585328
476.16	5.2838381e-05	-5.8438529	0.0044267489
476.8	5.3348663e-05	-5.8439052	0.0044349326
477.44	5.33474e-05	-5.8439248	0.004363425
478.08	5.1206935e-05	-5.8439097	0.004493401
478.72	5.1114701e-05	-5.8438359	0.0043891475
479.36	5.1699286e-05	-5.8438737	0.0044649042
480	5.2554512e-05	-5.8439111	0.0044652639
480.64	5.2895061e-05	-5.8438872	0.0043554637
481.28	5.2312223e-05	-5.8439646	0.0043596096
481.92	5.3037499e-05	-5.8439647	0.0044058731
482.56	5.3008458e-05	-5.8438438	0.0045619578
483.2	5.2940919e-05	-5.8438165	0.004441509
483.84	5.2166982e-05	-5.8439564	0.0043747809
484.48	5.2097918e-05	-5.8438364	0.0045162784
485.12	5.133536e-05	-5.843799	0.0044207296
485.76	5.1179046e-05	-5.8439383	0.0044513602
486.4	5.2033551e-05	-5.8439477	0.0044634903
487.04	5.1718998e-05	-5.8438532	0.0044381924
487.68	5.3761761e-05	-5.8438542	0.0044597665
488.32	5.3569009e-05	-5.8439559	0.0044230697
488.96	5.3540148e-05	-5.843891	0.0043631871
489.6	5.292685e-05	-5.8438214	0.004313531
490.24	5.2409133e-05	-5.8439195	0.0043427969
490.88	5.1066416e-05	-5.8438587	0.004527369
491.52	5.1239913e-05	-5.8439571	0.0044134038
492.16	5.1313255e-05	-5.8438964	0.0044451236
492.8	5.1685124e-05	-5.8439425	0.0043508611
493.44	5.1938246e-05	-5.8439045	0.004435977
494.08	5.3261318e-05	-5.8439095	0.004418586
494.72	5.1615589e-05	-5.8438655	0.0045195089
495.36	5.2938704e-05	-5.8439601	0.0042676886
496	5.1997799e-05	-5.8438205	0.0045353896
496.64	5.2447464e-05	-5.8438873	0.0044321414
497.28	5.0649255e-05	-5.843919	0.0044072338
497.92	5.0966843e-05	-5.843822	0.0043564994
498.56	5.1356518e-05	-5.8439197	0.0043750589
499.2	5.25092e-05	-5.8438874	0.0042738792
499.84	5.2106692e-05	-5.8438393	0.0043187779
