0	1.4999231e-05	-5.8392481	0.010273522
0.64	1.4517171e-05	-5.8391963	0.010363039
1.28	1.5012382e-05	-5.8392431	0.010285244
1.92	1.5157465e-05	-5.8392569	0.010241234
2.56	1.4874838e-05	-5.8392889	0.010246181
3.2	1.5251249e-05	-5.8392427	0.010360515
3.84	1.5023812e-05	-5.839224	0.010346161
4.48	1.5158949e-05	-5.8391965	0.010235299
5.12	1.4877495e-05	-5.8392709	0.010417035
5.76	1.486532e-05	-5.8392805	0.010258346
6.4	1.4509663e-05	-5.8392476	0.010220701
7.04	1.4789778e-05	-5.8392338	0.01022326
7.68	1.49804e-05	-5.839243	0.010239103
8.32	1.5045703e-05	-5.8392195	0.01030624
8.96	1.5222591e-05	-5.839266	0.010299345
9.6	1.4886325e-05	-5.8392237	0.010336919
10.24	1.5081536e-05	-5.8392381	0.010317967
10.88	1.5317089e-05	-5.8392479	0.010396446
11.52	1.484683e-05	-5.8392617	0.010272085
12.16	1.4765735e-05	-5.8392618	0.010243036
12.8	1.4806608e-05	-5.8392153	0.010380092
13.44	1.4957333e-05	-5.8392478	0.010351916
14.08	1.5172053e-05	-5.8392059	0.010258491
14.72	1.5298535e-05	-5.8392941	0.010330268
15.36	1.5380758e-05	-5.8392429	0.010250545
16	1.5319891e-05	-5.8392475	0.010257119
16.64	1.4976519e-05	-5.839252	0.010211384
17.28	1.5138717e-05	-5.8392292	0.010228597
17.92	1.5033206e-05	-5.8392479	0.010256393
18.56	1.468899e-05	-5.8392245	0.010355215
19.2	1.4890399e-05	-5.8392247	0.010301211
19.84	1.480556e-05	-5.8392569	0.01029021
20.48	1.5089974e-05	-5.8392895	0.010264006
21.12	1.5222628e-05	-5.8392801	0.010300051
21.76	1.5363625e-05	-5.8392103	0.010317237
22.4	1.5294823e-05	-5.8392056	0.010264782
23.04	1.5077889e-05	-5.839294	0.010296611
23.68	1.4861738e-05	-5.8392615	0.010313849
24.32	1.4852461e-05	-5.8392804	0.010275613
24.96	1.4635533e-05	-5.839257	0.010266622
25.6	1.4585388e-05	-5.8392383	0.010356509
26.24	1.4861744e-05	-5.839243	0.010302102
26.88	1.4928377e-05	-5.8392567	0.010366837
27.52	1.4883243e-05	-5.8392657	0.01027531
28.16	1.5483116e-05	-5.8392476	0.010261795
28.8	1.5336427e-05	-5.8392243	0.010334047
29.44	1.5049462e-05	-5.8392568	0.010197268
30.08	1.4912918e-05	-5.8392663	0.010201239
30.72	1.5008479e-05	-5.8392712	0.010302243
31.36	1.4797563e-05	-5.8392572	0.010272542
32	1.4727686e-05	-5.8392524	0.010317095
32.64	1.4656732e-05	-5.8392102	0.01021483
33.28	1.5071969e-05	-5.8392661	0.010218722
33.92	1.5255776e-05	-5.8392335	0.010291964
34.56	1.5268005e-05	-5.8392753	0.010304042
35.2	1.5135658e-05	-5.8392101	0.010274534
35.84	1.4868014e-05	-5.839266	0.010302583
36.48	1.4957309e-05	-5.8392431	0.010264077
37.12	1.4569899e-05	-5.839229	0.010355554
37.76	1.4617264e-05	-5.8392616	0.010376074
38.4	1.4729149e-05	-5.8392384	0.010237459
39.04	1.4842616e-05	-5.8392754	0.01033045
39.68	1.465335e-05	-5.8392377	0.010242312
40.32	1.5250843e-05	-5.8392009	0.010349701
40.96	1.5382403e-05	-5.8392428	0.010223397
41.6	1.510902e-05	-5.8391823	0.010286337
42.24	1.4851041e-05	-5.8392334	0.010340853
42.88	1.4883237e-05	-5.8392431	0.010222901
43.52	1.4615086e-05	-5.8392802	0.010232411
44.16	1.4730787e-05	-5.8392478	0.010285115
44.8	1.4797245e-05	-5.8392105	0.010294279
45.44	1.4977793e-05	-5.8392941	0.010260324
46.08	1.5115535e-05	-5.8392661	0.010246007
46.72	1.5313587e-05	-5.8392568	0.010286872
47.36	1.5355009e-05	-5.8392242	0.01027121
48	1.5143634e-05	-5.8392753	0.010179557
48.64	1.4814585e-05	-5.8392381	0.010293169
49.28	1.498723e-05	-5.8392479	0.010261502
49.92	1.5033546e-05	-5.8392481	0.010307455
50.56	1.4771602e-05	-5.8392153	0.010322199
51.2	1.4964079e-05	-5.8392525	0.010309135
51.84	1.5120007e-05	-5.8392105	0.01027183
52.48	1.5052497e-05	-5.8392613	0.010293087
53.12	1.4980285e-05	-5.8392936	0.010272679
53.76	1.527395e-05	-5.8392893	0.010178446
54.4	1.5355138e-05	-5.8393174	0.010262955
55.04	1.4914798e-05	-5.8392568	0.010249175
55.68	1.4644643e-05	-5.8391871	0.010299019
56.32	1.4790491e-05	-5.8392432	0.010295203
56.96	1.4832463e-05	-5.8392293	0.010334574
57.6	1.4922782e-05	-5.8392617	0.010300538
58.24	1.4891098e-05	-5.8392661	0.010220149
58.88	1.5174343e-05	-5.8392242	0.010375255
59.52	1.5233769e-05	-5.8393218	0.010308755
60.16	1.5147701e-05	-5.8392752	0.01035423
60.8	1.5113692e-05	-5.8392288	0.010207259
61.44	1.4898843e-05	-5.8392568	0.010347736
62.08	1.4850529e-05	-5.8392571	0.010203522
62.72	1.4769951e-05	-5.8392386	0.01031135
63.36	1.4561503e-05	-5.8392523	0.010293292
64	1.5067961e-05	-5.8392433	0.010269031
64.64	1.4954104e-05	-5.8392615	0.010266716
65.28	1.513796e-05	-5.8392148	0.010295093
65.92	1.5430622e-05	-5.8392429	0.010280099
66.56	1.5102855e-05	-5.8392612	0.010237056
67.2	1.5024309e-05	-5.8392985	0.010205616
67.84	1.519785e-05	-5.8392014	0.01036911
68.48	1.4736143e-05	-5.8392709	0.01026567
69.12	1.4602654e-05	-5.8392198	0.010352712
69.76	1.4919339e-05	-5.839248	0.010221389
70.4	1.5017772e-05	-5.8392199	0.010339045
71.04	1.4939694e-05	-5.8392195	0.010360397
71.68	1.4986742e-05	-5.8392658	0.01029084
72.32	1.5430742e-05	-5.8392615	0.010245415
72.96	1.5383125e-05	-5.8392475	0.010195533
73.6	1.4978202e-05	-5.8392055	0.01030892
74.24	1.5131621e-05	-5.8392013	0.010303623
74.88	1.4797009e-05	-5.8392896	0.01029093
75.52	1.468331e-05	-5.839206	0.010382479
76.16	1.4853389e-05	-5.839206	0.01024194
76.8	1.4632546e-05	-5.8392474	0.010209888
77.44	1.4992469e-05	-5.83928	0.010218517
78.08	1.512535e-05	-5.8392613	0.010253371
78.72	1.5474268e-05	-5.8392336	0.010303567
79.36	1.5376861e-05	-5.8392243	0.01030097
80	1.5235505e-05	-5.8392895	0.010328169
80.64	1.4806671e-05	-5.8392336	0.010240523
81.28	1.4728167e-05	-5.8392199	0.010300141
81.92	1.4878316e-05	-5.839262	0.010279106
82.56	1.4702793e-05	-5.8392477	0.010237401
83.2	1.4912927e-05	-5.839229	0.01031219
83.84	1.5259177e-05	-5.8392709	0.010267276
84.48	1.5182762e-05	-5.8392473	0.010335936
85.12	1.5330654e-05	-5.8392334	0.010324502
85.76	1.5072746e-05	-5.8392147	0.01025104
86.4	1.4856221e-05	-5.8392846	0.010262513
87.04	1.4692894e-05	-5.8391964	0.010351088
87.68	1.4746784e-05	-5.8392199	0.010212047
88.32	1.4659815e-05	-5.8392943	0.01026803
88.96	1.4637983e-05	-5.8392244	0.010222976
89.6	1.4835461e-05	-5.8392428	0.010290766
90.24	1.5233634e-05	-5.8392755	0.010241333
90.88	1.5344856e-05	-5.8392381	0.010245476
91.52	1.5463054e-05	-5.839215	0.010280811
92.16	1.4981206e-05	-5.8392984	0.010287877
92.8	1.5018482e-05	-5.8392569	0.010340607
93.44	1.4854639e-05	-5.8392431	0.010331423
94.08	1.478424e-05	-5.8392572	0.010258988
94.72	1.467867e-05	-5.8392106	0.010312989
95.36	1.4830628e-05	-5.8392291	0.010291885
96	1.4998188e-05	-5.8392476	0.010230622
96.64	1.5017424e-05	-5.8393031	0.01037281
97.28	1.5289797e-05	-5.8392009	0.010294112
97.92	1.5092037e-05	-5.8392612	0.010218705
98.56	1.5162585e-05	-5.8392475	0.010274827
99.2	1.493629e-05	-5.8392197	0.010251899
99.84	1.4857183e-05	-5.8392245	0.010279513
100.48	1.4885874e-05	-5.8392712	0.010266789
101.12	1.4803665e-05	-5.8392618	0.010217922
101.76	1.4682065e-05	-5.8392289	0.010316107
102.4	1.502153e-05	-5.8392429	0.010328789
103.04	1.5163436e-05	-5.8392567	0.010317217
103.68	1.5208554e-05	-5.8392427	0.010305041
104.32	1.5307859e-05	-5.8392475	0.010247875
104.96	1.5101056e-05	-5.8392475	0.010247089
105.6	1.4857824e-05	-5.8392661	0.010220015
106.24	1.4926061e-05	-5.8392246	0.010275241
106.88	1.4871289e-05	-5.8392526	0.010257328
107.52	1.4734681e-05	-5.8392757	0.010246241
108.16	1.4832983e-05	-5.8392663	0.010228478
108.8	1.5122761e-05	-5.8392709	0.010279128
109.44	1.5306966e-05	-5.8392196	0.010253096
110.08	1.5025869e-05	-5.8392239	0.010310214
110.72	1.5164578e-05	-5.8392473	0.010229188
111.36	1.5397124e-05	-5.8392617	0.010214579
112	1.4984913e-05	-5.8392709	0.010240551
112.64	1.4734493e-05	-5.839257	0.010242572
113.28	1.4749309e-05	-5.8392199	0.010300602
113.92	1.4778271e-05	-5.839299	0.010241408
114.56	1.4886465e-05	-5.8391965	0.010246074
115.2	1.4985856e-05	-5.839294	0.01033339
115.84	1.5283762e-05	-5.8392614	0.010362796
116.48	1.5176723e-05	-5.8392147	0.010346533
117.12	1.5231366e-05	-5.83928	0.010306812
117.76	1.497516e-05	-5.8392381	0.01028853
118.4	1.4669058e-05	-5.83928	0.010169788
119.04	1.489316e-05	-5.8392618	0.010329144
119.68	1.4573773e-05	-5.8392337	0.010358062
120.32	1.4818952e-05	-5.8392618	0.010256782
120.96	1.4783486e-05	-5.8392615	0.01033048
121.6	1.5116454e-05	-5.8392104	0.01031436
122.24	1.5069605e-05	-5.8392473	0.010248954
122.88	1.5277084e-05	-5.8391776	0.010231547
123.52	1.5089659e-05	-5.8392334	0.010348144
124.16	1.501025e-05	-5.8392335	0.010326504
124.8	1.469715e-05	-5.8392661	0.010213662
125.44	1.5022203e-05	-5.8392713	0.010280153
126.08	1.485375e-05	-5.8392665	0.010284547
126.72	1.4861477e-05	-5.8392804	0.010288694
127.36	1.4896237e-05	-5.8392243	0.010314107
128	1.507223e-05	-5.8392382	0.010301318
128.64	1.5090105e-05	-5.8392519	0.010259198
129.28	1.5342777e-05	-5.8392428	0.010279184
129.92	1.4995892e-05	-5.8392473	0.010257164
130.56	1.5039402e-05	-5.8392615	0.010196113
131.2	1.4897482e-05	-5.8392524	0.010277046
131.84	1.4628953e-05	-5.8393035	0.010198249
132.48	1.5032257e-05	-5.8392528	0.010315963
133.12	1.4589156e-05	-5.8392336	0.010317592
133.76	1.4954664e-05	-5.8392615	0.010225476
134.4	1.5012114e-05	-5.8392148	0.010334162
135.04	1.5258621e-05	-5.8392335	0.010258137
135.68	1.5267211e-05	-5.8392893	0.010218784
136.32	1.5107258e-05	-5.8392939	0.010290905
136.96	1.5348019e-05	-5.8392758	0.010257215
137.6	1.5019697e-05	-5.8392804	0.010272601
138.24	1.4815848e-05	-5.8392572	0.01029561
138.88	1.4863509e-05	-5.839234	0.010279712
139.52	1.464285e-05	-5.8392289	0.010234871
140.16	1.5016728e-05	-5.839229	0.010336046
140.8	1.5172693e-05	-5.8392196	0.010297167
141.44	1.5100612e-05	-5.8392426	0.010296148
142.08	1.497852e-05	-5.8392378	0.01024473
142.72	1.5053745e-05	-5.8392334	0.010307668
143.36	1.4914803e-05	-5.8392801	0.01014349
144	1.4819889e-05	-5.8392244	0.010281639
144.64	1.4752187e-05	-5.8392478	0.01026745
145.28	1.4662377e-05	-5.8392617	0.010264762
145.92	1.4726231e-05	-5.8392662	0.010354337
146.56	1.5260032e-05	-5.8392758	0.010313569
147.2	1.4969494e-05	-5.8392473	0.010324416
147.84	1.5140295e-05	-5.839224	0.010327912
148.48	1.5282881e-05	-5.8391916	0.010236153
149.12	1.5092972e-05	-5.8392474	0.010320105
149.76	1.5058034e-05	-5.8392524	0.010295449
150.4	1.4962932e-05	-5.8392665	0.010241066
151.04	1.465549e-05	-5.8392338	0.01024416
151.68	1.4925334e-05	-5.8392247	0.010323475
152.32	1.4778459e-05	-5.8392616	0.010308699
152.96	1.5107721e-05	-5.839243	0.010195965
153.6	1.5171319e-05	-5.8392428	0.010232676
154.24	1.531823e-05	-5.8392893	0.010262632
154.88	1.5034523e-05	-5.8392286	0.010197031
155.52	1.5290393e-05	-5.8392477	0.010258156
156.16	1.4914731e-05	-5.8392476	0.010360773
156.8	1.4764747e-05	-5.8392152	0.010226782
157.44	1.4644795e-05	-5.8392384	0.010260934
158.08	1.4972628e-05	-5.839262	0.010311985
158.72	1.4865434e-05	-5.8392384	0.010354058
159.36	1.5040982e-05	-5.8392196	0.01027727
160	1.498983e-05	-5.8392286	0.010243611
160.64	1.5164651e-05	-5.8392054	0.010273576
161.28	1.5167207e-05	-5.8392706	0.010297666
161.92	1.5041161e-05	-5.8392847	0.010261857
162.56	1.4991773e-05	-5.839257	0.010232564
163.2	1.4826952e-05	-5.839313	0.010286619
163.84	1.4747307e-05	-5.8392711	0.010275576
164.48	1.5003808e-05	-5.839248	0.01025153
165.12	1.4962804e-05	-5.8392012	0.010238681
165.76	1.4992918e-05	-5.8392428	0.010215921
166.4	1.5068389e-05	-5.8392426	0.010309888
167.04	1.5469186e-05	-5.8392429	0.010361711
167.68	1.4865659e-05	-5.8392192	0.010202704
168.32	1.5427368e-05	-5.8392525	0.010312251
168.96	1.491101e-05	-5.8392616	0.010186995
169.6	1.4851728e-05	-5.8392386	0.010273134
170.24	1.4854133e-05	-5.8392665	0.010226666
170.88	1.4854302e-05	-5.8392432	0.010302006
171.52	1.4780926e-05	-5.8392801	0.010330095
172.16	1.4865513e-05	-5.8392008	0.010271094
172.8	1.5188594e-05	-5.8392334	0.010307744
173.44	1.5272058e-05	-5.8393032	0.010251528
174.08	1.5262317e-05	-5.8392149	0.010254407
174.72	1.4731337e-05	-5.8392426	0.010268076
175.36	1.4907642e-05	-5.839257	0.01030509
176	1.4737396e-05	-5.8392338	0.010336915
176.64	1.4812129e-05	-5.8392758	0.010225767
177.28	1.4708689e-05	-5.839229	0.010248614
177.92	1.4964065e-05	-5.8392662	0.010288046
178.56	1.5121955e-05	-5.8392521	0.010358619
179.2	1.5023799e-05	-5.8392425	0.010269039
179.84	1.5353534e-05	-5.83928	0.010296073
180.48	1.4964547e-05	-5.8392333	0.010296411
181.12	1.4737046e-05	-5.839224	0.010360007
181.76	1.4851149e-05	-5.8392431	0.010367822
182.4	1.4944581e-05	-5.8393131	0.010275124
183.04	1.469913e-05	-5.8392338	0.010284216
183.68	1.4882754e-05	-5.8392338	0.010245506
184.32	1.4918475e-05	-5.8392243	0.010274861
184.96	1.5165271e-05	-5.8392382	0.010355117
185.6	1.534426e-05	-5.8392568	0.01028883
186.24	1.5423595e-05	-5.8392475	0.010306707
186.88	1.5014543e-05	-5.839266	0.01024395
187.52	1.4782504e-05	-5.8392288	0.010217661
188.16	1.4840903e-05	-5.839271	0.010303622
188.8	1.4619328e-05	-5.8392849	0.010265843
189.44	1.4741563e-05	-5.8392152	0.010277371
190.08	1.485065e-05	-5.8392105	0.010212828
190.72	1.4910415e-05	-5.8392521	0.01032193
191.36	1.5003028e-05	-5.8392519	0.010290112
192	1.5303805e-05	-5.8392428	0.010319484
192.64	1.5226308e-05	-5.839252	0.0102956
193.28	1.5090203e-05	-5.8392056	0.010299079
193.92	1.5036896e-05	-5.839243	0.010205327
194.56	1.4962449e-05	-5.8392247	0.010320491
195.2	1.4708735e-05	-5.8392804	0.010248705
195.84	1.4579142e-05	-5.839243	0.010241462
196.48	1.4801398e-05	-5.8392941	0.010216383
197.12	1.4961247e-05	-5.8392428	0.010268486
197.76	1.5273036e-05	-5.8391917	0.010356358
198.4	1.5414576e-05	-5.839201	0.010342249
199.04	1.5233608e-05	-5.8392474	0.010175968
199.68	1.5243284e-05	-5.8392197	0.010267983
200.32	1.4855437e-05	-5.8392708	0.01020482
200.96	1.4763677e-05	-5.8392896	0.010267674
201.6	1.4627874e-05	-5.8392384	0.010295355
202.24	1.477151e-05	-5.8392292	0.010270738
202.88	1.4977613e-05	-5.8392384	0.010229483
203.52	1.522908e-05	-5.8392477	0.010359183
204.16	1.5484751e-05	-5.8392384	0.010252881
204.8	1.5331584e-05	-5.8392474	0.010302244
205.44	1.5176892e-05	-5.8392473	0.01018313
206.08	1.4948237e-05	-5.8392799	0.010216293
206.72	1.5091131e-05	-5.8392432	0.010311041
207.36	1.4527943e-05	-5.8392569	0.01024386
208	1.4769429e-05	-5.8392479	0.010326362
208.64	1.4966244e-05	-5.8392526	0.010269397
209.28	1.4932247e-05	-5.8392337	0.010345311
209.92	1.506631e-05	-5.8392288	0.010271302
210.56	1.5243248e-05	-5.8392334	0.010209752
211.2	1.5366918e-05	-5.8392567	0.010296512
211.84	1.5076098e-05	-5.8392473	0.01031433
212.48	1.5249807e-05	-5.8392524	0.010346975
213.12	1.4954627e-05	-5.8392292	0.010288938
213.76	1.4937094e-05	-5.839248	0.010264189
214.4	1.4587537e-05	-5.8392245	0.010303228
215.04	1.480204e-05	-5.8392199	0.010245239
215.68	1.5080403e-05	-5.8392571	0.01027898
216.32	1.5076151e-05	-5.8392335	0.010300405
216.96	1.5067173e-05	-5.8392332	0.010317858
217.6	1.531906e-05	-5.8392753	0.010258071
218.24	1.4897773e-05	-5.8392006	0.010226498
218.88	1.5272059e-05	-5.8391966	0.010220273
219.52	1.4583955e-05	-5.8392661	0.010332333
220.16	1.4774413e-05	-5.839206	0.010273145
220.8	1.4949741e-05	-5.8392481	0.010315054
221.44	1.4729845e-05	-5.8392477	0.010309877
222.08	1.495552e-05	-5.8392336	0.010180443
222.72	1.5017568e-05	-5.8392613	0.010261433
223.36	1.5390337e-05	-5.8392428	0.010261885
224	1.515774e-05	-5.8392147	0.010242335
224.64	1.4971877e-05	-5.8392565	0.010189529
225.28	1.4793839e-05	-5.8392706	0.010270778
225.92	1.4831268e-05	-5.8392477	0.0102816
226.56	1.4888271e-05	-5.839262	0.010322513
227.2	1.4301504e-05	-5.8392381	0.010380318
227.84	1.4728544e-05	-5.8392616	0.010302396
228.48	1.5031515e-05	-5.8392569	0.010224438
229.12	1.5355825e-05	-5.8392988	0.010232759
229.76	1.5054987e-05	-5.8392239	0.010247246
230.4	1.492974e-05	-5.8392284	0.010310547
231.04	1.5213553e-05	-5.8392103	0.010288437
231.68	1.4863768e-05	-5.8392242	0.010283812
232.32	1.5096991e-05	-5.839248	0.010272035
232.96	1.4700872e-05	-5.839285	0.010294607
233.6	1.4488385e-05	-5.8392755	0.010281929
234.24	1.4787245e-05	-5.8392896	0.010174521
234.88	1.5155825e-05	-5.8392756	0.010298066
235.52	1.5088812e-05	-5.8392055	0.010313485
236.16	1.5155168e-05	-5.8392891	0.010259968
236.8	1.5064848e-05	-5.8392471	0.010277746
237.44	1.4880517e-05	-5.8392332	0.010272234
238.08	1.4829504e-05	-5.8392568	0.010246313
238.72	1.4954433e-05	-5.8392293	0.010354822
239.36	1.4747041e-05	-5.8392618	0.010252355
240	1.4927525e-05	-5.8392759	0.010241847
240.64	1.4783463e-05	-5.8392709	0.010320579
241.28	1.4932284e-05	-5.8392568	0.010267911
241.92	1.5290602e-05	-5.8391824	0.010312088
242.56	1.5494919e-05	-5.8392429	0.010327246
243.2	1.5129781e-05	-5.839224	0.01024147
243.84	1.5252715e-05	-5.8392522	0.010230422
244.48	1.4729034e-05	-5.839266	0.010232808
245.12	1.4901594e-05	-5.83922	0.010241894
245.76	1.4614711e-05	-5.839271	0.010303725
246.4	1.4827324e-05	-5.8392665	0.010260618
247.04	1.4699889e-05	-5.8392243	0.010312024
247.68	1.4970404e-05	-5.8392521	0.010390512
248.32	1.5169527e-05	-5.8392194	0.010251341
248.96	1.5281182e-05	-5.8392566	0.010335385
249.6	1.5134273e-05	-5.8392798	0.010276992
250.24	1.5062509e-05	-5.8392382	0.010284578
250.88	1.5059586e-05	-5.8392571	0.010287142
251.52	1.4668345e-05	-5.8392663	0.010334733
252.16	1.4508227e-05	-5.8392011	0.010260628
252.8	1.4757828e-05	-5.8392338	0.010242947
253.44	1.4941926e-05	-5.8392942	0.01028024
254.08	1.5136695e-05	-5.8392197	0.010314146
254.72	1.5340833e-05	-5.8392196	0.010307141
255.36	1.4996254e-05	-5.839261	0.010270183
256	1.5065336e-05	-5.8392472	0.010326147
256.64	1.5169799e-05	-5.839243	0.010219899
257.28	1.4904521e-05	-5.839257	0.010282943
257.92	1.4926825e-05	-5.8392852	0.010281297
258.56	1.4655461e-05	-5.8392245	0.010218501
259.2	1.4847895e-05	-5.8392385	0.01024528
259.84	1.488138e-05	-5.8391825	0.010313713
260.48	1.485458e-05	-5.8392473	0.010332656
261.12	1.5175732e-05	-5.8392613	0.01031131
261.76	1.4846906e-05	-5.8392376	0.01030817
262.4	1.517088e-05	-5.8392986	0.010308638
263.04	1.504714e-05	-5.8392196	0.010296121
263.68	1.5032514e-05	-5.8392106	0.010352552
264.32	1.4784752e-05	-5.8392339	0.010235844
264.96	1.4502092e-05	-5.8392709	0.010306714
265.6	1.4857077e-05	-5.8392897	0.010249089
266.24	1.4735299e-05	-5.839266	0.010305396
266.88	1.5171695e-05	-5.8392708	0.010249194
267.52	1.5289417e-05	-5.8392567	0.010362664
268.16	1.5109339e-05	-5.8392333	0.010309321
268.8	1.5144396e-05	-5.8392428	0.010288398
269.44	1.5017534e-05	-5.8392709	0.01025799
270.08	1.4896044e-05	-5.8392571	0.01018331
270.72	1.4731712e-05	-5.8392711	0.010266701
271.36	1.4842591e-05	-5.8392386	0.010217718
272	1.5050755e-05	-5.8391596	0.01030456
272.64	1.5218717e-05	-5.8392153	0.010298819
273.28	1.530191e-05	-5.8391918	0.010324118
273.92	1.497167e-05	-5.839275	0.010249883
274.56	1.5289956e-05	-5.8392521	0.010223279
275.2	1.4974498e-05	-5.8392566	0.010252721
275.84	1.5191175e-05	-5.839192	0.010291515
276.48	1.4843806e-05	-5.8393036	0.010261757
277.12	1.4995226e-05	-5.8392388	0.010256226
277.76	1.4582895e-05	-5.8392662	0.01027679
278.4	1.4679616e-05	-5.8392522	0.010356718
279.04	1.4922784e-05	-5.8392661	0.010300505
279.68	1.5155486e-05	-5.8392334	0.010232346
280.32	1.5255408e-05	-5.8392427	0.010261675
280.96	1.4978244e-05	-5.8392378	0.010212728
281.6	1.4801147e-05	-5.8392472	0.010306613
282.24	1.521133e-05	-5.8392339	0.010333243
282.88	1.4721594e-05	-5.8392896	0.010189875
283.52	1.4639237e-05	-5.8392384	0.010256529
284.16	1.4482243e-05	-5.8392429	0.010244521
284.8	1.4920467e-05	-5.8392291	0.010290085
285.44	1.4996724e-05	-5.8392614	0.010234656
286.08	1.5098408e-05	-5.8391915	0.010282532
286.72	1.5276772e-05	-5.8392148	0.010284689
287.36	1.5433342e-05	-5.8392383	0.010281094
288	1.4642068e-05	-5.8392471	0.010388006
288.64	1.4690437e-05	-5.8392707	0.010211492
289.28	1.4877627e-05	-5.8392293	0.010211538
289.92	1.4342554e-05	-5.8392754	0.010289587
290.56	1.4903844e-05	-5.8392898	0.010225498
291.2	1.5023228e-05	-5.8392152	0.010348308
291.84	1.5223191e-05	-5.8392476	0.010242917
292.48	1.5196152e-05	-5.839266	0.0103253
293.12	1.5536432e-05	-5.8391778	0.010339456
293.76	1.5291564e-05	-5.8392754	0.010328904
294.4	1.4684949e-05	-5.8392565	0.010292668
295.04	1.5045216e-05	-5.8392618	0.010297007
295.68	1.4615639e-05	-5.8392663	0.010237613
296.32	1.4690098e-05	-5.8392571	0.010268429
296.96	1.4944216e-05	-5.8392526	0.010264815
297.6	1.5137445e-05	-5.8393036	0.010314332
298.24	1.5233354e-05	-5.8392429	0.010311882
298.88	1.496155e-05	-5.8392471	0.010246867
299.52	1.511295e-05	-5.8392472	0.010257037
300.16	1.520357e-05	-5.8392335	0.010347652
300.8	1.4742575e-05	-5.8392705	0.010326138
301.44	1.4953197e-05	-5.8392711	0.010267749
302.08	1.4498054e-05	-5.8392755	0.010209122
302.72	1.4814076e-05	-5.8392293	0.010323182
303.36	1.4856641e-05	-5.8392664	0.010287059
304	1.487521e-05	-5.8392568	0.010274684
304.64	1.5182921e-05	-5.8392521	0.010288497
305.28	1.520507e-05	-5.8392519	0.010275999
305.92	1.5450818e-05	-5.8392522	0.010240124
306.56	1.5126527e-05	-5.8392567	0.010291738
307.2	1.5013203e-05	-5.839229	0.010258231
307.84	1.4746535e-05	-5.839243	0.010284118
308.48	1.4891449e-05	-5.8392666	0.010238362
309.12	1.4946813e-05	-5.8392294	0.010313144
309.76	1.4787791e-05	-5.8392337	0.010320719
310.4	1.4869431e-05	-5.8392707	0.010172154
311.04	1.5237867e-05	-5.8392522	0.010314487
311.68	1.5030504e-05	-5.839196	0.010242097
312.32	1.5075831e-05	-5.8392332	0.010359515
312.96	1.4942848e-05	-5.8392519	0.010278286
313.6	1.5195945e-05	-5.839206	0.010390233
314.24	1.4706246e-05	-5.8392616	0.010324918
314.88	1.4639069e-05	-5.8391966	0.010338744
315.52	1.4821843e-05	-5.8392526	0.010234968
316.16	1.4789944e-05	-5.8392616	0.010288024
316.8	1.4921432e-05	-5.8392986	0.01023294
317.44	1.5018907e-05	-5.8392472	0.010233034
318.08	1.5096783e-05	-5.8392332	0.010276896
318.72	1.5031527e-05	-5.8392611	0.010194526
319.36	1.5419687e-05	-5.8392478	0.010283518
320	1.4738967e-05	-5.8392521	0.010298184
320.64	1.4953197e-05	-5.8392666	0.010324405
321.28	1.4943803e-05	-5.8392341	0.010223791
321.92	1.4889792e-05	-5.8392573	0.010239611
322.56	1.4942149e-05	-5.8392617	0.010314692
323.2	1.4998904e-05	-5.8392428	0.010249012
323.84	1.5351111e-05	-5.839215	0.010259061
324.48	1.5148481e-05	-5.8392472	0.010312026
325.12	1.5310606e-05	-5.8392428	0.010244001
325.76	1.5176173e-05	-5.8392197	0.010323719
326.4	1.4984481e-05	-5.8392384	0.010337454
327.04	1.485324e-05	-5.839206	0.010319724
327.68	1.488583e-05	-5.8392945	0.010215313
328.32	1.4949673e-05	-5.8392713	0.01031233
328.96	1.4853137e-05	-5.8392848	0.010300783
329.6	1.4997411e-05	-5.8392381	0.010295301
330.24	1.51526e-05	-5.8392706	0.010218717
330.88	1.5254864e-05	-5.8392287	0.010295649
331.52	1.5170717e-05	-5.8392474	0.010365028
332.16	1.5017543e-05	-5.8392521	0.010297551
332.8	1.5060566e-05	-5.8392385	0.010194505
333.44	1.4621964e-05	-5.8392616	0.010281808
334.08	1.4754308e-05	-5.8392432	0.010269202
334.72	1.4897587e-05	-5.8392991	0.010373192
335.36	1.4886909e-05	-5.8392337	0.010324272
336	1.5185414e-05	-5.8392476	0.010298202
336.64	1.5260389e-05	-5.8392474	0.010253454
337.28	1.5472394e-05	-5.8392615	0.010324771
337.92	1.5290897e-05	-5.8392475	0.010308392
338.56	1.5326959e-05	-5.8392618	0.010273051
339.2	1.4900183e-05	-5.8392291	0.010230953
339.84	1.495303e-05	-5.8392434	0.010273924
340.48	1.4905953e-05	-5.839248	0.010268622
341.12	1.4684938e-05	-5.8392756	0.010311672
341.76	1.5079854e-05	-5.8392664	0.010246569
342.4	1.5081206e-05	-5.839294	0.010175274
343.04	1.5224224e-05	-5.8392241	0.010237929
343.68	1.5338808e-05	-5.8392288	0.010220583
344.32	1.5054786e-05	-5.8392659	0.010259583
344.96	1.5100439e-05	-5.8392662	0.010226582
345.6	1.4705555e-05	-5.8392429	0.010308062
346.24	1.4731891e-05	-5.8392804	0.010226744
346.88	1.4886692e-05	-5.8392201	0.010304609
347.52	1.4826962e-05	-5.8392943	0.010292492
348.16	1.4957804e-05	-5.8392244	0.010315198
348.8	1.5174951e-05	-5.8392475	0.01028976
349.44	1.507555e-05	-5.8392518	0.010268236
350.08	1.536312e-05	-5.8392567	0.010267742
350.72	1.5266958e-05	-5.8392615	0.010305729
351.36	1.5283952e-05	-5.8392618	0.010307288
352	1.5027583e-05	-5.83922	0.010259109
352.64	1.4722729e-05	-5.8392664	0.010356236
353.28	1.4874284e-05	-5.8392387	0.01025174
353.92	1.4500584e-05	-5.8392567	0.010255387
354.56	1.5222485e-05	-5.8392525	0.010337857
355.2	1.5142936e-05	-5.8392567	0.010307836
355.84	1.5234191e-05	-5.8392519	0.010217431
356.48	1.5386483e-05	-5.8393219	0.010195345
357.12	1.5109889e-05	-5.8392381	0.010316023
357.76	1.5068513e-05	-5.8392244	0.010259968
358.4	1.5195222e-05	-5.8392574	0.010243897
359.04	1.4782857e-05	-5.8392479	0.010286669
359.68	1.4847249e-05	-5.8392061	0.010355627
360.32	1.4912312e-05	-5.839299	0.010278752
360.96	1.5067409e-05	-5.8392476	0.010256495
361.6	1.4867884e-05	-5.8392657	0.010338149
362.24	1.5153781e-05	-5.8392518	0.010302674
362.88	1.5642268e-05	-5.8392059	0.01028353
363.52	1.5244479e-05	-5.8392662	0.010284866
364.16	1.4913943e-05	-5.8392104	0.010295504
364.8	1.4902855e-05	-5.8392153	0.010217133
365.44	1.4651213e-05	-5.8392524	0.0102725
366.08	1.4831391e-05	-5.8392061	0.01034222
366.72	1.5046499e-05	-5.8392804	0.010271218
367.36	1.5218102e-05	-5.8392524	0.010248598
368	1.5276458e-05	-5.8392893	0.010287265
368.64	1.518376e-05	-5.8392565	0.010235741
369.28	1.4993172e-05	-5.8392238	0.01035373
369.92	1.4788505e-05	-5.8392751	0.010222494
370.56	1.4848204e-05	-5.8392615	0.010362253
371.2	1.4592112e-05	-5.8392058	0.010258302
371.84	1.4646706e-05	-5.8393176	0.010327071
372.48	1.4758577e-05	-5.8392664	0.010288865
373.12	1.4798229e-05	-5.8392755	0.010401396
373.76	1.4966178e-05	-5.8392195	0.010326206
374.4	1.5038745e-05	-5.8392425	0.010402942
375.04	1.5095268e-05	-5.8392564	0.010223093
375.68	1.5338112e-05	-5.8392242	0.010205813
376.32	1.4937837e-05	-5.8392427	0.010230229
376.96	1.4753652e-05	-5.8392569	0.010304699
377.6	1.4877424e-05	-5.8392247	0.010249203
378.24	1.4665915e-05	-5.8392664	0.010263534
378.88	1.4851447e-05	-5.8392572	0.01031342
379.52	1.501816e-05	-5.8392384	0.010254424
380.16	1.4961167e-05	-5.839238	0.010327171
380.8	1.5191779e-05	-5.8392892	0.010329994
381.44	1.5001739e-05	-5.8392749	0.010222685
382.08	1.5256781e-05	-5.8392707	0.010228745
382.72	1.4906972e-05	-5.8393079	0.01024429
383.36	1.4817753e-05	-5.8392198	0.010198971
384	1.4744133e-05	-5.8392711	0.01024629
384.64	1.4727001e-05	-5.839206	0.010311171
385.28	1.4423741e-05	-5.8392707	0.010268927
385.92	1.5167799e-05	-5.8392153	0.010286012
386.56	1.5112506e-05	-5.8392195	0.010247978
387.2	1.5160725e-05	-5.8392519	0.010287392
387.84	1.499405e-05	-5.8392563	0.01034449
388.48	1.525253e-05	-5.8392986	0.010282594
389.12	1.493889e-05	-5.8392429	0.010224056
389.76	1.4665752e-05	-5.8392522	0.010238587
390.4	1.4691797e-05	-5.8392339	0.010194506
391.04	1.4490736e-05	-5.8392383	0.010295024
391.68	1.4787345e-05	-5.8392152	0.010256498
392.32	1.4702698e-05	-5.8392194	0.010279814
392.96	1.5281533e-05	-5.8392429	0.010266889
393.6	1.5234491e-05	-5.839238	0.010312426
394.24	1.5183611e-05	-5.839238	0.010173174
394.88	1.519331e-05	-5.8392568	0.010327272
395.52	1.4949785e-05	-5.8392801	0.010251182
396.16	1.4827e-05	-5.8392431	0.010287503
396.8	1.4798878e-05	-5.8392851	0.010284284
397.44	1.4548361e-05	-5.8392709	0.010249052
398.08	1.4863923e-05	-5.8392198	0.010231336
398.72	1.5019148e-05	-5.8392987	0.010214198
399.36	1.5204e-05	-5.8392521	0.010295837
400	1.5187792e-05	-5.8392426	0.010213929
400.64	1.5392565e-05	-5.8392521	0.010313386
401.28	1.5229617e-05	-5.8392615	0.01020743
401.92	1.5039614e-05	-5.8392477	0.01027735
402.56	1.4891004e-05	-5.8392526	0.010289914
403.2	1.4466553e-05	-5.8392383	0.010340346
403.84	1.4580208e-05	-5.8392709	0.010319291
404.48	1.4925391e-05	-5.8392478	0.010274398
405.12	1.5047956e-05	-5.8392429	0.010251443
405.76	1.5359051e-05	-5.8391685	0.010333098
406.4	1.5272117e-05	-5.8392427	0.010242701
407.04	1.5272797e-05	-5.8392567	0.010246449
407.68	1.5173506e-05	-5.8391824	0.010348323
408.32	1.4866064e-05	-5.8392569	0.010299782
408.96	1.4417056e-05	-5.8392521	0.010191752
409.6	1.4838033e-05	-5.8392899	0.010245988
410.24	1.489114e-05	-5.83922	0.01027991
410.88	1.4825876e-05	-5.8392197	0.010317656
411.52	1.482432e-05	-5.8392008	0.01034155
412.16	1.5120498e-05	-5.8392612	0.010246167
412.8	1.5337406e-05	-5.8392753	0.010229911
413.44	1.5377403e-05	-5.8392754	0.010302894
414.08	1.4801313e-05	-5.8392566	0.010289251
414.72	1.5032613e-05	-5.8392897	0.010283612
415.36	1.459543e-05	-5.8392291	0.010319345
416	1.4601964e-05	-5.8392617	0.010251528
416.64	1.4876912e-05	-5.8392014	0.010317602
417.28	1.5047747e-05	-5.8392431	0.010284586
417.92	1.5003879e-05	-5.8392613	0.010195393
418.56	1.5382957e-05	-5.839294	0.010334011
419.2	1.5157366e-05	-5.8392612	0.010290941
419.84	1.5180867e-05	-5.8392706	0.010287618
420.48	1.5097213e-05	-5.8392197	0.010287714
421.12	1.4769738e-05	-5.839215	0.010294396
421.76	1.4806347e-05	-5.8392246	0.010306006
422.4	1.4791985e-05	-5.8392433	0.010284222
423.04	1.4865844e-05	-5.8392339	0.010273356
423.68	1.4773687e-05	-5.8392475	0.01025325
424.32	1.5073428e-05	-5.8392893	0.010289814
424.96	1.539716e-05	-5.8392382	0.010177845
425.6	1.5376542e-05	-5.8392474	0.010333217
426.24	1.5217194e-05	-5.8392567	0.010355584
426.88	1.4879833e-05	-5.8392335	0.010244784
427.52	1.4648251e-05	-5.839215	0.01021604
428.16	1.4748517e-05	-5.8392293	0.010336656
428.8	1.4838768e-05	-5.8392759	0.010268965
429.44	1.482543e-05	-5.8392152	0.010275211
430.08	1.4828746e-05	-5.8392242	0.010315974
430.72	1.5111383e-05	-5.8392707	0.010226619
431.36	1.4978571e-05	-5.8392657	0.010276827
432	1.5231916e-05	-5.8392426	0.01030118
432.64	1.5349601e-05	-5.8392616	0.010340358
433.28	1.4908032e-05	-5.8391963	0.01026212
433.92	1.4939379e-05	-5.8392339	0.010455466
434.56	1.4597647e-05	-5.8392431	0.010285839
435.2	1.4956577e-05	-5.8392667	0.010214332
435.84	1.4732063e-05	-5.8392477	0.010317095
436.48	1.4776381e-05	-5.839252	0.010251828
437.12	1.5221546e-05	-5.8392614	0.010250533
437.76	1.5038616e-05	-5.8392145	0.010293872
438.4	1.5260665e-05	-5.8392008	0.010252115
439.04	1.4947893e-05	-5.8392565	0.010344376
439.68	1.5067229e-05	-5.839257	0.010291054
440.32	1.4382225e-05	-5.8392892	0.010290377
440.96	1.4718127e-05	-5.8392711	0.010288405
441.6	1.4525635e-05	-5.839243	0.010312643
442.24	1.4895675e-05	-5.8392338	0.010307219
442.88	1.493487e-05	-5.8392335	0.01041143
443.52	1.5163053e-05	-5.8392427	0.010232021
444.16	1.5405839e-05	-5.8392753	0.010352073
444.8	1.5312453e-05	-5.8392148	0.010317406
445.44	1.5269509e-05	-5.8392569	0.010281594
446.08	1.4807068e-05	-5.8392429	0.010183348
446.72	1.4783132e-05	-5.8391966	0.010259147
447.36	1.4791419e-05	-5.8392573	0.010316599
448	1.479401e-05	-5.8392339	0.010328433
448.64	1.4941248e-05	-5.8392199	0.010278207
449.28	1.495679e-05	-5.8392707	0.010259524
449.92	1.5225234e-05	-5.8392288	0.010266096
450.56	1.5323532e-05	-5.8392241	0.01029088
451.2	1.5486076e-05	-5.8392755	0.010306715
451.84	1.4924133e-05	-5.8392194	0.01036355
452.48	1.4678228e-05	-5.83928	0.01027862
453.12	1.4552303e-05	-5.8392336	0.010388986
453.76	1.4673186e-05	-5.8392804	0.010287075
454.4	1.4870236e-05	-5.8392805	0.010247286
455.04	1.5001469e-05	-5.8392431	0.010356969
455.68	1.5229483e-05	-5.8392616	0.010281744
456.32	1.5375411e-05	-5.8392661	0.01024023
456.96	1.5033725e-05	-5.8392424	0.010252486
457.6	1.5206212e-05	-5.8392148	0.010319029
458.24	1.4895957e-05	-5.8392474	0.010326856
458.88	1.4851595e-05	-5.8392198	0.010217881
459.52	1.4649575e-05	-5.8392663	0.010344237
460.16	1.4751728e-05	-5.8392293	0.010336574
460.8	1.4743977e-05	-5.8392291	0.010311744
461.44	1.4916966e-05	-5.8392895	0.010282286
462.08	1.5106177e-05	-5.8392893	0.010279524
462.72	1.5180599e-05	-5.8391961	0.010321992
463.36	1.5476761e-05	-5.839215	0.010275759
464	1.5094426e-05	-5.8392659	0.010248764
464.64	1.4910742e-05	-5.8392614	0.010274689
465.28	1.4857039e-05	-5.8392151	0.010323701
465.92	1.4552482e-05	-5.8392476	0.010308598
466.56	1.4798529e-05	-5.8392758	0.010252202
467.2	1.4870886e-05	-5.8392478	0.010197856
467.84	1.4926264e-05	-5.8392337	0.010308478
468.48	1.5143909e-05	-5.8393033	0.010164634
469.12	1.5259225e-05	-5.8392427	0.01024015
469.76	1.5379244e-05	-5.8392986	0.010283088
470.4	1.5150238e-05	-5.8392288	0.010289584
471.04	1.4915459e-05	-5.8392521	0.010254707
471.68	1.5006454e-05	-5.8392572	0.010268682
472.32	1.4549562e-05	-5.8392709	0.010305847
472.96	1.4650371e-05	-5.8392431	0.010251394
473.6	1.4825531e-05	-5.839271	0.010283839
474.24	1.4991946e-05	-5.8392337	0.010281073
474.88	1.5024495e-05	-5.839238	0.010356499
475.52	1.5245384e-05	-5.8392567	0.010279614
476.16	1.548211e-05	-5.839215	0.010288297
476.8	1.4885518e-05	-5.8392425	0.01027846
477.44	1.4900997e-05	-5.8392568	0.010256936
478.08	1.4886524e-05	-5.8392524	0.010275401
478.72	1.4760465e-05	-5.8392385	0.010328662
479.36	1.4713686e-05	-5.8392292	0.010341905
480	1.4868327e-05	-5.8392617	0.010261733
480.64	1.4852936e-05	-5.8392474	0.010278264
481.28	1.5031108e-05	-5.8392334	0.010257306
481.92	1.5173039e-05	-5.8392798	0.010309383
482.56	1.5087727e-05	-5.8392332	0.010245784
483.2	1.5202306e-05	-5.8392847	0.010318365
483.84	1.5028518e-05	-5.8392616	0.010285711
484.48	1.4752405e-05	-5.8392291	0.010321313
485.12	1.4869305e-05	-5.8391828	0.010254621
485.76	1.4681924e-05	-5.8392524	0.010303107
486.4	1.4785672e-05	-5.839229	0.010252382
487.04	1.4814195e-05	-5.839252	0.010339765
487.68	1.5038853e-05	-5.8392659	0.010276881
488.32	1.5191759e-05	-5.8392473	0.010330617
488.96	1.5249695e-05	-5.8392381	0.010259184
489.6	1.5136831e-05	-5.8392475	0.010274536
490.24	1.4915208e-05	-5.8392895	0.010301605
490.88	1.4816176e-05	-5.839271	0.010259056
491.52	1.4733524e-05	-5.8392385	0.010362166
492.16	1.4896808e-05	-5.8392154	0.010353836
492.8	1.4558752e-05	-5.8392427	0.010246587
493.44	1.5262221e-05	-5.8392152	0.010306856
494.08	1.5301729e-05	-5.8392615	0.010335874
494.72	1.5195284e-05	-5.8392147	0.010301911
495.36	1.5071324e-05	-5.8392938	0.010295162
496	1.4759852e-05	-5.8392239	0.010266733
496.64	1.4946725e-05	-5.839243	0.010341287
497.28	1.4965269e-05	-5.8392526	0.010250442
497.92	1.4673411e-05	-5.8392664	0.010185661
498.56	1.4842372e-05	-5.8392106	0.010304799
499.2	1.5012825e-05	-5.8392478	0.010303627
499.84	1.5139298e-05	-5.839215	0.010330722
