0	2.9482489e-05	-5.8427476	-0.0053601137
0.64	2.9701769e-05	-5.8427151	-0.0053465899
1.28	2.9321354e-05	-5.8426817	-0.0052721229
1.92	3.0028949e-05	-5.842705	-0.0053604411
2.56	3.0535485e-05	-5.8427562	-0.0053893692
3.2	3.0638578e-05	-5.8427143	-0.0053590944
3.84	3.065475e-05	-5.8426773	-0.0052891441
4.48	3.0062305e-05	-5.8427702	-0.0053456539
5.12	2.9445854e-05	-5.8427377	-0.0052607315
5.76	2.8575423e-05	-5.8427419	-0.0053603046
6.4	2.9545553e-05	-5.8427151	-0.0053428054
7.04	2.9446735e-05	-5.8428311	-0.0053583675
7.68	2.99404e-05	-5.842738	-0.0054109921
8.32	2.9805766e-05	-5.8428024	-0.0054638356
8.96	2.9969169e-05	-5.8426719	-0.0053014144
9.6	3.0102217e-05	-5.8427696	-0.0052579504
10.24	3.0775533e-05	-5.8427706	-0.0053045435
10.88	3.0111271e-05	-5.8427658	-0.0053771681
11.52	2.9553702e-05	-5.8427379	-0.005384765
12.16	2.9487977e-05	-5.8427661	-0.0052884061
12.8	2.9246261e-05	-5.8427473	-0.0053448241
13.44	2.9663666e-05	-5.8427382	-0.0053947893
14.08	3.01757e-05	-5.8427382	-0.0053788788
14.72	3.0269854e-05	-5.842747	-0.0053662371
15.36	3.0343317e-05	-5.8427048	-0.0053229317
16	3.0329599e-05	-5.8427513	-0.0053349159
16.64	2.9842835e-05	-5.842644	-0.005297111
17.28	2.9948732e-05	-5.8427331	-0.0053201479
17.92	2.9708907e-05	-5.8427473	-0.0052235274
18.56	2.9830576e-05	-5.8427572	-0.0053303225
19.2	2.9444108e-05	-5.8428173	-0.0053572117
19.84	3.0155999e-05	-5.8427247	-0.005313229
20.48	2.9968795e-05	-5.8427426	-0.0053049046
21.12	3.0212533e-05	-5.8427422	-0.0053533069
21.76	3.0271673e-05	-5.8426768	-0.0052885879
22.4	3.0648208e-05	-5.8427329	-0.005433608
23.04	3.0544102e-05	-5.8427099	-0.0053739928
23.68	3.0542511e-05	-5.8427198	-0.0053813955
24.32	2.9705712e-05	-5.8427847	-0.0054200353
24.96	2.9557507e-05	-5.8427244	-0.0054030603
25.6	2.9710577e-05	-5.8427525	-0.0053402529
26.24	2.9991746e-05	-5.8426826	-0.0053522958
26.88	2.9764847e-05	-5.8427935	-0.0054212891
27.52	3.0202071e-05	-5.8427747	-0.0053791504
28.16	3.0214462e-05	-5.8427557	-0.0052845278
28.8	3.0401504e-05	-5.8427094	-0.0053752848
29.44	3.0330106e-05	-5.8426865	-0.0052629884
30.08	2.9826983e-05	-5.8427657	-0.005480138
30.72	2.959716e-05	-5.8427335	-0.0053643377
31.36	2.9740476e-05	-5.8427293	-0.0053164925
32	2.9036327e-05	-5.8427611	-0.0053673448
32.64	2.9725014e-05	-5.8427335	-0.0053213337
33.28	2.9867386e-05	-5.8427284	-0.0052790067
33.92	3.079286e-05	-5.8426729	-0.0052778128
34.56	3.0643215e-05	-5.8427329	-0.0053172675
35.2	3.0423185e-05	-5.8427746	-0.0053978637
35.84	3.0255987e-05	-5.8427842	-0.0053428833
36.48	2.955439e-05	-5.8427376	-0.0054156781
37.12	2.959545e-05	-5.8426824	-0.0053152607
37.76	2.8887556e-05	-5.8427145	-0.0053760923
38.4	2.9864377e-05	-5.8427433	-0.0053371319
39.04	2.9701257e-05	-5.842738	-0.0053317768
39.68	2.9364731e-05	-5.8427045	-0.0053965673
40.32	3.0303064e-05	-5.84277	-0.0053018858
40.96	3.0342551e-05	-5.8427744	-0.0053909045
41.6	3.0074702e-05	-5.8426766	-0.0052977912
42.24	3.0392123e-05	-5.8427565	-0.0053021887
42.88	2.98511e-05	-5.842738	-0.0052415751
43.52	2.9618832e-05	-5.8427662	-0.0054057982
44.16	2.9290067e-05	-5.8427614	-0.0052903696
44.8	2.9590954e-05	-5.8427104	-0.0053779199
45.44	2.948232e-05	-5.8426726	-0.0052591378
46.08	2.9802344e-05	-5.8426862	-0.0053264366
46.72	3.0089589e-05	-5.8427558	-0.005284346
47.36	3.0201261e-05	-5.8426813	-0.0053520864
48	3.0710493e-05	-5.8427331	-0.0053696359
48.64	3.046547e-05	-5.842766	-0.0054052662
49.28	2.995354e-05	-5.842794	-0.0054415276
49.92	2.9538525e-05	-5.8427754	-0.0053329271
50.56	2.996902e-05	-5.8426969	-0.0051970125
51.2	2.9554219e-05	-5.8427894	-0.0054049259
51.84	2.9528998e-05	-5.8427284	-0.0052663068
52.48	3.054011e-05	-5.8427334	-0.005365611
53.12	3.0205378e-05	-5.842714	-0.0053479695
53.76	3.0996666e-05	-5.8426821	-0.0052803286
54.4	3.0022671e-05	-5.8426907	-0.0052941372
55.04	3.0107203e-05	-5.8427518	-0.0054263407
55.68	2.9870227e-05	-5.8426963	-0.0052903046
56.32	2.9783734e-05	-5.8427338	-0.0053480632
56.96	2.9173524e-05	-5.8427287	-0.0053754345
57.6	2.9624317e-05	-5.8427335	-0.0053100464
58.24	2.9911535e-05	-5.8427194	-0.0053652462
58.88	2.9856412e-05	-5.8427466	-0.0052885076
59.52	2.9846283e-05	-5.8427137	-0.0054858336
60.16	3.0309021e-05	-5.8427559	-0.0053788362
60.8	3.0287509e-05	-5.8427515	-0.0053395803
61.44	2.999335e-05	-5.8427424	-0.0052296953
62.08	3.0189423e-05	-5.8427897	-0.0055051784
62.72	2.9570335e-05	-5.8427476	-0.0053942988
63.36	2.9596263e-05	-5.8427058	-0.005280605
64	2.9835652e-05	-5.842743	-0.0052681846
64.64	3.0347473e-05	-5.8426639	-0.0053152563
65.28	2.9851823e-05	-5.8428535	-0.0053582269
65.92	3.0350113e-05	-5.8427374	-0.0054299476
66.56	3.0228022e-05	-5.8427651	-0.0054194838
67.2	2.9983047e-05	-5.8427094	-0.0052685538
67.84	3.011814e-05	-5.8427706	-0.0054572704
68.48	2.9469909e-05	-5.8427983	-0.0053895763
69.12	2.9731741e-05	-5.8427338	-0.0053642999
69.76	2.9415399e-05	-5.8427614	-0.0053230175
70.4	2.987788e-05	-5.842729	-0.0052563737
71.04	2.98839e-05	-5.8427098	-0.0053603208
71.68	2.9670497e-05	-5.8427323	-0.0053117851
72.32	3.077409e-05	-5.8427238	-0.0053344718
72.96	3.0597878e-05	-5.8428167	-0.0055211167
73.6	2.9975921e-05	-5.8427839	-0.0054767435
74.24	3.0203692e-05	-5.8427568	-0.0053260086
74.88	2.9765736e-05	-5.8427429	-0.0054139324
75.52	2.9901461e-05	-5.8427852	-0.0053633058
76.16	2.9711046e-05	-5.8426501	-0.0053789655
76.8	2.9603971e-05	-5.84271	-0.0052743073
77.44	3.0288568e-05	-5.8427148	-0.0052546472
78.08	3.0075405e-05	-5.8426815	-0.0053554648
78.72	3.0505558e-05	-5.8427282	-0.0051805811
79.36	3.0215734e-05	-5.8427792	-0.0053850868
80	3.0106885e-05	-5.8426771	-0.0052166677
80.64	3.0352287e-05	-5.8427151	-0.0054098272
81.28	2.9488895e-05	-5.8427427	-0.0053080113
81.92	2.9682184e-05	-5.8427943	-0.0053077716
82.56	3.0054424e-05	-5.8427015	-0.00542165
83.2	2.979266e-05	-5.8427799	-0.0053533259
83.84	3.0350475e-05	-5.8427334	-0.0053641504
84.48	3.0451482e-05	-5.8427377	-0.0053164294
85.12	3.0805629e-05	-5.8427238	-0.0053163649
85.76	3.0199329e-05	-5.8427745	-0.0054553667
86.4	3.0316394e-05	-5.8427472	-0.0054571516
87.04	3.0262692e-05	-5.842836	-0.005403546
87.68	2.9712155e-05	-5.8426965	-0.0052725924
88.32	2.9731549e-05	-5.8426734	-0.0053444823
88.96	2.9644868e-05	-5.8427336	-0.0052909971
89.6	2.9913185e-05	-5.8427613	-0.0054395029
90.24	2.9920726e-05	-5.8427282	-0.0054011657
90.88	2.9871051e-05	-5.8427091	-0.0053179388
91.52	3.081121e-05	-5.8427145	-0.0053588414
92.16	3.0178693e-05	-5.8427327	-0.0053232301
92.8	3.0304996e-05	-5.8427519	-0.0053638022
93.44	2.9803159e-05	-5.8426822	-0.0052650536
94.08	2.9249749e-05	-5.84271	-0.0052833171
94.72	2.9561178e-05	-5.842743	-0.0052530096
95.36	2.9803728e-05	-5.8427477	-0.0053454122
96	2.9965861e-05	-5.8427334	-0.005261706
96.64	2.9723352e-05	-5.8427698	-0.0054042903
97.28	3.0077397e-05	-5.8427092	-0.0053640381
97.92	3.0266851e-05	-5.8427372	-0.0052413575
98.56	2.9924986e-05	-5.8427325	-0.0053757039
99.2	3.0221236e-05	-5.8426868	-0.0052918019
99.84	2.9156908e-05	-5.8427793	-0.0054937215
100.48	2.9629157e-05	-5.8427383	-0.0054152594
101.12	2.9972243e-05	-5.842762	-0.0052777196
101.76	2.9844194e-05	-5.8427383	-0.0052881596
102.4	3.0165382e-05	-5.8426591	-0.0052756055
103.04	3.0316338e-05	-5.8426819	-0.0053360972
103.68	3.0664078e-05	-5.8427144	-0.0053786709
104.32	3.039931e-05	-5.8427467	-0.0053900419
104.96	3.015251e-05	-5.8427933	-0.0052302058
105.6	2.9878174e-05	-5.8427052	-0.0052893609
106.24	2.8967056e-05	-5.8427234	-0.0052490443
106.88	2.9926057e-05	-5.8427805	-0.0051905589
107.52	2.9265813e-05	-5.8427427	-0.0053065943
108.16	2.9505607e-05	-5.8426867	-0.0052475169
108.8	2.9912334e-05	-5.8427564	-0.0053529142
109.44	3.026735e-05	-5.842733	-0.0053943096
110.08	3.028445e-05	-5.8427792	-0.0053073243
110.72	3.0884039e-05	-5.8427007	-0.0052397481
111.36	2.980553e-05	-5.8427372	-0.0053111563
112	2.9674469e-05	-5.8427469	-0.0052882606
112.64	2.9361953e-05	-5.8427238	-0.0052916334
113.28	2.9561943e-05	-5.8427104	-0.0052835712
113.92	2.9673319e-05	-5.842771	-0.0053967071
114.56	3.0059371e-05	-5.8427617	-0.0054716069
115.2	3.0123111e-05	-5.8427194	-0.0053839603
115.84	3.0038909e-05	-5.8427234	-0.0053887779
116.48	2.9684318e-05	-5.8427832	-0.0053456114
117.12	3.0722824e-05	-5.8427099	-0.0054169769
117.76	2.9650272e-05	-5.8427417	-0.0052841483
118.4	2.9649277e-05	-5.8426772	-0.0052989638
119.04	2.920786e-05	-5.8427051	-0.0053674654
119.68	2.9517274e-05	-5.842701	-0.0053745874
120.32	2.9681225e-05	-5.8427755	-0.0052288177
120.96	3.010342e-05	-5.8427384	-0.005312955
121.6	2.9694577e-05	-5.8427468	-0.0052344666
122.24	3.0385494e-05	-5.8427377	-0.0052388939
122.88	3.0395395e-05	-5.8427328	-0.0053287396
123.52	3.0187966e-05	-5.8427234	-0.0053073867
124.16	3.0232825e-05	-5.8427191	-0.0053778654
124.8	3.0033275e-05	-5.8427567	-0.0053723146
125.44	3.0060401e-05	-5.8427386	-0.0053039378
126.08	2.9163876e-05	-5.8427518	-0.005408043
126.72	2.9203185e-05	-5.8427471	-0.0053735672
127.36	2.9422973e-05	-5.842733	-0.0053253111
128	2.9800266e-05	-5.8427375	-0.0053442861
128.64	3.0189282e-05	-5.8427421	-0.0053989915
129.28	3.0823421e-05	-5.8426262	-0.0052026906
129.92	3.0020618e-05	-5.8427279	-0.0052759656
130.56	2.9999378e-05	-5.842733	-0.0053128582
131.2	3.0457879e-05	-5.8427712	-0.0053497804
131.84	2.9531524e-05	-5.8427009	-0.0052412753
132.48	2.992055e-05	-5.8427712	-0.0053208306
133.12	2.9973385e-05	-5.8427013	-0.0053363167
133.76	2.9930409e-05	-5.8427892	-0.0053616693
134.4	2.9753424e-05	-5.842728	-0.0053071112
135.04	3.0061079e-05	-5.8426303	-0.0053053427
135.68	3.0023367e-05	-5.8427557	-0.0053746815
136.32	3.0250105e-05	-5.8428166	-0.0053082194
136.96	2.9833977e-05	-5.8427515	-0.0054483679
137.6	2.9894766e-05	-5.8426916	-0.0052431444
138.24	2.9523776e-05	-5.8427521	-0.0053617188
138.88	2.9162811e-05	-5.8427286	-0.005367744
139.52	2.9994985e-05	-5.8427059	-0.0053616415
140.16	2.9742648e-05	-5.8427098	-0.0053776662
140.8	3.0083487e-05	-5.8428306	-0.0053534748
141.44	3.0780635e-05	-5.842724	-0.0053575795
142.08	3.0379235e-05	-5.8427328	-0.0054532729
142.72	3.0587292e-05	-5.8427007	-0.005268268
143.36	3.0442886e-05	-5.8427057	-0.005341803
144	2.9518886e-05	-5.8427518	-0.0053367837
144.64	2.960787e-05	-5.8427754	-0.0053934957
145.28	2.9557189e-05	-5.8427243	-0.0052043717
145.92	2.9909854e-05	-5.842715	-0.0052555838
146.56	2.9988941e-05	-5.84271	-0.0052194308
147.2	3.0545111e-05	-5.8427101	-0.0053282693
147.84	3.03648e-05	-5.8427003	-0.0053469075
148.48	3.0064431e-05	-5.8426953	-0.0052482908
149.12	3.0078016e-05	-5.84277	-0.0053583335
149.76	2.9913322e-05	-5.8427657	-0.0054295559
150.4	2.976165e-05	-5.842752	-0.005316075
151.04	2.9532543e-05	-5.8426917	-0.0053478056
151.68	2.9124521e-05	-5.8427006	-0.0053487973
152.32	2.9738807e-05	-5.8427474	-0.0052911426
152.96	2.9857883e-05	-5.8426912	-0.0053871502
153.6	3.0010865e-05	-5.8427327	-0.0054776431
154.24	3.0289835e-05	-5.8427513	-0.0051798356
154.88	3.0150631e-05	-5.8427326	-0.0052014196
155.52	3.0612197e-05	-5.8427474	-0.0053865777
156.16	2.9857887e-05	-5.8427052	-0.0053624339
156.8	3.0128703e-05	-5.8427664	-0.0053742083
157.44	2.9866667e-05	-5.8427851	-0.0053461003
158.08	2.9606547e-05	-5.8427987	-0.0052790812
158.72	2.9918744e-05	-5.8427987	-0.0054138678
159.36	2.9712114e-05	-5.8426771	-0.0052053344
160	2.9939888e-05	-5.8427233	-0.0053801393
160.64	3.0056064e-05	-5.8426953	-0.0053503595
161.28	3.0506614e-05	-5.842733	-0.0052441458
161.92	2.998024e-05	-5.8427514	-0.0052082724
162.56	2.9822539e-05	-5.842789	-0.0053328531
163.2	2.9320713e-05	-5.8427983	-0.0053112397
163.84	2.9602634e-05	-5.8427197	-0.0053400069
164.48	2.989545e-05	-5.8427478	-0.0053683617
165.12	2.9789409e-05	-5.8427333	-0.0053607033
165.76	3.0182244e-05	-5.8427332	-0.005355103
166.4	3.0349451e-05	-5.8427144	-0.0053001738
167.04	3.0404989e-05	-5.8427607	-0.005291777
167.68	3.0284114e-05	-5.8427282	-0.0053100052
168.32	2.9813895e-05	-5.8427421	-0.005382652
168.96	2.9644429e-05	-5.8427377	-0.0053554026
169.6	2.9621663e-05	-5.8427846	-0.0053788543
170.24	3.0401959e-05	-5.8427577	-0.005416755
170.88	2.9594123e-05	-5.8427289	-0.0053972411
171.52	2.9850471e-05	-5.8427194	-0.0052622056
172.16	3.0391804e-05	-5.8427892	-0.0053933413
172.8	3.0585589e-05	-5.8427285	-0.0052165103
173.44	3.0682776e-05	-5.8427517	-0.0053089932
174.08	2.9750381e-05	-5.8427277	-0.0053357294
174.72	3.0290615e-05	-5.8426914	-0.0053991615
175.36	2.9754817e-05	-5.8427193	-0.0053929338
176	2.9914416e-05	-5.8427152	-0.0052751671
176.64	2.992146e-05	-5.8427619	-0.0053094446
177.28	2.9869116e-05	-5.8428128	-0.0053492675
177.92	3.038469e-05	-5.8427431	-0.0053683501
178.56	3.0270181e-05	-5.8427239	-0.0053077214
179.2	3.0517711e-05	-5.8427889	-0.0054025588
179.84	3.0404656e-05	-5.8427514	-0.0053655437
180.48	3.0343505e-05	-5.8427515	-0.005281404
181.12	3.0098736e-05	-5.8427285	-0.0053405857
181.76	2.9968165e-05	-5.8426824	-0.0052525061
182.4	2.9794365e-05	-5.8428221	-0.0053218594
183.04	2.9423386e-05	-5.8427288	-0.0053423969
183.68	2.9869289e-05	-5.8427291	-0.0053783679
184.32	3.0209642e-05	-5.8427103	-0.0054555254
184.96	2.9779876e-05	-5.8427978	-0.0053851026
185.6	3.0524374e-05	-5.842719	-0.0053399223
186.24	3.0396875e-05	-5.8426723	-0.0053482337
186.88	3.0206196e-05	-5.8427096	-0.0052904097
187.52	3.0173632e-05	-5.8427519	-0.0054721196
188.16	2.9427885e-05	-5.8427006	-0.0053085434
188.8	2.8934322e-05	-5.8427144	-0.0052848066
189.44	2.9893225e-05	-5.8427339	-0.0053328033
190.08	2.9923738e-05	-5.8427291	-0.0053866788
190.72	2.9490858e-05	-5.8427142	-0.0054084519
191.36	2.9741681e-05	-5.8427092	-0.0052604116
192	3.0439374e-05	-5.8427235	-0.0053786431
192.64	3.0083252e-05	-5.8427418	-0.005296872
193.28	2.9846514e-05	-5.8427791	-0.0054194631
193.92	2.984178e-05	-5.8427098	-0.0053666532
194.56	2.9843525e-05	-5.8427289	-0.0053328709
195.2	2.9145426e-05	-5.8427705	-0.0054641795
195.84	2.9737422e-05	-5.842692	-0.0053256643
196.48	2.9924128e-05	-5.8427755	-0.0053035921
197.12	2.9644254e-05	-5.8427654	-0.0053931404
197.76	3.0302584e-05	-5.8427143	-0.0053076897
198.4	3.0114546e-05	-5.8427092	-0.0053053099
199.04	3.0564393e-05	-5.8427562	-0.0054041531
199.68	3.0313914e-05	-5.8426959	-0.0053235176
200.32	2.9850766e-05	-5.8427332	-0.005227556
200.96	2.9656674e-05	-5.842715	-0.0053885674
201.6	2.967142e-05	-5.8427757	-0.005239572
202.24	2.9824508e-05	-5.8427292	-0.0053422035
202.88	3.0082967e-05	-5.8426872	-0.0053808238
203.52	3.0095938e-05	-5.8427657	-0.0054082664
204.16	2.9982966e-05	-5.8427139	-0.0054090191
204.8	3.0214982e-05	-5.8427186	-0.0053187507
205.44	3.042721e-05	-5.8427747	-0.0052183398
206.08	3.0365356e-05	-5.8426449	-0.0053798171
206.72	2.9937047e-05	-5.8426916	-0.0052403961
207.36	2.9520108e-05	-5.8427288	-0.0054304266
208	2.9405462e-05	-5.8427987	-0.0054666547
208.64	2.9165555e-05	-5.8427285	-0.0054703489
209.28	2.999324e-05	-5.8428033	-0.0053661458
209.92	3.009405e-05	-5.8427331	-0.0053471626
210.56	2.9932829e-05	-5.8427045	-0.0052713205
211.2	3.0633697e-05	-5.8427422	-0.0052512311
211.84	3.004519e-05	-5.8427558	-0.0054263613
212.48	3.0070376e-05	-5.8427331	-0.0054260648
213.12	3.0258985e-05	-5.8427663	-0.0054421661
213.76	2.9930946e-05	-5.8427711	-0.0053815242
214.4	2.9952404e-05	-5.8426783	-0.0054548649
215.04	2.9491556e-05	-5.842752	-0.0052989955
215.68	3.0005193e-05	-5.8426916	-0.0054110569
216.32	3.0492358e-05	-5.8426962	-0.0053470712
216.96	3.0001299e-05	-5.842779	-0.005444029
217.6	3.017859e-05	-5.8428116	-0.0053288096
218.24	3.0223652e-05	-5.8427746	-0.0052709696
218.88	3.0014689e-05	-5.8427656	-0.0052119977
219.52	2.9683203e-05	-5.8427566	-0.005287842
220.16	2.9409123e-05	-5.8427428	-0.0053345029
220.8	2.8912488e-05	-5.8427564	-0.0054370208
221.44	2.9573584e-05	-5.8427381	-0.0053117168
222.08	2.9673568e-05	-5.8428121	-0.0053529454
222.72	3.0103032e-05	-5.8427422	-0.0052429442
223.36	3.0446475e-05	-5.8427235	-0.0052564355
224	3.0571545e-05	-5.842705	-0.0052935002
224.64	3.0062984e-05	-5.8427513	-0.005335926
225.28	2.9949431e-05	-5.8427331	-0.0053456478
225.92	3.0311893e-05	-5.8427387	-0.0053784061
226.56	2.9929411e-05	-5.8427108	-0.0053594641
227.2	2.9184853e-05	-5.842752	-0.0054455011
227.84	2.9911635e-05	-5.8427244	-0.0053829048
228.48	2.9728494e-05	-5.8427237	-0.005339135
229.12	3.0723048e-05	-5.8427194	-0.005253819
229.76	3.0402496e-05	-5.8427373	-0.0053448222
230.4	3.036041e-05	-5.8426954	-0.005251043
231.04	3.0157414e-05	-5.8426863	-0.0052933038
231.68	2.9923713e-05	-5.8427658	-0.0053103857
232.32	2.9482826e-05	-5.8427334	-0.0055251453
232.96	2.9356535e-05	-5.8427336	-0.0054234834
233.6	2.9314694e-05	-5.8427196	-0.0053151964
234.24	2.9817628e-05	-5.8427801	-0.0053707308
234.88	3.0370184e-05	-5.8427288	-0.0054021072
235.52	3.0194008e-05	-5.842714	-0.005291526
236.16	3.0624421e-05	-5.8427421	-0.0053115056
236.8	3.0669097e-05	-5.8427748	-0.0053075748
237.44	3.0143461e-05	-5.8426724	-0.0052415842
238.08	2.9617861e-05	-5.8427191	-0.0053307201
238.72	3.0045789e-05	-5.8427434	-0.0052463801
239.36	2.9049646e-05	-5.8427566	-0.0054131136
240	2.8970511e-05	-5.8427052	-0.0053149394
240.64	2.9912099e-05	-5.8427614	-0.0053381014
241.28	2.9860614e-05	-5.8427328	-0.0053354302
241.92	3.0153408e-05	-5.8427744	-0.0054717903
242.56	3.032676e-05	-5.8427417	-0.0053325626
243.2	3.0655229e-05	-5.8427143	-0.0053503655
243.84	3.0015106e-05	-5.8427422	-0.0054712299
244.48	2.9923517e-05	-5.8427893	-0.0055621473
245.12	2.9493957e-05	-5.8427197	-0.0053749176
245.76	2.9454046e-05	-5.8427292	-0.0052818435
246.4	2.933996e-05	-5.8427335	-0.0053061945
247.04	3.0033723e-05	-5.8427568	-0.0052899811
247.68	3.0142554e-05	-5.8427702	-0.005399368
248.32	2.9955046e-05	-5.8426857	-0.0051855386
248.96	3.0108399e-05	-5.8426904	-0.0052782231
249.6	3.0872706e-05	-5.8426914	-0.0053706517
250.24	3.0087738e-05	-5.8426819	-0.0052556783
250.88	2.9913957e-05	-5.842715	-0.0053001898
251.52	2.9489641e-05	-5.842743	-0.0053078952
252.16	2.9288538e-05	-5.8427429	-0.0053112068
252.8	2.92458e-05	-5.8427286	-0.0053813135
253.44	2.9626827e-05	-5.8427377	-0.0052826296
254.08	3.0479069e-05	-5.842696	-0.005381735
254.72	3.0098591e-05	-5.8427184	-0.0054139376
255.36	3.0111777e-05	-5.8427788	-0.0053013707
256	3.0509855e-05	-5.8427422	-0.0054323992
256.64	2.9637761e-05	-5.842756	-0.0053887406
257.28	2.954958e-05	-5.8427473	-0.0053994865
257.92	2.9860094e-05	-5.8427295	-0.0053571852
258.56	2.9530322e-05	-5.8427525	-0.0054303381
259.2	3.0076446e-05	-5.8427387	-0.0054449152
259.84	2.9847419e-05	-5.8426727	-0.0052716032
260.48	2.9996658e-05	-5.8427094	-0.0052877067
261.12	3.046861e-05	-5.8427466	-0.0051946389
261.76	3.0850282e-05	-5.8427097	-0.0054187377
262.4	3.0646038e-05	-5.842668	-0.0053320418
263.04	3.0232516e-05	-5.8427195	-0.0052263038
263.68	2.9342495e-05	-5.8427844	-0.0052949894
264.32	2.9543914e-05	-5.8426966	-0.0054478217
264.96	2.9071589e-05	-5.8427381	-0.0054006227
265.6	2.9499191e-05	-5.8428218	-0.0053410149
266.24	2.9621209e-05	-5.8427655	-0.0054702396
266.88	3.0092334e-05	-5.8427559	-0.005425618
267.52	3.0975091e-05	-5.8427331	-0.0053125405
268.16	3.0762463e-05	-5.8427189	-0.0054776397
268.8	3.0015925e-05	-5.8427558	-0.0053590137
269.44	2.9983976e-05	-5.8427658	-0.0052789129
270.08	2.9671386e-05	-5.8427336	-0.0054076113
270.72	2.9262233e-05	-5.8427616	-0.0053505942
271.36	2.9167814e-05	-5.8428126	-0.0052435205
272	2.967694e-05	-5.8427429	-0.0054419438
272.64	2.9918506e-05	-5.8427144	-0.0053790709
273.28	3.0646918e-05	-5.8427098	-0.005275439
273.92	3.0619559e-05	-5.842728	-0.0055078437
274.56	3.0541031e-05	-5.8427606	-0.0053731444
275.2	3.0233996e-05	-5.8426817	-0.0053262242
275.84	2.9849399e-05	-5.8427426	-0.0053212458
276.48	2.9404848e-05	-5.8426544	-0.0052314008
277.12	2.9095276e-05	-5.8427382	-0.0053657152
277.76	2.9190686e-05	-5.842687	-0.0053259361
278.4	3.0000303e-05	-5.8427151	-0.0053133788
279.04	2.9874435e-05	-5.8427561	-0.0054038289
279.68	3.0261438e-05	-5.8427094	-0.005292267
280.32	3.0568084e-05	-5.8427047	-0.0053433821
280.96	3.0136047e-05	-5.8427602	-0.005511539
281.6	3.003606e-05	-5.8427189	-0.0052898892
282.24	3.0012109e-05	-5.8426777	-0.0053692003
282.88	2.9756392e-05	-5.8427943	-0.0053663543
283.52	2.9407197e-05	-5.8427431	-0.0052835705
284.16	2.9823538e-05	-5.84272	-0.0052884524
284.8	2.9790229e-05	-5.8427845	-0.0053801904
285.44	3.0397164e-05	-5.8426914	-0.0053878936
286.08	3.0520281e-05	-5.8427793	-0.0052742096
286.72	3.0066813e-05	-5.8427508	-0.0054323776
287.36	3.0481346e-05	-5.8427282	-0.0053112474
288	2.9719348e-05	-5.8427466	-0.0053511995
288.64	3.0001723e-05	-5.8427615	-0.0053506968
289.28	2.9144484e-05	-5.8427426	-0.0052967872
289.92	2.9203431e-05	-5.8427894	-0.005306877
290.56	2.9875907e-05	-5.8427712	-0.0053275315
291.2	2.9744422e-05	-5.84271	-0.0053706236
291.84	3.0168985e-05	-5.8427237	-0.005301108
292.48	3.0503941e-05	-5.8427374	-0.005253665
293.12	3.0649649e-05	-5.8426769	-0.00540629
293.76	3.0517184e-05	-5.8427376	-0.005284841
294.4	3.009401e-05	-5.8427099	-0.0052470104
295.04	3.0038941e-05	-5.8427756	-0.005294344
295.68	2.936122e-05	-5.8427243	-0.0052228802
296.32	2.9462496e-05	-5.8427198	-0.0053231152
296.96	2.9946027e-05	-5.8427618	-0.0054237075
297.6	3.0338629e-05	-5.8427058	-0.0053554446
298.24	3.0095689e-05	-5.8427096	-0.0053110819
298.88	3.0862589e-05	-5.8427145	-0.0053533578
299.52	3.0714242e-05	-5.842691	-0.0053765193
300.16	3.0407993e-05	-5.8427515	-0.0054081206
300.8	3.0149587e-05	-5.8427565	-0.0053015928
301.44	3.0033771e-05	-5.8427431	-0.0053400087
302.08	2.9333052e-05	-5.8427615	-0.0053885183
302.72	2.9006739e-05	-5.8427193	-0.0052808591
303.36	2.9700615e-05	-5.8427057	-0.0052564643
304	3.0221323e-05	-5.8427381	-0.0053590104
304.64	3.0042902e-05	-5.8427466	-0.0054853736
305.28	3.0448874e-05	-5.8426722	-0.0053491755
305.92	3.0534804e-05	-5.8426862	-0.0053793195
306.56	3.069575e-05	-5.8427659	-0.0053386639
307.2	3.0339676e-05	-5.8427987	-0.0053193479
307.84	3.0058327e-05	-5.8427572	-0.0053417158
308.48	2.9776553e-05	-5.8426643	-0.0052540152
309.12	2.9097897e-05	-5.8426636	-0.0051860932
309.76	2.967183e-05	-5.8427195	-0.0053947516
310.4	2.9816598e-05	-5.8427423	-0.0053714191
311.04	3.0063232e-05	-5.842714	-0.0053278264
311.68	3.0374642e-05	-5.842714	-0.0053698703
312.32	3.0333906e-05	-5.8426954	-0.0053561105
312.96	3.0355738e-05	-5.8427703	-0.0054113302
313.6	2.9455218e-05	-5.8426863	-0.0053817243
314.24	2.9878625e-05	-5.8427804	-0.0053523171
314.88	2.9892763e-05	-5.8427621	-0.0053014268
315.52	2.9130046e-05	-5.8427938	-0.0053474294
316.16	2.9745888e-05	-5.8426544	-0.0053401225
316.8	3.0068634e-05	-5.8427331	-0.0053497081
317.44	3.0033521e-05	-5.8427325	-0.0052858819
318.08	3.0907093e-05	-5.8427377	-0.0054023005
318.72	3.0612297e-05	-5.8427469	-0.0053893443
319.36	3.0220852e-05	-5.8427005	-0.0053253278
320	2.9664207e-05	-5.8427797	-0.0052924609
320.64	2.9385453e-05	-5.8427381	-0.0053407029
321.28	2.8943103e-05	-5.8427565	-0.0054263297
321.92	2.9244346e-05	-5.8427985	-0.0052682042
322.56	2.955314e-05	-5.8427052	-0.0053219568
323.2	3.0194866e-05	-5.8427563	-0.0053148204
323.84	3.0399109e-05	-5.8427792	-0.0055420466
324.48	2.9953994e-05	-5.842774	-0.0053632807
325.12	3.0490905e-05	-5.8426492	-0.0053739924
325.76	3.0155868e-05	-5.8427331	-0.0053403844
326.4	3.0010981e-05	-5.8427755	-0.0054230908
327.04	2.9552891e-05	-5.8427151	-0.0053098758
327.68	2.9009311e-05	-5.8427054	-0.0052707593
328.32	2.9384679e-05	-5.8427055	-0.0053205365
328.96	3.0164957e-05	-5.8427568	-0.0053698474
329.6	3.0005663e-05	-5.8427235	-0.0053823095
330.24	3.0127661e-05	-5.842765	-0.0053342208
330.88	3.0561086e-05	-5.8426816	-0.0054308904
331.52	3.007022e-05	-5.8427325	-0.0053067062
332.16	2.9824158e-05	-5.8426538	-0.0053390332
332.8	2.9412604e-05	-5.8427285	-0.0052667543
333.44	2.9121581e-05	-5.8427334	-0.0053449291
334.08	2.9604181e-05	-5.8427851	-0.0053529089
334.72	2.9567145e-05	-5.842701	-0.005461077
335.36	2.9564642e-05	-5.842826	-0.0053267691
336	3.0353281e-05	-5.8426819	-0.0053258428
336.64	2.9791395e-05	-5.8427553	-0.0052812007
337.28	3.0469922e-05	-5.8427326	-0.0052476531
337.92	3.0252253e-05	-5.8426956	-0.0053614438
338.56	2.9838778e-05	-5.8427144	-0.0052956098
339.2	2.9947176e-05	-5.8427709	-0.005346986
339.84	2.9243178e-05	-5.8427288	-0.0054431449
340.48	2.9721966e-05	-5.8427107	-0.0053203543
341.12	3.0017638e-05	-5.8427293	-0.0053356581
341.76	3.0039914e-05	-5.842738	-0.0053225532
342.4	3.0115873e-05	-5.8427095	-0.0053506039
343.04	3.0370633e-05	-5.8427	-0.0053294587
343.68	3.0072279e-05	-5.8427788	-0.0053944781
344.32	3.0784426e-05	-5.8427101	-0.0052072188
344.96	3.0243739e-05	-5.8427707	-0.0054353589
345.6	2.9639726e-05	-5.8427521	-0.0053971322
346.24	2.9767085e-05	-5.842748	-0.0053592604
346.88	2.9582003e-05	-5.8427524	-0.0054391081
347.52	2.9921941e-05	-5.8427523	-0.0053787317
348.16	2.9508251e-05	-5.8426769	-0.0053047132
348.8	2.9793757e-05	-5.8426812	-0.0053467385
349.44	2.9848161e-05	-5.8427088	-0.0052928646
350.08	3.048431e-05	-5.8426723	-0.0053253829
350.72	3.0896777e-05	-5.8427522	-0.0053740752
351.36	2.9702956e-05	-5.8427749	-0.0053435596
352	2.9004154e-05	-5.8426678	-0.0052755929
352.64	2.9433525e-05	-5.8427523	-0.0053065906
353.28	2.9437369e-05	-5.8427848	-0.0054177417
353.92	2.9316823e-05	-5.8426912	-0.0053808438
354.56	3.032628e-05	-5.8427101	-0.005294411
355.2	3.0821088e-05	-5.8427333	-0.0053807201
355.84	3.0237341e-05	-5.8427603	-0.0052888912
356.48	3.0407293e-05	-5.8427839	-0.0053773094
357.12	3.0229534e-05	-5.8427145	-0.0052934358
357.76	2.9203311e-05	-5.8427094	-0.0053497012
358.4	2.98892e-05	-5.8427758	-0.0052858898
359.04	2.9515478e-05	-5.8427152	-0.0052640898
359.68	2.9401095e-05	-5.842701	-0.0053294025
360.32	2.9874614e-05	-5.8426544	-0.0054176443
360.96	3.0424448e-05	-5.8427334	-0.0054737317
361.6	3.0346282e-05	-5.8427235	-0.0053079572
362.24	3.0896347e-05	-5.8427424	-0.0053654778
362.88	3.0614745e-05	-5.8427562	-0.0053031788
363.52	3.0659192e-05	-5.8428033	-0.0053423347
364.16	2.9493569e-05	-5.8427237	-0.005321784
364.8	2.9529586e-05	-5.8427103	-0.0053528129
365.44	2.9514678e-05	-5.8427152	-0.0052826364
366.08	2.9667804e-05	-5.8427291	-0.005199998
366.72	2.9560437e-05	-5.8427657	-0.005293271
367.36	3.0299213e-05	-5.8426913	-0.005334165
368	3.0137972e-05	-5.8427232	-0.0053161589
368.64	3.0043661e-05	-5.8427323	-0.0053283191
369.28	3.0539084e-05	-5.8427749	-0.0053798073
369.92	3.0019237e-05	-5.8427656	-0.0052998474
370.56	2.9669453e-05	-5.8427659	-0.0054368063
371.2	2.9131436e-05	-5.8427983	-0.0053955285
371.84	3.0061888e-05	-5.8427249	-0.0053637583
372.48	2.9763188e-05	-5.8427709	-0.0052723807
373.12	2.9762505e-05	-5.8427983	-0.0052690009
373.76	2.9724017e-05	-5.842714	-0.0053957499
374.4	2.9558975e-05	-5.8427692	-0.005325939
375.04	3.0433302e-05	-5.8427745	-0.0054754582
375.68	3.0628128e-05	-5.8427331	-0.0052613321
376.32	2.9826805e-05	-5.8426911	-0.0053799064
376.96	3.0274724e-05	-5.8427526	-0.0054063278
377.6	2.9006431e-05	-5.842775	-0.0053567775
378.24	2.9652594e-05	-5.8427757	-0.005429376
378.88	2.9761146e-05	-5.8427522	-0.0053455385
379.52	2.9814856e-05	-5.8427703	-0.0052959677
380.16	2.9851059e-05	-5.8427279	-0.0053414081
380.8	3.030529e-05	-5.8427001	-0.0053578151
381.44	3.0869304e-05	-5.842682	-0.0053834451
382.08	3.041356e-05	-5.8427098	-0.0052621438
382.72	3.0097059e-05	-5.8427147	-0.0053417018
383.36	2.9534561e-05	-5.8427752	-0.0053499691
384	2.9597698e-05	-5.8427198	-0.0053855275
384.64	2.9285707e-05	-5.8427148	-0.0052899979
385.28	2.9890713e-05	-5.8427895	-0.0053872567
385.92	2.9943213e-05	-5.8427379	-0.0053702179
386.56	3.0243649e-05	-5.8427655	-0.0054218412
387.2	3.1067687e-05	-5.8427752	-0.0053891672
387.84	3.1000966e-05	-5.8427333	-0.0053881093
388.48	2.9985915e-05	-5.8427512	-0.0053025477
389.12	3.0678327e-05	-5.8427618	-0.0053831292
389.76	3.0126652e-05	-5.8427247	-0.0053972518
390.4	2.9782091e-05	-5.8427526	-0.0053206534
391.04	3.021409e-05	-5.8427204	-0.0052472126
391.68	3.0541597e-05	-5.8427157	-0.0053756293
392.32	3.009747e-05	-5.8427565	-0.005385519
392.96	3.0624752e-05	-5.8427565	-0.0053299548
393.6	3.0304055e-05	-5.8427465	-0.0054614575
394.24	2.9774676e-05	-5.8427926	-0.005408619
394.88	3.0001284e-05	-5.8427327	-0.0053647133
395.52	3.0026308e-05	-5.8427101	-0.0052658431
396.16	2.9287602e-05	-5.842696	-0.0052950513
396.8	3.0270515e-05	-5.8427252	-0.0053537312
397.44	2.9260877e-05	-5.8428079	-0.0054058479
398.08	2.9923024e-05	-5.8427755	-0.0053127262
398.72	2.9943004e-05	-5.8427796	-0.0053559375
399.36	3.0387353e-05	-5.8427376	-0.0052883264
400	3.0155098e-05	-5.8427324	-0.0054001774
400.64	3.0469156e-05	-5.8426677	-0.0052608822
401.28	3.0306343e-05	-5.8427052	-0.0053511875
401.92	3.0120103e-05	-5.842701	-0.005337639
402.56	2.9207198e-05	-5.8427146	-0.0052632692
403.2	2.9902023e-05	-5.8427528	-0.0054249829
403.84	2.9990121e-05	-5.8427573	-0.0053013323
404.48	2.9413982e-05	-5.8427377	-0.0053971577
405.12	2.9917932e-05	-5.8427283	-0.0053150101
405.76	3.0346885e-05	-5.8427561	-0.0053408208
406.4	2.9690448e-05	-5.8426994	-0.0053330763
407.04	3.036408e-05	-5.8426816	-0.0053371694
407.68	2.988747e-05	-5.8427979	-0.0055154099
408.32	2.9267065e-05	-5.8426956	-0.0053381931
408.96	2.9580689e-05	-5.8427429	-0.0053092362
409.6	2.9830379e-05	-5.8427155	-0.0052842976
410.24	2.9220947e-05	-5.8427612	-0.0052168909
410.88	2.9889399e-05	-5.8426822	-0.0053399809
411.52	2.9915528e-05	-5.8426816	-0.0053253423
412.16	3.0319231e-05	-5.8426909	-0.0052959706
412.8	3.0228911e-05	-5.8427139	-0.0053435038
413.44	3.0733966e-05	-5.8427751	-0.0053057341
414.08	3.0657176e-05	-5.8427709	-0.0053073573
414.72	2.9426797e-05	-5.8427144	-0.0053651562
415.36	2.9700107e-05	-5.8426826	-0.0052233947
416	2.9095767e-05	-5.8427472	-0.0053526991
416.64	2.9383539e-05	-5.8427194	-0.0053464905
417.28	3.007251e-05	-5.8427661	-0.0054308559
417.92	3.0238092e-05	-5.8427843	-0.0055693117
418.56	3.0036755e-05	-5.8428116	-0.0054728126
419.2	3.0008443e-05	-5.842737	-0.0054696877
419.84	3.0816201e-05	-5.8426915	-0.0053415113
420.48	2.9816069e-05	-5.8427468	-0.005454107
421.12	2.9911092e-05	-5.8427614	-0.0053911724
421.76	2.9646981e-05	-5.8427151	-0.0052924259
422.4	2.9809039e-05	-5.8427526	-0.0054226393
423.04	2.9600708e-05	-5.8427708	-0.0052978465
423.68	3.0089462e-05	-5.8427149	-0.0053000056
424.32	3.0129942e-05	-5.842705	-0.0053978066
424.96	3.0753617e-05	-5.8427517	-0.0052282773
425.6	3.0770498e-05	-5.8427191	-0.0051731019
426.24	3.0425948e-05	-5.8427795	-0.0052408232
426.88	3.0225058e-05	-5.8427147	-0.0054241778
427.52	2.9934751e-05	-5.8427011	-0.0053773644
428.16	2.9861522e-05	-5.84272	-0.0053640727
428.8	2.9916988e-05	-5.8427295	-0.0053444991
429.44	2.9867288e-05	-5.8427942	-0.0053436062
430.08	2.9792985e-05	-5.8427425	-0.0053867556
430.72	3.0028327e-05	-5.842677	-0.0052738988
431.36	3.0571298e-05	-5.842719	-0.0052716801
432	3.0187987e-05	-5.8428115	-0.0053506909
432.64	3.0623413e-05	-5.8427239	-0.0053534753
433.28	3.0133353e-05	-5.8427333	-0.0053537726
433.92	2.9541689e-05	-5.8427426	-0.005322677
434.56	2.9238654e-05	-5.8427334	-0.005375547
435.2	2.9743199e-05	-5.8427665	-0.0052890161
435.84	2.97005e-05	-5.8428219	-0.0054833547
436.48	2.9734395e-05	-5.8426865	-0.0053659068
437.12	3.0823392e-05	-5.8427195	-0.0052726367
437.76	3.0588441e-05	-5.8427748	-0.0053537646
438.4	3.0455448e-05	-5.8427467	-0.0053610103
439.04	2.9901546e-05	-5.8426954	-0.0053019438
439.68	2.9594731e-05	-5.8427003	-0.0052866612
440.32	2.9631902e-05	-5.8427614	-0.0054012512
440.96	2.9640632e-05	-5.8427477	-0.0053330927
441.6	2.9372085e-05	-5.842673	-0.0053291864
442.24	2.8992516e-05	-5.8427606	-0.0053496094
442.88	2.9730022e-05	-5.842798	-0.0054098965
443.52	3.0503749e-05	-5.8427843	-0.0052561929
444.16	2.9897275e-05	-5.8427462	-0.0055182487
444.8	3.0734769e-05	-5.8427843	-0.0053045614
445.44	2.971448e-05	-5.8427744	-0.0052940449
446.08	3.0233475e-05	-5.8427662	-0.0053597351
446.72	2.9913637e-05	-5.8426687	-0.0053005549
447.36	2.9342991e-05	-5.8427149	-0.0054799398
448	2.9398434e-05	-5.842766	-0.0054680162
448.64	3.013065e-05	-5.8427709	-0.0053913748
449.28	3.0157936e-05	-5.84271	-0.0053158596
449.92	3.0178727e-05	-5.8427607	-0.0054119155
450.56	3.0784777e-05	-5.8427006	-0.0053348647
451.2	2.9968702e-05	-5.8427231	-0.0053702297
451.84	3.0012715e-05	-5.8426957	-0.0053156578
452.48	3.0057251e-05	-5.842766	-0.0052067176
453.12	2.9271587e-05	-5.8427471	-0.005343493
453.76	2.9395014e-05	-5.8427567	-0.0053935478
454.4	2.9484467e-05	-5.8427474	-0.0053308492
455.04	2.992857e-05	-5.8426823	-0.0054567861
455.68	3.0313203e-05	-5.8427659	-0.0053797644
456.32	2.9974577e-05	-5.8426861	-0.0053210338
456.96	2.9963983e-05	-5.8426486	-0.005255264
457.6	3.0236738e-05	-5.8427141	-0.0053641196
458.24	3.016102e-05	-5.8427191	-0.0052205773
458.88	3.0131352e-05	-5.8427568	-0.0053866718
459.52	2.973712e-05	-5.8427569	-0.0052634481
460.16	2.994613e-05	-5.8427387	-0.0054223763
460.8	2.9817277e-05	-5.8428221	-0.005433784
461.44	3.0151902e-05	-5.8427337	-0.005287391
462.08	3.0319299e-05	-5.8427473	-0.0054130517
462.72	3.018852e-05	-5.8427932	-0.0052893711
463.36	3.0281683e-05	-5.8427373	-0.0053582856
464	3.0674213e-05	-5.8427192	-0.0053706167
464.64	2.9822617e-05	-5.8427699	-0.0054440538
465.28	3.0059866e-05	-5.842794	-0.0054059171
465.92	2.9583291e-05	-5.8427753	-0.0053458477
466.56	2.9196943e-05	-5.8427147	-0.0054768302
467.2	2.9872167e-05	-5.8426641	-0.0052172461
467.84	2.96358e-05	-5.8427658	-0.0052537473
468.48	2.9781581e-05	-5.8426909	-0.0051938903
469.12	3.0281805e-05	-5.8427468	-0.005342386
469.76	3.0486185e-05	-5.8427468	-0.0053761154
470.4	3.0067073e-05	-5.8427326	-0.0053369519
471.04	2.9928975e-05	-5.8427468	-0.0053675688
471.68	2.9457284e-05	-5.8426911	-0.0053569542
472.32	2.9324339e-05	-5.8427193	-0.0053584038
472.96	2.9695843e-05	-5.8426827	-0.0053036999
473.6	2.923982e-05	-5.8427331	-0.0053363645
474.24	2.9907522e-05	-5.8427798	-0.0051833038
474.88	2.9664947e-05	-5.8427372	-0.0053003174
475.52	3.0386041e-05	-5.8427747	-0.0053701822
476.16	3.0350475e-05	-5.8427095	-0.005384963
476.8	3.0629468e-05	-5.8427333	-0.0052901689
477.44	2.986781e-05	-5.8427144	-0.0052838646
478.08	3.0299927e-05	-5.8427712	-0.0054123377
478.72	2.9562721e-05	-5.8427336	-0.0053799429
479.36	2.9509666e-05	-5.8427196	-0.0053286376
480	2.925279e-05	-5.8427284	-0.0053259845
480.64	3.0148092e-05	-5.842766	-0.0053930201
481.28	3.0293893e-05	-5.8427563	-0.0052404915
481.92	3.0389609e-05	-5.8427375	-0.0053783845
482.56	3.0522106e-05	-5.8427515	-0.005304493
483.2	3.0473181e-05	-5.8427704	-0.0053364124
483.84	3.1069973e-05	-5.842711	-0.005417682
484.48	3.0124375e-05	-5.8427571	-0.005388579
485.12	2.9382393e-05	-5.8426962	-0.0053350852
485.76	2.9859987e-05	-5.8427711	-0.0052964257
486.4	2.9728957e-05	-5.8427567	-0.0053388906
487.04	3.0124882e-05	-5.8428078	-0.0053035543
487.68	3.0255949e-05	-5.8427191	-0.0052724907
488.32	3.0942288e-05	-5.8427195	-0.0053098942
488.96	2.9968145e-05	-5.8426673	-0.0052330332
489.6	3.0371651e-05	-5.8427285	-0.0052619406
490.24	3.0630914e-05	-5.8427339	-0.0053117165
490.88	2.9699356e-05	-5.8427195	-0.0053253634
491.52	2.9291975e-05	-5.8427938	-0.0054300143
492.16	2.968504e-05	-5.8427337	-0.0053723951
492.8	2.9277342e-05	-5.8427423	-0.0052899934
493.44	3.003788e-05	-5.8427472	-0.005419672
494.08	2.9710958e-05	-5.8427697	-0.0053970941
494.72	3.0271314e-05	-5.8427095	-0.0054561092
495.36	2.9989354e-05	-5.8427929	-0.0053151083
496	2.9866753e-05	-5.842728	-0.0054159283
496.64	2.983698e-05	-5.8427935	-0.0054006014
497.28	2.9834123e-05	-5.8427149	-0.0052969581
497.92	2.966102e-05	-5.8427011	-0.0053150755
498.56	2.9427242e-05	-5.8427474	-0.0053252444
499.2	3.0070966e-05	-5.8427198	-0.0053366881
499.84	2.9740631e-05	-5.8427749	-0.0052934334
