0	7.4037421e-05	-5.8473333	-0.020417688
0.64	7.3912304e-05	-5.8473652	-0.020456556
1.28	7.5066555e-05	-5.8473094	-0.02070117
1.92	7.4315298e-05	-5.8473351	-0.020523953
2.56	7.5795997e-05	-5.847326	-0.020645381
3.2	7.6072794e-05	-5.8472745	-0.020420737
3.84	7.6334488e-05	-5.8473869	-0.020443824
4.48	7.5362384e-05	-5.8473314	-0.020524628
5.12	7.521901e-05	-5.8473699	-0.020373554
5.76	7.2949444e-05	-5.8473921	-0.020613089
6.4	7.39162e-05	-5.8473331	-0.020486898
7.04	7.3494805e-05	-5.847295	-0.020561279
7.68	7.5191696e-05	-5.8473419	-0.020482768
8.32	7.422455e-05	-5.8473441	-0.020536227
8.96	7.6723836e-05	-5.8473035	-0.020315114
9.6	7.6331024e-05	-5.8473586	-0.020541143
10.24	7.6035719e-05	-5.847396	-0.020519466
10.88	7.3759591e-05	-5.8472973	-0.02051055
11.52	7.4762301e-05	-5.8473138	-0.020528066
12.16	7.3922843e-05	-5.8473188	-0.020357198
12.8	7.3179118e-05	-5.8473324	-0.020558604
13.44	7.3957303e-05	-5.8473511	-0.020518604
14.08	7.5762814e-05	-5.8472865	-0.020585412
14.72	7.6070797e-05	-5.8473411	-0.020413704
15.36	7.5697875e-05	-5.847321	-0.020573288
16	7.6740794e-05	-5.8473497	-0.020503039
16.64	7.5168225e-05	-5.8472325	-0.020639096
17.28	7.6009109e-05	-5.8473649	-0.020623101
17.92	7.3717518e-05	-5.8472804	-0.020370153
18.56	7.3393837e-05	-5.8473601	-0.020353634
19.2	7.2667485e-05	-5.8472853	-0.020392176
19.84	7.5278003e-05	-5.8473709	-0.020373859
20.48	7.4230696e-05	-5.847336	-0.020706509
21.12	7.3712964e-05	-5.8473572	-0.020477929
21.76	7.5684123e-05	-5.8473535	-0.020522116
22.4	7.6555027e-05	-5.8473449	-0.020627396
23.04	7.5614666e-05	-5.8473447	-0.020651682
23.68	7.5919397e-05	-5.8472673	-0.020272858
24.32	7.3905188e-05	-5.8472854	-0.020511195
24.96	7.4998734e-05	-5.8473712	-0.020341161
25.6	7.2948004e-05	-5.847332	-0.020548004
26.24	7.5003511e-05	-5.8473099	-0.020516572
26.88	7.7272527e-05	-5.8473202	-0.020491878
27.52	7.6378726e-05	-5.8473412	-0.020536933
28.16	7.5701308e-05	-5.847321	-0.020456512
28.8	7.7157489e-05	-5.8473269	-0.020535958
29.44	7.6182314e-05	-5.8473267	-0.020555799
30.08	7.5355062e-05	-5.8473413	-0.020502768
30.72	7.4217597e-05	-5.8473695	-0.020381858
31.36	7.3547495e-05	-5.8472953	-0.020723328
32	7.3831672e-05	-5.847277	-0.020544745
32.64	7.4374346e-05	-5.8473279	-0.020633501
33.28	7.4808575e-05	-5.847313	-0.020577893
33.92	7.6052813e-05	-5.8472663	-0.020448484
34.56	7.6091098e-05	-5.8472933	-0.020341577
35.2	7.5813099e-05	-5.8473117	-0.02060986
35.84	7.4415818e-05	-5.8473345	-0.020498067
36.48	7.4778464e-05	-5.8472991	-0.020469252
37.12	7.3194915e-05	-5.8473221	-0.020537674
37.76	7.5206307e-05	-5.8473296	-0.020384328
38.4	7.3261311e-05	-5.8473415	-0.020520429
39.04	7.3566632e-05	-5.8472758	-0.02055358
39.68	7.5612133e-05	-5.8473136	-0.020650304
40.32	7.55886e-05	-5.8473867	-0.02047019
40.96	7.5714321e-05	-5.8473441	-0.020477601
41.6	7.5471736e-05	-5.8473067	-0.020512359
42.24	7.6241009e-05	-5.8473457	-0.020531141
42.88	7.5108629e-05	-5.8473461	-0.020243016
43.52	7.4627148e-05	-5.847333	-0.020487541
44.16	7.467896e-05	-5.8473197	-0.020521037
44.8	7.4357594e-05	-5.8473564	-0.020574615
45.44	7.3675147e-05	-5.8472758	-0.020594327
46.08	7.347503e-05	-5.8473021	-0.020489115
46.72	7.651255e-05	-5.8473828	-0.020621239
47.36	7.690453e-05	-5.8472847	-0.020528041
48	7.6033173e-05	-5.8473073	-0.020495967
48.64	7.5845388e-05	-5.8473268	-0.020527442
49.28	7.4554362e-05	-5.8473922	-0.020519651
49.92	7.5378608e-05	-5.8473385	-0.020347882
50.56	7.3732691e-05	-5.8474073	-0.020575284
51.2	7.3335843e-05	-5.8473276	-0.020428744
51.84	7.4601503e-05	-5.8473928	-0.02064901
52.48	7.4420433e-05	-5.8473213	-0.020513066
53.12	7.6104991e-05	-5.8473495	-0.020618622
53.76	7.6252938e-05	-5.8473026	-0.020375735
54.4	7.7034056e-05	-5.8473318	-0.020653936
55.04	7.6566844e-05	-5.8472906	-0.020462761
55.68	7.474492e-05	-5.847374	-0.020551206
56.32	7.4559939e-05	-5.8473704	-0.020333804
56.96	7.4214073e-05	-5.8473474	-0.02043284
57.6	7.365447e-05	-5.8473556	-0.020620159
58.24	7.376673e-05	-5.8472941	-0.02059648
58.88	7.4433394e-05	-5.8473723	-0.020307479
59.52	7.6084464e-05	-5.8472796	-0.020471036
60.16	7.6193747e-05	-5.8473071	-0.020612917
60.8	7.6120153e-05	-5.8472844	-0.020429823
61.44	7.5582476e-05	-5.8472992	-0.020398754
62.08	7.3104225e-05	-5.8473774	-0.020573742
62.72	7.4749582e-05	-5.8472871	-0.020583578
63.36	7.3846793e-05	-5.8473237	-0.020654773
64	7.4927835e-05	-5.8473567	-0.020523988
64.64	7.438334e-05	-5.8473037	-0.020617289
65.28	7.52276e-05	-5.8472798	-0.02051548
65.92	7.6236497e-05	-5.8474005	-0.020530968
66.56	7.6059239e-05	-5.8472884	-0.020533475
67.2	7.5863998e-05	-5.8473913	-0.020455889
67.84	7.3672977e-05	-5.8472464	-0.020402831
68.48	7.55503e-05	-5.8474358	-0.020581136
69.12	7.3833651e-05	-5.8473002	-0.020475844
69.76	7.3947822e-05	-5.8473749	-0.020548746
70.4	7.5028783e-05	-5.8473706	-0.020442955
71.04	7.3247428e-05	-5.8472931	-0.02047304
71.68	7.3272005e-05	-5.8472823	-0.020496871
72.32	7.4670425e-05	-5.8472826	-0.020451727
72.96	7.5572006e-05	-5.84733	-0.020356055
73.6	7.5540683e-05	-5.8473726	-0.020570076
74.24	7.4272066e-05	-5.8473634	-0.020504622
74.88	7.4317732e-05	-5.847351	-0.020199867
75.52	7.4330035e-05	-5.8473101	-0.020461028
76.16	7.3902965e-05	-5.847333	-0.020503081
76.8	7.3959227e-05	-5.8473601	-0.020557891
77.44	7.5283949e-05	-5.8472716	-0.020267651
78.08	7.5058901e-05	-5.8473536	-0.020408206
78.72	7.5905437e-05	-5.8473814	-0.020500263
79.36	7.5479832e-05	-5.8473532	-0.020460649
80	7.5961836e-05	-5.8473221	-0.020397091
80.64	7.4823296e-05	-5.8473968	-0.02046467
81.28	7.3230315e-05	-5.8472989	-0.020496901
81.92	7.3127064e-05	-5.8473136	-0.02062096
82.56	7.4054057e-05	-5.8472865	-0.020401056
83.2	7.3831931e-05	-5.8473179	-0.020375122
83.84	7.5126258e-05	-5.8473409	-0.020367539
84.48	7.5067378e-05	-5.847279	-0.02036036
85.12	7.6320201e-05	-5.8473772	-0.020832407
85.76	7.6774489e-05	-5.847336	-0.020400772
86.4	7.5424045e-05	-5.8474148	-0.020392607
87.04	7.4186953e-05	-5.8473405	-0.02062982
87.68	7.4732169e-05	-5.847333	-0.020542601
88.32	7.4418862e-05	-5.8473148	-0.020377768
88.96	7.3097685e-05	-5.8473552	-0.020456273
89.6	7.3723876e-05	-5.8472804	-0.020378158
90.24	7.3798185e-05	-5.8473069	-0.020542748
90.88	7.6586159e-05	-5.8472478	-0.020419382
91.52	7.5394654e-05	-5.8473995	-0.020489803
92.16	7.5958353e-05	-5.8473632	-0.02063806
92.8	7.5321481e-05	-5.8472148	-0.020319862
93.44	7.528791e-05	-5.847365	-0.020518848
94.08	7.4255018e-05	-5.8473699	-0.020555107
94.72	7.2903288e-05	-5.8473506	-0.020502664
95.36	7.4330513e-05	-5.8472865	-0.020550024
96	7.5024325e-05	-5.8473605	-0.020442325
96.64	7.4029802e-05	-5.8473441	-0.02056034
97.28	7.64465e-05	-5.8473965	-0.020573596
97.92	7.5625506e-05	-5.8473719	-0.020352427
98.56	7.4723666e-05	-5.8473016	-0.020571326
99.2	7.5552722e-05	-5.8473083	-0.020557395
99.84	7.4428669e-05	-5.8473132	-0.020529533
100.48	7.4433518e-05	-5.8473284	-0.020495777
101.12	7.5242498e-05	-5.847311	-0.020564143
101.76	7.4240805e-05	-5.8473282	-0.020673741
102.4	7.4988451e-05	-5.8473789	-0.02060698
103.04	7.5272152e-05	-5.8473731	-0.020543133
103.68	7.5840149e-05	-5.8473493	-0.020359769
104.32	7.5906377e-05	-5.8473955	-0.020580069
104.96	7.509459e-05	-5.8473207	-0.020598207
105.6	7.4890702e-05	-5.8472938	-0.020411388
106.24	7.4130247e-05	-5.8472572	-0.020488911
106.88	7.3988792e-05	-5.8473791	-0.020501566
107.52	7.3001846e-05	-5.8473879	-0.020568083
108.16	7.3990189e-05	-5.8472628	-0.020669714
108.8	7.4717498e-05	-5.8473599	-0.020496517
109.44	7.5512901e-05	-5.8473639	-0.020454494
110.08	7.6239283e-05	-5.8472798	-0.020532329
110.72	7.5959121e-05	-5.8472978	-0.020504497
111.36	7.4723835e-05	-5.8473624	-0.020514099
112	7.4644245e-05	-5.8473635	-0.020529812
112.64	7.437646e-05	-5.847346	-0.020436087
113.28	7.3784258e-05	-5.8473929	-0.020565249
113.92	7.3349732e-05	-5.8472951	-0.020718326
114.56	7.4472862e-05	-5.847305	-0.020552943
115.2	7.5313454e-05	-5.8472906	-0.020574543
115.84	7.4735489e-05	-5.8473304	-0.020566228
116.48	7.4745366e-05	-5.8473015	-0.020361142
117.12	7.5858681e-05	-5.8472978	-0.020423889
117.76	7.4627408e-05	-5.8472879	-0.020542727
118.4	7.5117122e-05	-5.8473084	-0.020359225
119.04	7.4347606e-05	-5.8473974	-0.020394867
119.68	7.366058e-05	-5.8473232	-0.020497485
120.32	7.4009363e-05	-5.8473795	-0.020507816
120.96	7.3141919e-05	-5.847336	-0.020407271
121.6	7.4442451e-05	-5.8474196	-0.020572793
122.24	7.5488676e-05	-5.8473029	-0.020427667
122.88	7.6247289e-05	-5.8473075	-0.020488919
123.52	7.6584286e-05	-5.8473079	-0.020444387
124.16	7.6200252e-05	-5.8472526	-0.020446042
124.8	7.4930776e-05	-5.8473224	-0.020490445
125.44	7.4763171e-05	-5.8473282	-0.020522359
126.08	7.3960348e-05	-5.8472725	-0.020422225
126.72	7.3839981e-05	-5.8472723	-0.020758125
127.36	7.5084246e-05	-5.8473005	-0.020588514
128	7.4796103e-05	-5.8473546	-0.020483514
128.64	7.5847636e-05	-5.8473915	-0.020518755
129.28	7.550967e-05	-5.847344	-0.020405439
129.92	7.715119e-05	-5.847355	-0.020409412
130.56	7.534645e-05	-5.8473077	-0.020418267
131.2	7.4643127e-05	-5.8473223	-0.020407979
131.84	7.4156163e-05	-5.847286	-0.020508003
132.48	7.3977011e-05	-5.8472958	-0.020493853
133.12	7.3180666e-05	-5.8473505	-0.020573358
133.76	7.2931773e-05	-5.8473074	-0.020413169
134.4	7.4106708e-05	-5.8473955	-0.020502689
135.04	7.4942731e-05	-5.8473347	-0.02034097
135.68	7.4713055e-05	-5.8473292	-0.020489547
136.32	7.516108e-05	-5.8473207	-0.020494482
136.96	7.5335118e-05	-5.8472848	-0.020469594
137.6	7.5024132e-05	-5.847337	-0.020605175
138.24	7.4461919e-05	-5.8473004	-0.020550676
138.88	7.3956446e-05	-5.8473236	-0.020624623
139.52	7.3612973e-05	-5.8473042	-0.020523961
140.16	7.4936513e-05	-5.8472532	-0.020489352
140.8	7.5588946e-05	-5.8473269	-0.020428316
141.44	7.6752294e-05	-5.847262	-0.020545183
142.08	7.6735772e-05	-5.8472756	-0.020651188
142.72	7.5807227e-05	-5.8472379	-0.020215855
143.36	7.4737063e-05	-5.847331	-0.020548646
144	7.4013429e-05	-5.8473734	-0.020308599
144.64	7.4203126e-05	-5.8473792	-0.020386167
145.28	7.2748821e-05	-5.8473315	-0.02043585
145.92	7.4029256e-05	-5.847202	-0.020439078
146.56	7.3909749e-05	-5.8472799	-0.020465128
147.2	7.5876753e-05	-5.8473038	-0.020592648
147.84	7.5903757e-05	-5.8473215	-0.020330638
148.48	7.5820187e-05	-5.8473864	-0.020565821
149.12	7.6667872e-05	-5.8472483	-0.020502578
149.76	7.5427534e-05	-5.8473134	-0.020483346
150.4	7.3691064e-05	-5.8473454	-0.020446871
151.04	7.480919e-05	-5.8473334	-0.02068426
151.68	7.3189318e-05	-5.8473086	-0.020595051
152.32	7.3813878e-05	-5.8472853	-0.020723887
152.96	7.5692792e-05	-5.8472674	-0.020367171
153.6	7.5291975e-05	-5.8473729	-0.020446739
154.24	7.5862249e-05	-5.8473541	-0.020389146
154.88	7.5922551e-05	-5.8473214	-0.020568412
155.52	7.519888e-05	-5.8473447	-0.020253559
156.16	7.6325709e-05	-5.8473423	-0.020379683
156.8	7.5529199e-05	-5.8472357	-0.020404947
157.44	7.345943e-05	-5.8473552	-0.020492787
158.08	7.4521784e-05	-5.8473563	-0.020643388
158.72	7.4098569e-05	-5.8473506	-0.020443223
159.36	7.3949713e-05	-5.8473121	-0.02039172
160	7.5371205e-05	-5.8473542	-0.020667121
160.64	7.5152811e-05	-5.847344	-0.020419315
161.28	7.6867024e-05	-5.8473458	-0.020606148
161.92	7.4818651e-05	-5.8473491	-0.020772974
162.56	7.4347242e-05	-5.8473405	-0.020518523
163.2	7.3790795e-05	-5.8474108	-0.02053943
163.84	7.3172465e-05	-5.8473131	-0.020624683
164.48	7.3367103e-05	-5.847383	-0.020630091
165.12	7.4191392e-05	-5.8473785	-0.020225775
165.76	7.5035675e-05	-5.8473549	-0.020582392
166.4	7.4572798e-05	-5.8472881	-0.020483468
167.04	7.606339e-05	-5.8473449	-0.02054177
167.68	7.6461576e-05	-5.8473407	-0.020435414
168.32	7.5399243e-05	-5.847308	-0.020529457
168.96	7.3811648e-05	-5.8472146	-0.02045039
169.6	7.4768781e-05	-5.8473329	-0.020593097
170.24	7.3581425e-05	-5.8473229	-0.020562933
170.88	7.3994437e-05	-5.8472997	-0.020537404
171.52	7.4708151e-05	-5.8473089	-0.020422021
172.16	7.5016853e-05	-5.8473873	-0.020364809
172.8	7.6732133e-05	-5.8473694	-0.0205348
173.44	7.5243701e-05	-5.847372	-0.020485998
174.08	7.6690634e-05	-5.8473363	-0.020515549
174.72	7.4133426e-05	-5.8473301	-0.020467303
175.36	7.4387238e-05	-5.8472246	-0.020584394
176	7.3651357e-05	-5.8472807	-0.020698525
176.64	7.2461837e-05	-5.8473358	-0.020370885
177.28	7.459975e-05	-5.8473236	-0.020452271
177.92	7.461101e-05	-5.8473645	-0.020394098
178.56	7.5804542e-05	-5.8472482	-0.020565448
179.2	7.6382611e-05	-5.8472944	-0.020358159
179.84	7.710507e-05	-5.8473552	-0.020462982
180.48	7.6714613e-05	-5.8473366	-0.020430015
181.12	7.5245138e-05	-5.8473547	-0.020645063
181.76	7.3926402e-05	-5.8472988	-0.020495659
182.4	7.4079399e-05	-5.8473231	-0.020463838
183.04	7.3972212e-05	-5.8474116	-0.020589416
183.68	7.473171e-05	-5.8473004	-0.020443215
184.32	7.4978643e-05	-5.8473415	-0.020415508
184.96	7.6479539e-05	-5.8473232	-0.020556912
185.6	7.589724e-05	-5.8473356	-0.020464408
186.24	7.5961258e-05	-5.8472425	-0.020513731
186.88	7.6346017e-05	-5.8473038	-0.020331591
187.52	7.5709994e-05	-5.8473647	-0.020631167
188.16	7.5742319e-05	-5.8472776	-0.020557095
188.8	7.3873656e-05	-5.8472857	-0.02045674
189.44	7.371096e-05	-5.8473369	-0.020489697
190.08	7.4305254e-05	-5.8472811	-0.020356275
190.72	7.4193751e-05	-5.8473776	-0.020387904
191.36	7.5041083e-05	-5.8473541	-0.020458791
192	7.5924453e-05	-5.8472891	-0.020606217
192.64	7.6942837e-05	-5.8472528	-0.020424983
193.28	7.6031033e-05	-5.8473596	-0.020668671
193.92	7.3739716e-05	-5.8473305	-0.020481562
194.56	7.4459864e-05	-5.8473602	-0.020485623
195.2	7.433576e-05	-5.8473607	-0.020391031
195.84	7.4443449e-05	-5.847398	-0.020575014
196.48	7.4475189e-05	-5.8473695	-0.020615224
197.12	7.4747115e-05	-5.8474151	-0.020409695
197.76	7.4646938e-05	-5.8473535	-0.02042602
198.4	7.7102184e-05	-5.8473507	-0.020389488
199.04	7.6046841e-05	-5.8473079	-0.020342856
199.68	7.4756879e-05	-5.847312	-0.020544269
200.32	7.5343912e-05	-5.8473415	-0.020372711
200.96	7.341383e-05	-5.8473453	-0.020566356
201.6	7.3140644e-05	-5.8473688	-0.020325858
202.24	7.3991668e-05	-5.8472905	-0.020571043
202.88	7.5275935e-05	-5.8473329	-0.020549276
203.52	7.4769094e-05	-5.8472196	-0.020415754
204.16	7.5318111e-05	-5.8472982	-0.020443717
204.8	7.5117495e-05	-5.8473766	-0.020414842
205.44	7.5506233e-05	-5.8473401	-0.020460485
206.08	7.3900154e-05	-5.84733	-0.020575565
206.72	7.41399e-05	-5.8473127	-0.020462815
207.36	7.3984809e-05	-5.8473135	-0.020483061
208	7.3974073e-05	-5.847272	-0.020416588
208.64	7.439214e-05	-5.8473791	-0.020503493
209.28	7.3856799e-05	-5.8473312	-0.020470716
209.92	7.3626028e-05	-5.8473438	-0.020440202
210.56	7.6232e-05	-5.8472944	-0.020406499
211.2	7.6454086e-05	-5.8473222	-0.020630359
211.84	7.5183707e-05	-5.847298	-0.020599679
212.48	7.4484554e-05	-5.8473074	-0.02054774
213.12	7.502777e-05	-5.8473231	-0.020583535
213.76	7.4628421e-05	-5.8473282	-0.020526386
214.4	7.3092824e-05	-5.8473501	-0.020568207
215.04	7.5319616e-05	-5.8473985	-0.020548364
215.68	7.4759794e-05	-5.8473226	-0.020593953
216.32	7.434637e-05	-5.8474327	-0.020525874
216.96	7.7706804e-05	-5.8472957	-0.020557743
217.6	7.5134136e-05	-5.847293	-0.020538303
218.24	7.6347978e-05	-5.8473784	-0.020409231
218.88	7.4007235e-05	-5.8473025	-0.020527064
219.52	7.4734887e-05	-5.8472903	-0.020573465
220.16	7.3903545e-05	-5.8473228	-0.020343064
220.8	7.4516072e-05	-5.8473748	-0.020608591
221.44	7.4296849e-05	-5.8473043	-0.020405437
222.08	7.5013351e-05	-5.8473552	-0.02044001
222.72	7.666151e-05	-5.8472581	-0.020359173
223.36	7.5466655e-05	-5.8473539	-0.020666133
224	7.5149685e-05	-5.8473395	-0.020554222
224.64	7.460033e-05	-5.8473396	-0.020672355
225.28	7.5910282e-05	-5.8474023	-0.020570026
225.92	7.4893598e-05	-5.8472488	-0.02066167
226.56	7.526566e-05	-5.8473894	-0.020656787
227.2	7.4266985e-05	-5.8473186	-0.020478213
227.84	7.45343e-05	-5.8473463	-0.020449184
228.48	7.5755435e-05	-5.8473512	-0.020563359
229.12	7.6538535e-05	-5.8472765	-0.020772201
229.76	7.5450685e-05	-5.8473167	-0.020326693
230.4	7.5379922e-05	-5.8473259	-0.020771645
231.04	7.587478e-05	-5.8473223	-0.020449091
231.68	7.6158988e-05	-5.8473609	-0.02062131
232.32	7.4748878e-05	-5.8473558	-0.020341818
232.96	7.4612887e-05	-5.8473097	-0.020579388
233.6	7.2929261e-05	-5.8472894	-0.020405474
234.24	7.4229493e-05	-5.8472715	-0.02048437
234.88	7.5285395e-05	-5.8473877	-0.020425352
235.52	7.5531842e-05	-5.8472705	-0.020531911
236.16	7.5896914e-05	-5.8473216	-0.020520264
236.8	7.5691006e-05	-5.8473031	-0.02036855
237.44	7.427691e-05	-5.847349	-0.02060597
238.08	7.485739e-05	-5.8472993	-0.020532803
238.72	7.4882244e-05	-5.847291	-0.02054765
239.36	7.4392847e-05	-5.8473839	-0.020568007
240	7.5753193e-05	-5.8473339	-0.020394426
240.64	7.425988e-05	-5.8473317	-0.02064349
241.28	7.5506764e-05	-5.8473133	-0.02056079
241.92	7.7089162e-05	-5.8473372	-0.020563161
242.56	7.5747865e-05	-5.8473913	-0.020538761
243.2	7.5413946e-05	-5.8474052	-0.020646367
243.84	7.6056705e-05	-5.847295	-0.020593113
244.48	7.3462816e-05	-5.8473726	-0.020473998
245.12	7.3857811e-05	-5.8472343	-0.020501179
245.76	7.3985417e-05	-5.8472673	-0.020345904
246.4	7.4177044e-05	-5.8472764	-0.020282828
247.04	7.3622751e-05	-5.8473122	-0.020416844
247.68	7.623516e-05	-5.8474114	-0.020565807
248.32	7.5093365e-05	-5.8473118	-0.020650068
248.96	7.3834757e-05	-5.8473662	-0.020545505
249.6	7.58551e-05	-5.8473593	-0.02047857
250.24	7.4995068e-05	-5.8473222	-0.020518093
250.88	7.4796744e-05	-5.8473508	-0.020426592
251.52	7.3834656e-05	-5.8473413	-0.02039259
252.16	7.4737083e-05	-5.8473516	-0.020495981
252.8	7.5088219e-05	-5.8473469	-0.020480875
253.44	7.5448636e-05	-5.8472207	-0.020674674
254.08	7.4451589e-05	-5.8472792	-0.020708638
254.72	7.4994528e-05	-5.8473954	-0.020507102
255.36	7.5514192e-05	-5.8473215	-0.020636729
256	7.5058989e-05	-5.8473123	-0.020565596
256.64	7.5518013e-05	-5.8472904	-0.020663532
257.28	7.352986e-05	-5.8472289	-0.020507285
257.92	7.4608758e-05	-5.8473561	-0.020350592
258.56	7.5541267e-05	-5.8473569	-0.020606372
259.2	7.2578972e-05	-5.8473302	-0.020541835
259.84	7.5078536e-05	-5.8473132	-0.020418291
260.48	7.4292293e-05	-5.8473347	-0.020525459
261.12	7.5351725e-05	-5.847298	-0.020470128
261.76	7.5257249e-05	-5.847298	-0.02050484
262.4	7.5490798e-05	-5.8473966	-0.020528614
263.04	7.4253093e-05	-5.8473452	-0.020553007
263.68	7.3760454e-05	-5.8473269	-0.020531209
264.32	7.4182448e-05	-5.8472766	-0.020530618
264.96	7.4687333e-05	-5.8473327	-0.020570304
265.6	7.4528759e-05	-5.847318	-0.020607577
266.24	7.5117394e-05	-5.8472618	-0.020479488
266.88	7.5574301e-05	-5.8473777	-0.020409303
267.52	7.5753727e-05	-5.847345	-0.020469776
268.16	7.4643092e-05	-5.8472929	-0.020366298
268.8	7.5222094e-05	-5.8473453	-0.020456921
269.44	7.6182765e-05	-5.8473472	-0.020518769
270.08	7.5049829e-05	-5.8473097	-0.020381958
270.72	7.4917761e-05	-5.8472168	-0.020341875
271.36	7.4659509e-05	-5.8473141	-0.02037172
272	7.6243391e-05	-5.8473428	-0.020646298
272.64	7.6088727e-05	-5.8473557	-0.02054478
273.28	7.5626513e-05	-5.8474148	-0.020541807
273.92	7.5872262e-05	-5.8472846	-0.020437068
274.56	7.4244906e-05	-5.8472926	-0.020517435
275.2	7.6517222e-05	-5.8473143	-0.020498039
275.84	7.6338928e-05	-5.8473802	-0.020543617
276.48	7.4938396e-05	-5.8473422	-0.020536846
277.12	7.3904272e-05	-5.8472902	-0.020455761
277.76	7.3570778e-05	-5.8472802	-0.020416893
278.4	7.4913216e-05	-5.8472993	-0.020539995
279.04	7.634796e-05	-5.8473649	-0.020617644
279.68	7.5473949e-05	-5.8473077	-0.020421877
280.32	7.6603064e-05	-5.8473878	-0.020693594
280.96	7.5150033e-05	-5.8473914	-0.02051072
281.6	7.3516721e-05	-5.8472976	-0.020442861
282.24	7.5044082e-05	-5.847286	-0.020467861
282.88	7.4426728e-05	-5.8473185	-0.020588066
283.52	7.3851466e-05	-5.8472529	-0.020437174
284.16	7.3233142e-05	-5.8473448	-0.020473102
284.8	7.4277942e-05	-5.8472426	-0.020481904
285.44	7.5492961e-05	-5.8473128	-0.020506148
286.08	7.4685139e-05	-5.8473348	-0.020701679
286.72	7.5585617e-05	-5.8473822	-0.020609171
287.36	7.5889695e-05	-5.8473458	-0.020497958
288	7.4276869e-05	-5.8472194	-0.020312501
288.64	7.3854052e-05	-5.8473314	-0.020649749
289.28	7.4125612e-05	-5.8473183	-0.020505393
289.92	7.4104092e-05	-5.8473368	-0.020568727
290.56	7.335637e-05	-5.8473076	-0.020374272
291.2	7.5868202e-05	-5.8472487	-0.020485145
291.84	7.4875745e-05	-5.847312	-0.020538312
292.48	7.562357e-05	-5.8473216	-0.020505255
293.12	7.4719963e-05	-5.8473442	-0.020528417
293.76	7.6411053e-05	-5.8473093	-0.020396527
294.4	7.3807464e-05	-5.8473541	-0.020496043
295.04	7.5014161e-05	-5.84737	-0.020427568
295.68	7.3010393e-05	-5.8473404	-0.020514157
296.32	7.2849983e-05	-5.8473029	-0.020415282
296.96	7.455095e-05	-5.8471783	-0.020443396
297.6	7.3710208e-05	-5.847358	-0.02063636
298.24	7.421349e-05	-5.8473206	-0.020541712
298.88	7.6378688e-05	-5.847276	-0.020453097
299.52	7.5550859e-05	-5.8473405	-0.020282024
300.16	7.5013878e-05	-5.8473266	-0.020554588
300.8	7.4059048e-05	-5.8473545	-0.020544829
301.44	7.3461273e-05	-5.8473406	-0.020712136
302.08	7.4481234e-05	-5.8473419	-0.020432811
302.72	7.5830061e-05	-5.8473336	-0.020563307
303.36	7.342218e-05	-5.8473677	-0.020227704
304	7.5402304e-05	-5.8473734	-0.020472481
304.64	7.650973e-05	-5.8473646	-0.020383948
305.28	7.4251743e-05	-5.8473297	-0.020490407
305.92	7.3920127e-05	-5.8473856	-0.020317602
306.56	7.5560908e-05	-5.8472717	-0.020558572
307.2	7.5074852e-05	-5.8472906	-0.020484275
307.84	7.3907389e-05	-5.8472528	-0.020533136
308.48	7.4525008e-05	-5.8473976	-0.020435871
309.12	7.3780231e-05	-5.8472895	-0.020472083
309.76	7.5084952e-05	-5.8473366	-0.020464045
310.4	7.5407854e-05	-5.8473548	-0.020610531
311.04	7.7322126e-05	-5.8473468	-0.020453955
311.68	7.581942e-05	-5.8473314	-0.020513404
312.32	7.514162e-05	-5.8472846	-0.020537776
312.96	7.4187217e-05	-5.847289	-0.020455827
313.6	7.4599097e-05	-5.8473227	-0.020437109
314.24	7.4275037e-05	-5.8473554	-0.020416628
314.88	7.3798551e-05	-5.847262	-0.020585541
315.52	7.3947054e-05	-5.8473454	-0.020494606
316.16	7.3528626e-05	-5.8472931	-0.020553267
316.8	7.5762243e-05	-5.8472853	-0.020491996
317.44	7.4373455e-05	-5.8472974	-0.020574154
318.08	7.6096537e-05	-5.8473549	-0.020482372
318.72	7.4761118e-05	-5.8473122	-0.020411653
319.36	7.5318587e-05	-5.8473275	-0.020620826
320	7.4146869e-05	-5.8474201	-0.020436699
320.64	7.5534968e-05	-5.8473846	-0.020355505
321.28	7.4171349e-05	-5.8472437	-0.020302405
321.92	7.4394997e-05	-5.8472387	-0.020579514
322.56	7.4637281e-05	-5.8473405	-0.020637057
323.2	7.6629835e-05	-5.8473	-0.020556532
323.84	7.5981923e-05	-5.8473177	-0.020356155
324.48	7.409887e-05	-5.8472973	-0.020537797
325.12	7.4823304e-05	-5.8473729	-0.020420792
325.76	7.5421459e-05	-5.8473789	-0.020515872
326.4	7.4703627e-05	-5.8473183	-0.020559984
327.04	7.3943471e-05	-5.8472852	-0.020372224
327.68	7.4253852e-05	-5.847411	-0.020425368
328.32	7.4225259e-05	-5.8472896	-0.020523994
328.96	7.6270492e-05	-5.8473143	-0.020533956
329.6	7.6687936e-05	-5.8473326	-0.020606207
330.24	7.7957027e-05	-5.8473195	-0.020466129
330.88	7.6373412e-05	-5.8473553	-0.020550065
331.52	7.4962797e-05	-5.8473359	-0.020380827
332.16	7.4858199e-05	-5.8472808	-0.020396003
332.8	7.5247182e-05	-5.8474074	-0.020570127
333.44	7.4998036e-05	-5.8473794	-0.020503988
334.08	7.5001294e-05	-5.8472675	-0.020419218
334.72	7.5287924e-05	-5.8473417	-0.020648218
335.36	7.6139813e-05	-5.8473186	-0.020497432
336	7.393725e-05	-5.8472368	-0.020503859
336.64	7.5557034e-05	-5.8473032	-0.020406242
337.28	7.4286823e-05	-5.8473813	-0.020399024
337.92	7.6708078e-05	-5.8473285	-0.020409744
338.56	7.4765266e-05	-5.8473644	-0.020531472
339.2	7.4792117e-05	-5.8473557	-0.020631456
339.84	7.5041976e-05	-5.8473979	-0.020575923
340.48	7.4366748e-05	-5.8473785	-0.020719304
341.12	7.5407656e-05	-5.8473464	-0.02064275
341.76	7.5902321e-05	-5.84723	-0.020697594
342.4	7.5180917e-05	-5.8474287	-0.020709401
343.04	7.5717477e-05	-5.8473592	-0.020695993
343.68	7.4949912e-05	-5.8473168	-0.020441273
344.32	7.5265141e-05	-5.8472852	-0.020343909
344.96	7.3617786e-05	-5.8473309	-0.020559905
345.6	7.5050755e-05	-5.8472258	-0.02033516
346.24	7.3626586e-05	-5.8473826	-0.020554094
346.88	7.309315e-05	-5.8473772	-0.020358045
347.52	7.3631936e-05	-5.8473771	-0.020750774
348.16	7.5354841e-05	-5.8472897	-0.020511012
348.8	7.5473101e-05	-5.8473451	-0.020362495
349.44	7.440836e-05	-5.8473207	-0.020496172
350.08	7.5010631e-05	-5.8472984	-0.020609455
350.72	7.425522e-05	-5.8473914	-0.020519353
351.36	7.4694946e-05	-5.8472623	-0.020597556
352	7.4788326e-05	-5.8473605	-0.020416436
352.64	7.3613762e-05	-5.8473221	-0.020480017
353.28	7.4022054e-05	-5.8474151	-0.02060292
353.92	7.4445189e-05	-5.8473173	-0.020489208
354.56	7.6507449e-05	-5.8473792	-0.020477875
355.2	7.5360374e-05	-5.8472892	-0.020528756
355.84	7.4863685e-05	-5.8473073	-0.020286676
356.48	7.6515699e-05	-5.847407	-0.020550507
357.12	7.4316506e-05	-5.8472798	-0.020364114
357.76	7.5013676e-05	-5.8473091	-0.020498353
358.4	7.361268e-05	-5.8473175	-0.020448915
359.04	7.4112238e-05	-5.8472854	-0.020600647
359.68	7.4875846e-05	-5.8472904	-0.020499467
360.32	7.5340755e-05	-5.8472995	-0.02054155
360.96	7.5029743e-05	-5.8473217	-0.020465098
361.6	7.557804e-05	-5.8473544	-0.020418084
362.24	7.5009096e-05	-5.8473539	-0.020657086
362.88	7.5487899e-05	-5.8474154	-0.020571671
363.52	7.3883167e-05	-5.8473634	-0.020428212
364.16	7.3522751e-05	-5.847359	-0.02052201
364.8	7.4912958e-05	-5.8473327	-0.020518276
365.44	7.4123027e-05	-5.84729	-0.020470643
366.08	7.4961253e-05	-5.8473368	-0.020459285
366.72	7.4937449e-05	-5.8472849	-0.020599098
367.36	7.4905067e-05	-5.8472193	-0.020588669
368	7.560583e-05	-5.8472987	-0.02032864
368.64	7.4653704e-05	-5.8473165	-0.020483093
369.28	7.4290883e-05	-5.8473073	-0.020566614
369.92	7.4814667e-05	-5.8474015	-0.020555792
370.56	7.3331831e-05	-5.847303	-0.020528087
371.2	7.5521987e-05	-5.847324	-0.020406399
371.84	7.377993e-05	-5.847378	-0.020366503
372.48	7.5291192e-05	-5.8473231	-0.020456321
373.12	7.4859571e-05	-5.8473499	-0.020404878
373.76	7.4510009e-05	-5.8472792	-0.020405245
374.4	7.4763349e-05	-5.8473211	-0.020625185
375.04	7.5728185e-05	-5.8473083	-0.020629193
375.68	7.5831206e-05	-5.8474299	-0.020684829
376.32	7.2641017e-05	-5.8473252	-0.020464538
376.96	7.5117023e-05	-5.8474211	-0.020434393
377.6	7.4305682e-05	-5.8473461	-0.02059784
378.24	7.5254069e-05	-5.8472957	-0.020459381
378.88	7.4439245e-05	-5.8473221	-0.020538285
379.52	7.5842289e-05	-5.847374	-0.020583092
380.16	7.5968527e-05	-5.8473085	-0.020610724
380.8	7.5704796e-05	-5.8473361	-0.020395252
381.44	7.4221197e-05	-5.8473441	-0.020446595
382.08	7.6469967e-05	-5.8473655	-0.020502069
382.72	7.395176e-05	-5.8473264	-0.020498096
383.36	7.4414756e-05	-5.8473646	-0.020596038
384	7.4468083e-05	-5.8473415	-0.020351323
384.64	7.5922005e-05	-5.8472916	-0.020626074
385.28	7.4851643e-05	-5.8473133	-0.020441695
385.92	7.3926115e-05	-5.8472512	-0.020432568
386.56	7.6085628e-05	-5.847397	-0.020616259
387.2	7.5112652e-05	-5.8473122	-0.020704093
387.84	7.5438612e-05	-5.8473825	-0.020613058
388.48	7.5041748e-05	-5.8474106	-0.020498011
389.12	7.3799498e-05	-5.8473775	-0.020509149
389.76	7.4105116e-05	-5.8472016	-0.020477788
390.4	7.332998e-05	-5.8473917	-0.020409149
391.04	7.4573508e-05	-5.8473785	-0.02034364
391.68	7.4235453e-05	-5.8472612	-0.020389309
392.32	7.630168e-05	-5.8473231	-0.02054423
392.96	7.5311613e-05	-5.8473171	-0.020472692
393.6	7.680121e-05	-5.8472953	-0.020491814
394.24	7.4920541e-05	-5.8472985	-0.02049595
394.88	7.5334044e-05	-5.8472762	-0.020464386
395.52	7.4271332e-05	-5.847299	-0.020559843
396.16	7.4700499e-05	-5.8473184	-0.020417029
396.8	7.4747916e-05	-5.8473418	-0.020639265
397.44	7.6234896e-05	-5.847329	-0.020454792
398.08	7.4888893e-05	-5.847327	-0.020381473
398.72	7.643152e-05	-5.8473372	-0.020441093
399.36	7.5305542e-05	-5.8472938	-0.020655405
400	7.4797712e-05	-5.8473351	-0.020588073
400.64	7.4381601e-05	-5.8473397	-0.020641645
401.28	7.4279053e-05	-5.8473077	-0.020457751
401.92	7.5012461e-05	-5.847365	-0.020251427
402.56	7.4149929e-05	-5.8473041	-0.020628492
403.2	7.5080428e-05	-5.8472492	-0.020323231
403.84	7.5526572e-05	-5.8473469	-0.020675305
404.48	7.5049816e-05	-5.8473922	-0.020501973
405.12	7.4833156e-05	-5.8473494	-0.020628222
405.76	7.6238887e-05	-5.8473225	-0.020539145
406.4	7.4862198e-05	-5.8473399	-0.020394287
407.04	7.5483562e-05	-5.8473362	-0.020555869
407.68	7.3778233e-05	-5.8472051	-0.020579977
408.32	7.4305341e-05	-5.8473364	-0.020448792
408.96	7.3438331e-05	-5.8474336	-0.020626783
409.6	7.6027305e-05	-5.8473058	-0.020434302
410.24	7.4744443e-05	-5.8473227	-0.020543642
410.88	7.6452119e-05	-5.8473423	-0.020412456
411.52	7.5279515e-05	-5.8473452	-0.02051173
412.16	7.5096189e-05	-5.8473819	-0.020542696
412.8	7.4740203e-05	-5.8472514	-0.020606811
413.44	7.5005251e-05	-5.8471825	-0.020406233
414.08	7.4042942e-05	-5.8473077	-0.020526804
414.72	7.4665075e-05	-5.8473461	-0.020541574
415.36	7.4822771e-05	-5.8473745	-0.020650053
416	7.4622735e-05	-5.8474067	-0.020601755
416.64	7.5180591e-05	-5.8472998	-0.020515864
417.28	7.5378903e-05	-5.8472807	-0.02024976
417.92	7.5953537e-05	-5.8473085	-0.020402981
418.56	7.4865885e-05	-5.8472746	-0.020668714
419.2	7.5670976e-05	-5.8473454	-0.020483985
419.84	7.4699124e-05	-5.8472753	-0.020546508
420.48	7.5349969e-05	-5.8473324	-0.020481951
421.12	7.4325827e-05	-5.8473273	-0.020485519
421.76	7.2626236e-05	-5.8473676	-0.020553318
422.4	7.5022622e-05	-5.847314	-0.020520647
423.04	7.4815233e-05	-5.8473086	-0.020681378
423.68	7.5316342e-05	-5.8474666	-0.020552092
424.32	7.4416166e-05	-5.8473303	-0.020499066
424.96	7.5971199e-05	-5.8472852	-0.020226305
425.6	7.6348573e-05	-5.8473508	-0.020551758
426.24	7.4821012e-05	-5.847308	-0.020387358
426.88	7.5690995e-05	-5.8473607	-0.02039202
427.52	7.3771341e-05	-5.8474058	-0.020642635
428.16	7.4293276e-05	-5.8472763	-0.020401431
428.8	7.4497732e-05	-5.8474159	-0.020572807
429.44	7.4700375e-05	-5.8473178	-0.020703112
430.08	7.5991892e-05	-5.8473881	-0.020449272
430.72	7.5668871e-05	-5.8472942	-0.020437383
431.36	7.4817614e-05	-5.8473397	-0.020527339
432	7.5471377e-05	-5.8472802	-0.020595993
432.64	7.4416403e-05	-5.847317	-0.020383638
433.28	7.397144e-05	-5.8473313	-0.02043987
433.92	7.5647395e-05	-5.8473753	-0.020352155
434.56	7.3477836e-05	-5.8473778	-0.020395226
435.2	7.4483222e-05	-5.8473691	-0.020702695
435.84	7.3685009e-05	-5.8473445	-0.02052606
436.48	7.5169933e-05	-5.8473499	-0.020354853
437.12	7.4125422e-05	-5.8472927	-0.020643598
437.76	7.6136001e-05	-5.8473086	-0.020615912
438.4	7.4791358e-05	-5.8473123	-0.020557354
439.04	7.3718575e-05	-5.8473025	-0.020503731
439.68	7.5247561e-05	-5.8472767	-0.020330182
440.32	7.4275409e-05	-5.8472855	-0.020562169
440.96	7.3791067e-05	-5.847313	-0.02056419
441.6	7.3891778e-05	-5.8473964	-0.020393382
442.24	7.4919111e-05	-5.8474108	-0.020309036
442.88	7.5428381e-05	-5.8472478	-0.020412007
443.52	7.4676225e-05	-5.8472699	-0.020463827
444.16	7.5510077e-05	-5.8472288	-0.020348192
444.8	7.4984512e-05	-5.8472613	-0.020543217
445.44	7.5205842e-05	-5.8473273	-0.020535207
446.08	7.3454145e-05	-5.8474008	-0.020584106
446.72	7.4944381e-05	-5.8473189	-0.020653024
447.36	7.3960889e-05	-5.8472945	-0.020414332
448	7.4473199e-05	-5.8473177	-0.020503386
448.64	7.5667889e-05	-5.8473275	-0.020221424
449.28	7.5799773e-05	-5.8473225	-0.020434416
449.92	7.4861624e-05	-5.8473399	-0.020448102
450.56	7.4498139e-05	-5.8472838	-0.020428643
451.2	7.4026396e-05	-5.8472884	-0.020561991
451.84	7.4243319e-05	-5.8473451	-0.020545806
452.48	7.3829652e-05	-5.847322	-0.020441834
453.12	7.4790525e-05	-5.8473278	-0.020513768
453.76	7.4762087e-05	-5.8472998	-0.020673685
454.4	7.5121656e-05	-5.8473649	-0.020524052
455.04	7.573979e-05	-5.8472998	-0.020408335
455.68	7.4483642e-05	-5.8473026	-0.020681587
456.32	7.4988775e-05	-5.8472749	-0.020496949
456.96	7.6853515e-05	-5.8473605	-0.020547541
457.6	7.5488141e-05	-5.8473271	-0.020500842
458.24	7.4479985e-05	-5.8473454	-0.020506178
458.88	7.3867056e-05	-5.8473686	-0.020629084
459.52	7.4149473e-05	-5.8472994	-0.020390976
460.16	7.4894335e-05	-5.8473232	-0.020381081
460.8	7.45977e-05	-5.8472944	-0.020440673
461.44	7.4820089e-05	-5.8473173	-0.020598979
462.08	7.50109e-05	-5.8473728	-0.020506496
462.72	7.5542578e-05	-5.8472754	-0.020471639
463.36	7.5122115e-05	-5.8473358	-0.020588115
464	7.5256688e-05	-5.8473596	-0.020538795
464.64	7.550156e-05	-5.8473976	-0.020642437
465.28	7.4486434e-05	-5.8472576	-0.02068023
465.92	7.2509401e-05	-5.847321	-0.020696186
466.56	7.4875329e-05	-5.847351	-0.020402201
467.2	7.3702183e-05	-5.8473307	-0.020338824
467.84	7.6029151e-05	-5.8473045	-0.020540882
468.48	7.5064035e-05	-5.8473868	-0.020523216
469.12	7.6198038e-05	-5.847411	-0.02053667
469.76	7.6192067e-05	-5.8473833	-0.0204858
470.4	7.7022989e-05	-5.8473102	-0.020623187
471.04	7.4502403e-05	-5.8472759	-0.020505786
471.68	7.4691097e-05	-5.8473371	-0.020419918
472.32	7.4655089e-05	-5.8472812	-0.02045154
472.96	7.3286834e-05	-5.8472842	-0.020719679
473.6	7.5045594e-05	-5.847397	-0.020632352
474.24	7.4306994e-05	-5.8473119	-0.020497159
474.88	7.454986e-05	-5.8472978	-0.020317698
475.52	7.5639078e-05	-5.847364	-0.020640563
476.16	7.4309185e-05	-5.8472979	-0.020503557
476.8	7.5668182e-05	-5.8473882	-0.02054117
477.44	7.5083497e-05	-5.8473091	-0.020548835
478.08	7.5121435e-05	-5.8472258	-0.020517462
478.72	7.5118628e-05	-5.8473095	-0.020551415
479.36	7.3857888e-05	-5.8473079	-0.020499053
480	7.347814e-05	-5.8472744	-0.020445756
480.64	7.4107156e-05	-5.8473117	-0.020425957
481.28	7.4644568e-05	-5.8473073	-0.020689737
481.92	7.4285991e-05	-5.8472743	-0.020539707
482.56	7.5145709e-05	-5.8473267	-0.02070822
483.2	7.4867658e-05	-5.847392	-0.020366637
483.84	7.3517901e-05	-5.8473076	-0.020626637
484.48	7.3073378e-05	-5.8472935	-0.020363067
485.12	7.4612807e-05	-5.8473369	-0.02050798
485.76	7.5248162e-05	-5.8473697	-0.020460989
486.4	7.5014799e-05	-5.8473271	-0.020625832
487.04	7.5021935e-05	-5.8473265	-0.020496265
487.68	7.5941171e-05	-5.8472712	-0.020619934
488.32	7.5968344e-05	-5.8472946	-0.020325205
488.96	7.4101573e-05	-5.8473397	-0.020528163
489.6	7.506102e-05	-5.8474064	-0.020479778
490.24	7.3506114e-05	-5.8473171	-0.020557954
490.88	7.453549e-05	-5.8472764	-0.020606948
491.52	7.4397663e-05	-5.8472669	-0.020391681
492.16	7.42792e-05	-5.847364	-0.020552625
492.8	7.5174568e-05	-5.8473643	-0.020428371
493.44	7.5692937e-05	-5.8473875	-0.020473916
494.08	7.4934879e-05	-5.8474143	-0.020461479
494.72	7.4850158e-05	-5.8472842	-0.02049841
495.36	7.5630639e-05	-5.8472994	-0.020466364
496	7.4617122e-05	-5.8473921	-0.020389308
496.64	7.4671098e-05	-5.8472903	-0.020505211
497.28	7.5395399e-05	-5.8473377	-0.020611896
497.92	7.4743986e-05	-5.8473138	-0.020540173
498.56	7.4733518e-05	-5.8473319	-0.020587057
499.2	7.5252745e-05	-5.8473549	-0.02051261
499.84	7.4362892e-05	-5.8473163	-0.020466771
