0	4.3901067e-05	-5.84389	0.0045491156
0.64	4.4510564e-05	-5.8439275	0.0043036664
1.28	4.5217809e-05	-5.8438438	0.0043664207
1.92	4.4841758e-05	-5.8438472	0.004332711
2.56	4.6146048e-05	-5.8438617	0.004338474
3.2	4.5734848e-05	-5.8439169	0.0044501944
3.84	4.5394049e-05	-5.8439168	0.0042480139
4.48	4.4924515e-05	-5.8439218	0.0043149643
5.12	4.4877212e-05	-5.8439319	0.0044698972
5.76	4.4728674e-05	-5.8438859	0.004380782
6.4	4.4557473e-05	-5.8438581	0.0044291146
7.04	4.4343085e-05	-5.8438761	0.0045060837
7.68	4.5074759e-05	-5.843904	0.0043561267
8.32	4.5258086e-05	-5.8438986	0.0043034683
8.96	4.5688449e-05	-5.843931	0.0043468235
9.6	4.5703017e-05	-5.8438796	0.0043984999
10.24	4.5900109e-05	-5.8439267	0.0044914531
10.88	4.5020068e-05	-5.8438708	0.0042969098
11.52	4.4517445e-05	-5.8439363	0.0041999808
12.16	4.4122414e-05	-5.8438761	0.0043909481
12.8	4.3981118e-05	-5.8439551	0.0044011368
13.44	4.4161916e-05	-5.8438944	0.0044080501
14.08	4.4975388e-05	-5.8438666	0.0044937135
14.72	4.5340285e-05	-5.843894	0.0044782236
15.36	4.6046827e-05	-5.8438708	0.0043865261
16	4.546495e-05	-5.8439166	0.0043697146
16.64	4.4548391e-05	-5.8438929	0.0042036075
17.28	4.4772752e-05	-5.8438753	0.0043138234
17.92	4.3975084e-05	-5.8438846	0.0043162081
18.56	4.3331268e-05	-5.8438799	0.0043094703
19.2	4.4098308e-05	-5.8438157	0.0043027806
19.84	4.4248473e-05	-5.8439224	0.0045042873
20.48	4.4415606e-05	-5.8439031	0.0044255025
21.12	4.5668453e-05	-5.8438989	0.0042954915
21.76	4.5410038e-05	-5.8438469	0.0043968938
22.4	4.5435905e-05	-5.8438376	0.0043490437
23.04	4.4884408e-05	-5.843898	0.0043298312
23.68	4.5856903e-05	-5.8438765	0.0043666489
24.32	4.4907018e-05	-5.8438857	0.0043071381
24.96	4.4192999e-05	-5.8438948	0.0043711464
25.6	4.4029447e-05	-5.8439132	0.0042901881
26.24	4.4676772e-05	-5.8438576	0.0043354241
26.88	4.540771e-05	-5.8439179	0.004428766
27.52	4.5608143e-05	-5.8438708	0.0044097537
28.16	4.6206909e-05	-5.8439174	0.0043830385
28.8	4.658213e-05	-5.8439131	0.0043433624
29.44	4.496214e-05	-5.8439074	0.0041888083
30.08	4.5576712e-05	-5.8439508	0.0043456167
30.72	4.4875408e-05	-5.8439137	0.0044484017
31.36	4.4299522e-05	-5.8438577	0.0043214685
32	4.4285433e-05	-5.8438669	0.0043649322
32.64	4.3859967e-05	-5.8439124	0.0043744156
33.28	4.5171671e-05	-5.8438943	0.0043498598
33.92	4.5276207e-05	-5.8438657	0.0043060851
34.56	4.5687471e-05	-5.8438843	0.0044589393
35.2	4.5957477e-05	-5.8438615	0.0042258705
35.84	4.5096537e-05	-5.843917	0.0043403774
36.48	4.4287785e-05	-5.8439589	0.0044150461
37.12	4.4061696e-05	-5.8438897	0.0043035338
37.76	4.3959846e-05	-5.8438434	0.0042489917
38.4	4.3753776e-05	-5.8438431	0.0045398892
39.04	4.4173102e-05	-5.8438801	0.0045038656
39.68	4.5957853e-05	-5.8439089	0.004362808
40.32	4.5393262e-05	-5.8438844	0.0044467315
40.96	4.5321119e-05	-5.8438979	0.0043613984
41.6	4.563319e-05	-5.8438612	0.0043742827
42.24	4.5525931e-05	-5.8439036	0.0042986783
42.88	4.481153e-05	-5.8438851	0.0045183895
43.52	4.3895173e-05	-5.8438756	0.0043894496
44.16	4.4682797e-05	-5.8439046	0.0042955927
44.8	4.3755926e-05	-5.8438941	0.0043440043
45.44	4.4461535e-05	-5.8439314	0.0043116813
46.08	4.4387046e-05	-5.8439026	0.0044104148
46.72	4.5382957e-05	-5.8438378	0.0043737062
47.36	4.5686966e-05	-5.8438704	0.0044381499
48	4.5332976e-05	-5.8439168	0.0043041255
48.64	4.5736097e-05	-5.8439179	0.0043318473
49.28	4.4128404e-05	-5.8439404	0.0044704548
49.92	4.3951099e-05	-5.8438944	0.0043103162
50.56	4.4118506e-05	-5.8439273	0.0043353646
51.2	4.418091e-05	-5.8438759	0.0044288106
51.84	4.4668293e-05	-5.8439268	0.0041064951
52.48	4.5114978e-05	-5.843945	0.0043136836
53.12	4.5166923e-05	-5.8438375	0.00442973
53.76	4.5103601e-05	-5.8439117	0.0044172897
54.4	4.4976803e-05	-5.8438933	0.0042578398
55.04	4.4807778e-05	-5.8438939	0.0043640417
55.68	4.4508176e-05	-5.8438851	0.0044403007
56.32	4.4719748e-05	-5.8438998	0.004245045
56.96	4.4759203e-05	-5.8438581	0.0044061403
57.6	4.4322262e-05	-5.8438992	0.0044137808
58.24	4.4882407e-05	-5.8438339	0.0043839177
58.88	4.4704725e-05	-5.8439119	0.0044461474
59.52	4.5766701e-05	-5.8438566	0.0042523501
60.16	4.5174396e-05	-5.8438467	0.0043584167
60.8	4.5846055e-05	-5.8439362	0.0044118046
61.44	4.5397058e-05	-5.8438574	0.0044777789
62.08	4.4446597e-05	-5.843927	0.0045205886
62.72	4.3680878e-05	-5.8439128	0.004248643
63.36	4.4339854e-05	-5.8438111	0.0044726182
64	4.4585176e-05	-5.8439086	0.0044091981
64.64	4.4649524e-05	-5.8438986	0.0043285216
65.28	4.5361443e-05	-5.8439078	0.004316073
65.92	4.5643938e-05	-5.843875	0.0042310284
66.56	4.638182e-05	-5.8439409	0.0043417683
67.2	4.5016518e-05	-5.8438378	0.0044031518
67.84	4.4891912e-05	-5.8438803	0.0043729741
68.48	4.4374686e-05	-5.8439131	0.0043122837
69.12	4.4811615e-05	-5.8438675	0.0044249246
69.76	4.4943038e-05	-5.8439093	0.0043824105
70.4	4.4917919e-05	-5.8438855	0.0042781364
71.04	4.4500922e-05	-5.8438937	0.0043573268
71.68	4.4893395e-05	-5.8438794	0.0044351392
72.32	4.5652534e-05	-5.8438611	0.0045010647
72.96	4.5968252e-05	-5.8438801	0.004440282
73.6	4.4476769e-05	-5.8439165	0.0043251435
74.24	4.4754605e-05	-5.8439222	0.0043826593
74.88	4.4616343e-05	-5.8439042	0.0043293856
75.52	4.4172975e-05	-5.8438901	0.0044418006
76.16	4.4294898e-05	-5.8438621	0.0045858094
76.8	4.4034552e-05	-5.8438706	0.0043911445
77.44	4.5371626e-05	-5.8438758	0.0044037472
78.08	4.5079998e-05	-5.8438655	0.0043472883
78.72	4.5419688e-05	-5.843833	0.004355244
79.36	4.5030422e-05	-5.8438561	0.0044137981
80	4.5137096e-05	-5.8439173	0.0043787975
80.64	4.500258e-05	-5.8439598	0.0043753785
81.28	4.4384526e-05	-5.8438993	0.004377938
81.92	4.4735684e-05	-5.8439185	0.0044004669
82.56	4.408531e-05	-5.8438572	0.0045041244
83.2	4.4559256e-05	-5.8438989	0.0044073941
83.84	4.5577382e-05	-5.8438945	0.0044265064
84.48	4.4742271e-05	-5.8439395	0.0044936531
85.12	4.503287e-05	-5.843893	0.004420227
85.76	4.5441326e-05	-5.8438704	0.0044338915
86.4	4.5097089e-05	-5.8438708	0.0043890757
87.04	4.4980662e-05	-5.8438483	0.004270896
87.68	4.4310387e-05	-5.8439087	0.0043977265
88.32	4.4564837e-05	-5.8438486	0.0043169736
88.96	4.4906779e-05	-5.8439091	0.0042707758
89.6	4.3987473e-05	-5.8439354	0.0043429101
90.24	4.4745547e-05	-5.8438563	0.0043250095
90.88	4.5540778e-05	-5.8438797	0.0043597591
91.52	4.5513621e-05	-5.8438935	0.0043139534
92.16	4.5243591e-05	-5.8438564	0.0043638929
92.8	4.551611e-05	-5.8438945	0.0042980421
93.44	4.5205848e-05	-5.8438206	0.0044702691
94.08	4.4271994e-05	-5.8438343	0.0043494346
94.72	4.3918721e-05	-5.8438759	0.0042809496
95.36	4.3492172e-05	-5.8438891	0.0043770542
96	4.4657881e-05	-5.8439034	0.0043425533
96.64	4.5656538e-05	-5.8439129	0.0044587056
97.28	4.4817239e-05	-5.8438417	0.0042526049
97.92	4.5281566e-05	-5.8438793	0.0044866135
98.56	4.481548e-05	-5.8439026	0.004288684
99.2	4.4023316e-05	-5.8439351	0.0042180256
99.84	4.4720089e-05	-5.8439226	0.0043426707
100.48	4.4113899e-05	-5.8437783	0.0045422217
101.12	4.4347793e-05	-5.8438483	0.004344587
101.76	4.4123014e-05	-5.8438849	0.0042853939
102.4	4.5098441e-05	-5.8438805	0.0042804396
103.04	4.5467777e-05	-5.8439452	0.0043099937
103.68	4.5992002e-05	-5.8438196	0.0044828632
104.32	4.54664e-05	-5.8438703	0.0043228982
104.96	4.5868149e-05	-5.8438898	0.0043341449
105.6	4.458019e-05	-5.8438893	0.0044346211
106.24	4.4841258e-05	-5.8439042	0.0044031399
106.88	4.4843964e-05	-5.8438814	0.0043687691
107.52	4.43672e-05	-5.843825	0.0043080151
108.16	4.5676114e-05	-5.8438491	0.004293642
108.8	4.537174e-05	-5.8439132	0.0043719899
109.44	4.5513871e-05	-5.8439312	0.0043528397
110.08	4.5452326e-05	-5.843861	0.0044876424
110.72	4.5629083e-05	-5.8439217	0.0044617583
111.36	4.5206693e-05	-5.8438986	0.0042186778
112	4.5332113e-05	-5.8438297	0.0045079289
112.64	4.3918615e-05	-5.8439081	0.0043844473
113.28	4.3978858e-05	-5.8438945	0.0044333111
113.92	4.4179631e-05	-5.843862	0.0043256614
114.56	4.3720085e-05	-5.8438516	0.0045121603
115.2	4.5061021e-05	-5.8438894	0.0044841703
115.84	4.5738607e-05	-5.8439266	0.0043153635
116.48	4.5058314e-05	-5.8438234	0.0043381646
117.12	4.5561764e-05	-5.8438706	0.0043178776
117.76	4.4925052e-05	-5.8439264	0.0043823871
118.4	4.5326323e-05	-5.843867	0.0045438718
119.04	4.4081438e-05	-5.8439223	0.0044763113
119.68	4.3963023e-05	-5.8439084	0.0043072248
120.32	4.4513257e-05	-5.8438576	0.0044138435
120.96	4.4694841e-05	-5.8438851	0.004343421
121.6	4.5400548e-05	-5.8439175	0.0043754776
122.24	4.5823051e-05	-5.8439359	0.0043954718
122.88	4.5640971e-05	-5.8439169	0.0042312607
123.52	4.5151112e-05	-5.8439539	0.0043836391
124.16	4.4574184e-05	-5.8439122	0.004427827
124.8	4.4488479e-05	-5.8438478	0.0043285885
125.44	4.4708792e-05	-5.8438486	0.0044263278
126.08	4.4800218e-05	-5.8439	0.0043549129
126.72	4.4279194e-05	-5.8439038	0.0043039871
127.36	4.4838831e-05	-5.8438898	0.004300929
128	4.5589591e-05	-5.8439223	0.0042365972
128.64	4.5521003e-05	-5.8438798	0.0044554339
129.28	4.515822e-05	-5.8439304	0.0043507876
129.92	4.4871765e-05	-5.8438792	0.0045072915
130.56	4.415125e-05	-5.8438932	0.0043451795
131.2	4.4957634e-05	-5.8438623	0.0042317776
131.84	4.3963375e-05	-5.8439224	0.0042454201
132.48	4.4172276e-05	-5.8438529	0.0043413209
133.12	4.3707663e-05	-5.8439032	0.0041103094
133.76	4.4668339e-05	-5.8438429	0.0043285891
134.4	4.5972349e-05	-5.8438899	0.0043916459
135.04	4.5596274e-05	-5.8438658	0.004406963
135.68	4.5586479e-05	-5.8438936	0.0043397884
136.32	4.5357572e-05	-5.8439682	0.0043555812
136.96	4.4586939e-05	-5.8438473	0.0044436888
137.6	4.476793e-05	-5.8438855	0.0043332982
138.24	4.3881857e-05	-5.843899	0.0044087224
138.88	4.4364193e-05	-5.8438716	0.0043371473
139.52	4.4428365e-05	-5.843848	0.0043080386
140.16	4.4520052e-05	-5.8439125	0.0044053615
140.8	4.5948282e-05	-5.8439317	0.0042261807
141.44	4.6283237e-05	-5.8438664	0.0043329509
142.08	4.5561745e-05	-5.8438703	0.004541591
142.72	4.4069211e-05	-5.8439299	0.0042509357
143.36	4.4788696e-05	-5.8438848	0.0043588817
144	4.4545662e-05	-5.8438202	0.0044422789
144.64	4.4186999e-05	-5.8438714	0.004297778
145.28	4.4218797e-05	-5.8438993	0.004354527
145.92	4.4206402e-05	-5.8438523	0.0042898629
146.56	4.4786675e-05	-5.8438335	0.0043730113
147.2	4.4736602e-05	-5.8439258	0.0043466637
147.84	4.5611037e-05	-5.8438844	0.0042345361
148.48	4.5832318e-05	-5.8439451	0.0044749626
149.12	4.5912212e-05	-5.8438388	0.0043943185
149.76	4.5450233e-05	-5.8438902	0.0043317372
150.4	4.5358765e-05	-5.8439002	0.0044138044
151.04	4.4627122e-05	-5.8438533	0.0045527887
151.68	4.4853063e-05	-5.8438627	0.0043737759
152.32	4.4641896e-05	-5.8438991	0.0043675646
152.96	4.510872e-05	-5.8439314	0.0044385186
153.6	4.5525302e-05	-5.8438939	0.0043557295
154.24	4.5593076e-05	-5.8438658	0.0042485335
154.88	4.5166958e-05	-5.8438422	0.0042978517
155.52	4.524848e-05	-5.8438987	0.0043959042
156.16	4.4139407e-05	-5.8438983	0.0043943901
156.8	4.3956914e-05	-5.8438756	0.0043172636
157.44	4.400763e-05	-5.8438713	0.0043778809
158.08	4.4822671e-05	-5.8438766	0.0043943341
158.72	4.4114115e-05	-5.8438241	0.0044479646
159.36	4.488409e-05	-5.8439637	0.0043260192
160	4.535548e-05	-5.8438379	0.0043949681
160.64	4.5722476e-05	-5.8438565	0.0042998409
161.28	4.6321506e-05	-5.843848	0.0044232269
161.92	4.4965071e-05	-5.8439636	0.0044529299
162.56	4.5256697e-05	-5.8439042	0.0043749646
163.2	4.4005294e-05	-5.8438478	0.0044147618
163.84	4.3711381e-05	-5.8438245	0.004519008
164.48	4.4709817e-05	-5.8438904	0.0043098569
165.12	4.5277406e-05	-5.8438857	0.0043867222
165.76	4.5453206e-05	-5.8438664	0.0044290202
166.4	4.5934954e-05	-5.8438802	0.0043554099
167.04	4.5490046e-05	-5.8438795	0.0044023458
167.68	4.4773182e-05	-5.8438977	0.0044016823
168.32	4.5247915e-05	-5.8438895	0.0042679153
168.96	4.4766303e-05	-5.8439318	0.0042188874
169.6	4.4225211e-05	-5.8438854	0.0043567513
170.24	4.4251824e-05	-5.8439041	0.0045170025
170.88	4.3936362e-05	-5.8438942	0.0043808779
171.52	4.4727175e-05	-5.843885	0.0044142049
172.16	4.554297e-05	-5.8438989	0.004464083
172.8	4.5818175e-05	-5.8438242	0.0044888032
173.44	4.5245624e-05	-5.8438839	0.0043009119
174.08	4.5466864e-05	-5.8439124	0.0043390318
174.72	4.4133585e-05	-5.8439118	0.0043605474
175.36	4.4822079e-05	-5.8438668	0.0042722852
176	4.4132881e-05	-5.8439458	0.0044004094
176.64	4.5134087e-05	-5.8438632	0.0044276707
177.28	4.4752769e-05	-5.8439183	0.004234796
177.92	4.406018e-05	-5.8438889	0.0043852053
178.56	4.5208357e-05	-5.8439032	0.0042888925
179.2	4.5483499e-05	-5.8439168	0.0044707628
179.84	4.5932482e-05	-5.8438474	0.0045011476
180.48	4.5600355e-05	-5.8439545	0.0043844324
181.12	4.498673e-05	-5.8438989	0.004347765
181.76	4.5264972e-05	-5.8439511	0.0042759022
182.4	4.4545125e-05	-5.8438718	0.0042389506
183.04	4.4859429e-05	-5.8439047	0.0043474583
183.68	4.4599409e-05	-5.8438575	0.0043772152
184.32	4.4828281e-05	-5.8438616	0.0043281258
184.96	4.5006571e-05	-5.8439215	0.0044902087
185.6	4.5873544e-05	-5.8439078	0.0043804022
186.24	4.5479376e-05	-5.8438656	0.0045494323
186.88	4.5870441e-05	-5.8438851	0.0042149075
187.52	4.4579805e-05	-5.8439451	0.0045791931
188.16	4.4647993e-05	-5.8439088	0.0043140837
188.8	4.4246767e-05	-5.8438483	0.0044280887
189.44	4.4227819e-05	-5.8438389	0.0044411221
190.08	4.4448247e-05	-5.8438526	0.0042180985
190.72	4.4901502e-05	-5.8439127	0.0043554323
191.36	4.6012694e-05	-5.8438851	0.004432164
192	4.532446e-05	-5.8439073	0.0043598251
192.64	4.5169832e-05	-5.8438467	0.0046280048
193.28	4.475738e-05	-5.8438701	0.0044679988
193.92	4.4372611e-05	-5.8438473	0.004318939
194.56	4.4950149e-05	-5.8439556	0.0043623764
195.2	4.4591952e-05	-5.8438859	0.0042722516
195.84	4.4201228e-05	-5.8439273	0.0044223601
196.48	4.4819161e-05	-5.8438901	0.004220876
197.12	4.523573e-05	-5.8438711	0.0042607023
197.76	4.4895379e-05	-5.8438886	0.0044159795
198.4	4.4974315e-05	-5.8438511	0.0042657087
199.04	4.5618471e-05	-5.8438658	0.004364873
199.68	4.4499837e-05	-5.8439397	0.0044028897
200.32	4.4414819e-05	-5.84388	0.0044770349
200.96	4.4312776e-05	-5.8438248	0.0045466861
201.6	4.3932242e-05	-5.8439457	0.0043049767
202.24	4.3950733e-05	-5.8438572	0.0043980438
202.88	4.447437e-05	-5.8439082	0.004358766
203.52	4.5721216e-05	-5.843904	0.0043302562
204.16	4.4561825e-05	-5.8439114	0.0044585252
204.8	4.6062159e-05	-5.8438754	0.0044168762
205.44	4.5266209e-05	-5.8439167	0.0043775944
206.08	4.531647e-05	-5.8438755	0.0042863783
206.72	4.4122731e-05	-5.8438334	0.0043219132
207.36	4.4951313e-05	-5.8439278	0.0042522794
208	4.4001067e-05	-5.8438528	0.0044164257
208.64	4.4737093e-05	-5.8438719	0.0044436837
209.28	4.4330247e-05	-5.8439033	0.0044066433
209.92	4.5214534e-05	-5.8439359	0.004439246
210.56	4.4408874e-05	-5.8438461	0.0044506286
211.2	4.5622168e-05	-5.8439494	0.004383791
211.84	4.6520168e-05	-5.8439273	0.0043512479
212.48	4.5425638e-05	-5.8438711	0.0043018593
213.12	4.4334726e-05	-5.8438244	0.0043974399
213.76	4.4191471e-05	-5.8439365	0.0043178948
214.4	4.4308436e-05	-5.8439136	0.0043925424
215.04	4.398321e-05	-5.8438571	0.0043259562
215.68	4.5633553e-05	-5.8439092	0.0043546172
216.32	4.5270714e-05	-5.8438382	0.0045337191
216.96	4.5156422e-05	-5.8439211	0.0044530132
217.6	4.5668738e-05	-5.8439122	0.004286488
218.24	4.6277598e-05	-5.8438341	0.0043911027
218.88	4.5877826e-05	-5.8439508	0.0045000906
219.52	4.5199533e-05	-5.8439556	0.0043533993
220.16	4.4326897e-05	-5.8438622	0.0043547123
220.8	4.423011e-05	-5.8439274	0.0042600848
221.44	4.4374435e-05	-5.8438527	0.0043873799
222.08	4.4948572e-05	-5.8438851	0.0043360571
222.72	4.4588258e-05	-5.8439164	0.0042929081
223.36	4.5806973e-05	-5.8438753	0.0042812477
224	4.526451e-05	-5.84387	0.0044089233
224.64	4.6706114e-05	-5.8439277	0.0044076635
225.28	4.574947e-05	-5.843909	0.0044006802
225.92	4.5681792e-05	-5.8438074	0.0043635933
226.56	4.431797e-05	-5.8439135	0.0044004025
227.2	4.4050979e-05	-5.8439039	0.0043670781
227.84	4.4863935e-05	-5.8439275	0.0043912241
228.48	4.4980942e-05	-5.8438896	0.0043865461
229.12	4.6005791e-05	-5.8438619	0.004446232
229.76	4.548098e-05	-5.8439354	0.0044341881
230.4	4.5195773e-05	-5.8438979	0.0042172014
231.04	4.5070962e-05	-5.843889	0.0042845394
231.68	4.4738227e-05	-5.8438848	0.0043624395
232.32	4.4133384e-05	-5.8439129	0.0043038758
232.96	4.4565945e-05	-5.8438533	0.0043671776
233.6	4.4040191e-05	-5.8438806	0.0044666237
234.24	4.3882184e-05	-5.8438799	0.0044396621
234.88	4.5201171e-05	-5.8439176	0.0042526529
235.52	4.5806247e-05	-5.8439314	0.0043062952
236.16	4.5280089e-05	-5.8439305	0.0043028163
236.8	4.5614431e-05	-5.8438937	0.0043598403
237.44	4.5249179e-05	-5.8439032	0.0044190744
238.08	4.4456964e-05	-5.8438707	0.0043390933
238.72	4.3986784e-05	-5.8438849	0.0042820811
239.36	4.3924424e-05	-5.8439596	0.0043627901
240	4.5270236e-05	-5.8438771	0.0042815
240.64	4.4920698e-05	-5.8438715	0.0042631362
241.28	4.5094228e-05	-5.8438709	0.0044947232
241.92	4.4788604e-05	-5.8439443	0.0044550707
242.56	4.5648838e-05	-5.843875	0.0043091608
243.2	4.5710893e-05	-5.8438939	0.0043201541
243.84	4.5969162e-05	-5.8439227	0.0043573562
244.48	4.4069051e-05	-5.8439077	0.004292624
245.12	4.4834239e-05	-5.8438486	0.0044829622
245.76	4.4683727e-05	-5.8438301	0.0044207416
246.4	4.4914714e-05	-5.8439139	0.0044268845
247.04	4.4787431e-05	-5.8439131	0.0043659401
247.68	4.464514e-05	-5.843875	0.0043981415
248.32	4.5613836e-05	-5.8438613	0.0043463987
248.96	4.6132568e-05	-5.8439499	0.0042967561
249.6	4.4761571e-05	-5.8438836	0.0044398015
250.24	4.4944376e-05	-5.8438985	0.0043670294
250.88	4.4460031e-05	-5.8439407	0.0043790959
251.52	4.3990803e-05	-5.8439177	0.004386012
252.16	4.445417e-05	-5.8438905	0.0042796108
252.8	4.466954e-05	-5.8439136	0.0043007783
253.44	4.4903843e-05	-5.8439085	0.0042458035
254.08	4.5178145e-05	-5.8438567	0.0044095214
254.72	4.5534332e-05	-5.8439727	0.0042741206
255.36	4.6154083e-05	-5.8438569	0.004552344
256	4.52368e-05	-5.8438656	0.0043310843
256.64	4.4835311e-05	-5.8439543	0.0043708655
257.28	4.4337386e-05	-5.8438942	0.0044384007
257.92	4.409939e-05	-5.8438015	0.0042690677
258.56	4.3711433e-05	-5.8438618	0.004218418
259.2	4.4593148e-05	-5.8439274	0.0043834114
259.84	4.4997587e-05	-5.8438713	0.0041657171
260.48	4.5510197e-05	-5.8439454	0.0044211103
261.12	4.5551025e-05	-5.8438657	0.0043804608
261.76	4.5357789e-05	-5.8438933	0.0042290148
262.4	4.5243069e-05	-5.8438564	0.0043345317
263.04	4.4863875e-05	-5.8439731	0.0041577425
263.68	4.5378975e-05	-5.8438814	0.0042774738
264.32	4.4249931e-05	-5.8438715	0.0044140317
264.96	4.4056996e-05	-5.8439086	0.0044272989
265.6	4.4392085e-05	-5.843848	0.0044141543
266.24	4.4976975e-05	-5.8439082	0.0043960896
266.88	4.5811821e-05	-5.8439316	0.0045228439
267.52	4.514918e-05	-5.843963	0.0042884319
268.16	4.5831647e-05	-5.8439032	0.0044169359
268.8	4.6081878e-05	-5.8438388	0.0044091353
269.44	4.4830075e-05	-5.8438662	0.0044372248
270.08	4.3917423e-05	-5.8439033	0.0045318533
270.72	4.4316376e-05	-5.8438809	0.0043318608
271.36	4.4848351e-05	-5.8439094	0.0042219882
272	4.4907212e-05	-5.8439275	0.0043861604
272.64	4.4928894e-05	-5.8438895	0.0044425904
273.28	4.3858065e-05	-5.8439528	0.0042530963
273.92	4.5265316e-05	-5.8439258	0.0043063888
274.56	4.6322671e-05	-5.8438758	0.0044086416
275.2	4.6429094e-05	-5.8439508	0.0043358858
275.84	4.5190346e-05	-5.8439365	0.0043338251
276.48	4.464612e-05	-5.8438158	0.0042425995
277.12	4.3514348e-05	-5.8438569	0.0043563298
277.76	4.4441653e-05	-5.8439135	0.0042754799
278.4	4.5128112e-05	-5.8438532	0.0044426937
279.04	4.5357588e-05	-5.8439177	0.0044700673
279.68	4.5560032e-05	-5.8439451	0.0045465011
280.32	4.5941836e-05	-5.8437962	0.0044376632
280.96	4.5406964e-05	-5.8439725	0.0043345977
281.6	4.4848137e-05	-5.8438842	0.0042164714
282.24	4.4853868e-05	-5.8438851	0.004264472
282.88	4.459197e-05	-5.8438391	0.004489379
283.52	4.4151533e-05	-5.8438762	0.0043428842
284.16	4.4390061e-05	-5.8438856	0.0044405763
284.8	4.4922849e-05	-5.8438529	0.0043745986
285.44	4.573347e-05	-5.8439319	0.0042774731
286.08	4.5831445e-05	-5.8439499	0.0043520108
286.72	4.5788153e-05	-5.8439588	0.0042993965
287.36	4.6682399e-05	-5.8438854	0.0044023967
288	4.5396563e-05	-5.8438384	0.0042880472
288.64	4.4606076e-05	-5.8439362	0.0043609992
289.28	4.40596e-05	-5.8438805	0.004293491
289.92	4.5048553e-05	-5.8438678	0.0043828631
290.56	4.3854324e-05	-5.8438803	0.0043290695
291.2	4.4901184e-05	-5.8438806	0.0043578938
291.84	4.4879495e-05	-5.8438612	0.0044645083
292.48	4.5525656e-05	-5.8438751	0.0044732139
293.12	4.6481937e-05	-5.8439362	0.0045528286
293.76	4.593915e-05	-5.8438616	0.0042599625
294.4	4.5555221e-05	-5.8439224	0.0044504011
295.04	4.5470392e-05	-5.8439232	0.0043085981
295.68	4.4813851e-05	-5.843858	0.0043748692
296.32	4.4371775e-05	-5.8438252	0.0043598634
296.96	4.3713069e-05	-5.8439266	0.0042785569
297.6	4.4636893e-05	-5.8439268	0.004447362
298.24	4.5271288e-05	-5.8439406	0.0043919633
298.88	4.5541362e-05	-5.8438099	0.0043268641
299.52	4.4927433e-05	-5.8439347	0.0043292152
300.16	4.5615941e-05	-5.8438799	0.0043966915
300.8	4.5121937e-05	-5.8438802	0.0043995556
301.44	4.3847261e-05	-5.8438565	0.0042533906
302.08	4.4664534e-05	-5.8438952	0.0042816736
302.72	4.4412771e-05	-5.8439555	0.0043723699
303.36	4.4439184e-05	-5.8438622	0.0046268322
304	4.465634e-05	-5.8438989	0.0044336066
304.64	4.519386e-05	-5.8438985	0.0044178572
305.28	4.6383079e-05	-5.8438665	0.0043137802
305.92	4.5738773e-05	-5.8438843	0.0044281084
306.56	4.5789501e-05	-5.8438941	0.0043164909
307.2	4.4964088e-05	-5.8438429	0.0043556263
307.84	4.5087733e-05	-5.8438253	0.0044878706
308.48	4.4158896e-05	-5.843904	0.0044545429
309.12	4.3771735e-05	-5.8438572	0.0044359385
309.76	4.5418219e-05	-5.8438537	0.0043432484
310.4	4.4910428e-05	-5.8439083	0.0042256947
311.04	4.5206313e-05	-5.843931	0.0043303459
311.68	4.6008078e-05	-5.8438429	0.0042449958
312.32	4.5491147e-05	-5.8438935	0.0045219251
312.96	4.5456426e-05	-5.8438985	0.0043844955
313.6	4.5601391e-05	-5.8438762	0.0044539915
314.24	4.3906697e-05	-5.8438846	0.0041914645
314.88	4.4317015e-05	-5.8438855	0.0045975358
315.52	4.3319233e-05	-5.8438427	0.0044080808
316.16	4.4094374e-05	-5.8439128	0.004452463
316.8	4.5039471e-05	-5.84382	0.0044349168
317.44	4.5306214e-05	-5.8438752	0.0044186023
318.08	4.6149615e-05	-5.8438895	0.0043242484
318.72	4.5184359e-05	-5.8438513	0.0044242006
319.36	4.5193929e-05	-5.8438844	0.0043940659
320	4.4619049e-05	-5.8438754	0.0045124224
320.64	4.4419563e-05	-5.8439131	0.0045160019
321.28	4.4074015e-05	-5.8438667	0.0042717076
321.92	4.3853168e-05	-5.8438897	0.004408873
322.56	4.4037317e-05	-5.8438568	0.0044481162
323.2	4.4565563e-05	-5.843931	0.0042376091
323.84	4.5015325e-05	-5.8438516	0.0044043073
324.48	4.4973046e-05	-5.8438511	0.0043543597
325.12	4.5695889e-05	-5.8438891	0.004328544
325.76	4.4825497e-05	-5.8438609	0.004350481
326.4	4.5076635e-05	-5.8439132	0.0043744059
327.04	4.5267195e-05	-5.843914	0.0042632685
327.68	4.4470374e-05	-5.8438997	0.0044164555
328.32	4.3823189e-05	-5.8438943	0.0044676215
328.96	4.4702004e-05	-5.8439132	0.0042692377
329.6	4.5355951e-05	-5.8438572	0.0044237708
330.24	4.5655412e-05	-5.8438382	0.0043906157
330.88	4.514618e-05	-5.8440188	0.0043719641
331.52	4.4797471e-05	-5.8438651	0.0043272752
332.16	4.5989606e-05	-5.8438808	0.0044102527
332.8	4.431929e-05	-5.8438846	0.0043023231
333.44	4.4100274e-05	-5.8438757	0.0044109736
334.08	4.4054331e-05	-5.8439272	0.0044400515
334.72	4.4319682e-05	-5.84389	0.0042994052
335.36	4.4345206e-05	-5.843922	0.0044870423
336	4.516677e-05	-5.8439035	0.004382675
336.64	4.4559927e-05	-5.8438975	0.0042976275
337.28	4.5612199e-05	-5.8439216	0.004375786
337.92	4.6136292e-05	-5.8438572	0.0042479224
338.56	4.5390873e-05	-5.8438617	0.0043647671
339.2	4.5245713e-05	-5.8439135	0.0043286117
339.84	4.419964e-05	-5.8438154	0.0043824307
340.48	4.4564642e-05	-5.8438811	0.0042847185
341.12	4.4820658e-05	-5.8438346	0.0044273988
341.76	4.3791341e-05	-5.8438515	0.0044619251
342.4	4.4896051e-05	-5.8439356	0.0042930017
343.04	4.5450675e-05	-5.8438286	0.004326159
343.68	4.5632408e-05	-5.8439123	0.0043683272
344.32	4.50726e-05	-5.8438703	0.0042700259
344.96	4.6077193e-05	-5.843858	0.0044242907
345.6	4.4658382e-05	-5.8438898	0.0044770295
346.24	4.3903824e-05	-5.8439361	0.0043456192
346.88	4.3342215e-05	-5.8438799	0.0044076325
347.52	4.4996196e-05	-5.8439416	0.0042703042
348.16	4.4617479e-05	-5.843922	0.004228939
348.8	4.517522e-05	-5.8439357	0.0044711874
349.44	4.565451e-05	-5.8439171	0.0044420702
350.08	4.4993625e-05	-5.8438978	0.0043719903
350.72	4.430912e-05	-5.8439254	0.0042567695
351.36	4.4838972e-05	-5.8438522	0.0043628766
352	4.4419915e-05	-5.8438618	0.0044342378
352.64	4.4322992e-05	-5.8438436	0.0043708549
353.28	4.3611415e-05	-5.8438569	0.0044051039
353.92	4.472385e-05	-5.8439598	0.0043907244
354.56	4.4626085e-05	-5.8438985	0.0043799981
355.2	4.534448e-05	-5.8438473	0.0045667826
355.84	4.5587564e-05	-5.8439216	0.0042721318
356.48	4.5548404e-05	-5.8438333	0.0043997621
357.12	4.5197047e-05	-5.8438893	0.0044500111
357.76	4.4808548e-05	-5.8439082	0.0042832675
358.4	4.4196887e-05	-5.8439594	0.0043472173
359.04	4.4262226e-05	-5.843904	0.0043931301
359.68	4.388367e-05	-5.8438803	0.004484013
360.32	4.5083957e-05	-5.8438903	0.0043903768
360.96	4.4563135e-05	-5.8439262	0.0044174066
361.6	4.5359214e-05	-5.8439449	0.0043740159
362.24	4.5734968e-05	-5.8438705	0.0042797905
362.88	4.6442035e-05	-5.8439179	0.0043452278
363.52	4.4590807e-05	-5.8438748	0.0043233081
364.16	4.4319381e-05	-5.843866	0.0045189894
364.8	4.5008523e-05	-5.8439092	0.0042584294
365.44	4.4630652e-05	-5.843858	0.0043809382
366.08	4.4541031e-05	-5.8439553	0.0042290254
366.72	4.4809782e-05	-5.8439968	0.0044288636
367.36	4.5147404e-05	-5.8438569	0.0043256971
368	4.5502625e-05	-5.8439264	0.0043400097
368.64	4.6318288e-05	-5.8438572	0.0045530948
369.28	4.5237953e-05	-5.8438656	0.0043138929
369.92	4.5803118e-05	-5.8438901	0.0042612826
370.56	4.5140311e-05	-5.8439135	0.0045139232
371.2	4.4482777e-05	-5.8438995	0.0043892052
371.84	4.3800227e-05	-5.843899	0.0044048702
372.48	4.5426529e-05	-5.843891	0.0043351764
373.12	4.5496184e-05	-5.8438672	0.0044115412
373.76	4.5452148e-05	-5.8438942	0.0043613775
374.4	4.568841e-05	-5.8438892	0.0044522561
375.04	4.5267947e-05	-5.8438887	0.0043570049
375.68	4.5037872e-05	-5.8439027	0.0043525971
376.32	4.5298228e-05	-5.8439176	0.0043231303
376.96	4.5056916e-05	-5.843853	0.0043790198
377.6	4.4082266e-05	-5.8439177	0.0043266497
378.24	4.4637665e-05	-5.8438859	0.0043174992
378.88	4.3852397e-05	-5.8438708	0.0043408455
379.52	4.5346341e-05	-5.8439274	0.0043953567
380.16	4.4693334e-05	-5.8439074	0.0043364394
380.8	4.5020866e-05	-5.8439071	0.0044506841
381.44	4.5403744e-05	-5.8438143	0.004431175
382.08	4.5304602e-05	-5.8438565	0.0043849144
382.72	4.4633597e-05	-5.8438985	0.0043338554
383.36	4.4670946e-05	-5.8438063	0.0043496452
384	4.4594038e-05	-5.8438672	0.0043945874
384.64	4.3804296e-05	-5.8439223	0.0043546268
385.28	4.4750334e-05	-5.8439135	0.004405
385.92	4.4709039e-05	-5.8439405	0.0043902676
386.56	4.5524726e-05	-5.8439266	0.004360035
387.2	4.5685137e-05	-5.8439124	0.0043203188
387.84	4.5805565e-05	-5.8438287	0.0043939862
388.48	4.506617e-05	-5.8439401	0.0044512818
389.12	4.5074513e-05	-5.8438991	0.0043400053
389.76	4.4337074e-05	-5.8439037	0.0043796288
390.4	4.4071471e-05	-5.8439179	0.0043117503
391.04	4.4261109e-05	-5.8438576	0.0044821064
391.68	4.4486539e-05	-5.8438526	0.004395162
392.32	4.5076457e-05	-5.8438896	0.0043147899
392.96	4.509368e-05	-5.8438284	0.0042945149
393.6	4.5187967e-05	-5.8438792	0.0044488197
394.24	4.5501783e-05	-5.8439308	0.0044302085
394.88	4.4803126e-05	-5.8438888	0.004283222
395.52	4.4818335e-05	-5.8438989	0.0043600705
396.16	4.3974861e-05	-5.8438616	0.0043972337
396.8	4.3622535e-05	-5.8439547	0.0044247067
397.44	4.3268925e-05	-5.8438333	0.0044637596
398.08	4.4676012e-05	-5.8438527	0.0043735683
398.72	4.4742926e-05	-5.8439264	0.0045352375
399.36	4.5494208e-05	-5.8438566	0.0042672092
400	4.5648696e-05	-5.8438843	0.0044659038
400.64	4.5153299e-05	-5.8438793	0.0042812228
401.28	4.4269332e-05	-5.8439256	0.0043124869
401.92	4.5169038e-05	-5.8439366	0.0043844995
402.56	4.5396803e-05	-5.8439096	0.0043961667
403.2	4.409585e-05	-5.8438947	0.0043079323
403.84	4.4416689e-05	-5.8438623	0.0043265731
404.48	4.431967e-05	-5.8438616	0.0043492768
405.12	4.5744367e-05	-5.8439458	0.0043905819
405.76	4.5815195e-05	-5.8438755	0.0043199534
406.4	4.6405621e-05	-5.8438804	0.0043211138
407.04	4.5269925e-05	-5.8438097	0.0043171408
407.68	4.5713137e-05	-5.843876	0.0044807101
408.32	4.4944569e-05	-5.84389	0.00434402
408.96	4.4913031e-05	-5.8439092	0.0043600869
409.6	4.3443075e-05	-5.8438941	0.0042776788
410.24	4.4258067e-05	-5.8438434	0.0044143407
410.88	4.4528084e-05	-5.8438802	0.0043153
411.52	4.533692e-05	-5.8438756	0.0042616208
412.16	4.591149e-05	-5.8439034	0.0043389396
412.8	4.6080943e-05	-5.843922	0.0042631884
413.44	4.5734749e-05	-5.8439033	0.0043090781
414.08	4.5915011e-05	-5.8438902	0.0043834815
414.72	4.4369508e-05	-5.84395	0.0043989055
415.36	4.4446128e-05	-5.8438391	0.0044679868
416	4.4674615e-05	-5.8438813	0.0043556323
416.64	4.4173636e-05	-5.8438712	0.0044784144
417.28	4.4589973e-05	-5.8439034	0.0043268989
417.92	4.4755609e-05	-5.8438702	0.0044253097
418.56	4.5819703e-05	-5.8438427	0.004277689
419.2	4.5216651e-05	-5.8438188	0.0044962982
419.84	4.5070753e-05	-5.8439167	0.0044610338
420.48	4.4614273e-05	-5.8438518	0.0043315377
421.12	4.4779253e-05	-5.8438854	0.0043995849
421.76	4.5192546e-05	-5.8439236	0.0042943504
422.4	4.4110436e-05	-5.8438389	0.004273829
423.04	4.4631942e-05	-5.8439134	0.0044613231
423.68	4.55709e-05	-5.8438717	0.0044935431
424.32	4.5223327e-05	-5.8439124	0.0043666518
424.96	4.4557972e-05	-5.8439438	0.0042783232
425.6	4.4988675e-05	-5.8438465	0.0042307806
426.24	4.542529e-05	-5.8438799	0.0043995537
426.88	4.4883483e-05	-5.8438616	0.0043356462
427.52	4.4806467e-05	-5.8439832	0.0042887264
428.16	4.4414337e-05	-5.8438764	0.0044303431
428.8	4.4897857e-05	-5.8439373	0.0043817914
429.44	4.4786624e-05	-5.843974	0.0043760105
430.08	4.5084444e-05	-5.8438525	0.00448832
430.72	4.5795913e-05	-5.8439176	0.0044138268
431.36	4.6413665e-05	-5.843899	0.0043419583
432	4.5365004e-05	-5.8439353	0.0043174293
432.64	4.5584315e-05	-5.843936	0.0042178295
433.28	4.4915274e-05	-5.8438524	0.0045372884
433.92	4.4314067e-05	-5.8438712	0.0042765909
434.56	4.3713959e-05	-5.8439408	0.0043061938
435.2	4.4451332e-05	-5.8439043	0.0045452566
435.84	4.4910722e-05	-5.8438484	0.0044120863
436.48	4.5028187e-05	-5.8438477	0.0043340165
437.12	4.4218013e-05	-5.8439345	0.0043014274
437.76	4.4851336e-05	-5.8438882	0.0042496517
438.4	4.5712339e-05	-5.8439031	0.0043314638
439.04	4.5638211e-05	-5.8438245	0.0044352884
439.68	4.4896663e-05	-5.843885	0.004259631
440.32	4.4330841e-05	-5.8439132	0.0044456398
440.96	4.3668603e-05	-5.843871	0.0044319307
441.6	4.4527425e-05	-5.8438997	0.0043152259
442.24	4.4909668e-05	-5.8439088	0.0043710584
442.88	4.5820375e-05	-5.8438437	0.0043757639
443.52	4.5915001e-05	-5.8439082	0.0044169927
444.16	4.5528844e-05	-5.8439214	0.0042481335
444.8	4.4930936e-05	-5.8437861	0.0042599856
445.44	4.4870968e-05	-5.8438518	0.0043411301
446.08	4.4511825e-05	-5.8438894	0.0044563319
446.72	4.5120116e-05	-5.8438536	0.0042847426
447.36	4.4880162e-05	-5.8439002	0.004398567
448	4.3736107e-05	-5.8439174	0.0045290816
448.64	4.446338e-05	-5.8438523	0.0043063466
449.28	4.5343367e-05	-5.8439036	0.004374059
449.92	4.483324e-05	-5.8439257	0.0043270121
450.56	4.6170582e-05	-5.8438802	0.0043414336
451.2	4.5032335e-05	-5.8438514	0.0044816833
451.84	4.4986496e-05	-5.8439124	0.0043940257
452.48	4.5148215e-05	-5.8438437	0.004422936
453.12	4.413377e-05	-5.8439829	0.0043319348
453.76	4.4628796e-05	-5.8439324	0.0043320547
454.4	4.3664104e-05	-5.8439917	0.0044019306
455.04	4.4911902e-05	-5.843862	0.0043648108
455.68	4.4965581e-05	-5.8438287	0.0042265759
456.32	4.5763093e-05	-5.8438475	0.0044153453
456.96	4.5186565e-05	-5.8438188	0.0043404798
457.6	4.5100601e-05	-5.843912	0.0042614191
458.24	4.5210887e-05	-5.843936	0.0043227471
458.88	4.4869849e-05	-5.8438575	0.0044036068
459.52	4.4576291e-05	-5.8438764	0.0043236515
460.16	4.4159139e-05	-5.8438343	0.0043284799
460.8	4.4229667e-05	-5.8438852	0.0044270916
461.44	4.5568347e-05	-5.8438625	0.0043361845
462.08	4.4707428e-05	-5.8439074	0.0044229565
462.72	4.4967014e-05	-5.8438513	0.0042982285
463.36	4.6170964e-05	-5.8438988	0.0042054347
464	4.5081158e-05	-5.8438841	0.0043231667
464.64	4.5328542e-05	-5.8439316	0.0044085549
465.28	4.4557882e-05	-5.8439177	0.0043069113
465.92	4.4484601e-05	-5.8439229	0.0044168593
466.56	4.4521528e-05	-5.8438718	0.0044281203
467.2	4.4871165e-05	-5.8437973	0.0044614661
467.84	4.568122e-05	-5.8438393	0.0042922582
468.48	4.5672568e-05	-5.8438478	0.0044647988
469.12	4.5273053e-05	-5.8438794	0.0043074071
469.76	4.4855632e-05	-5.8439534	0.0043552165
470.4	4.5436644e-05	-5.8439312	0.0041847221
471.04	4.4765453e-05	-5.843894	0.0042947819
471.68	4.5283206e-05	-5.8438766	0.00446368
472.32	4.4361372e-05	-5.8438622	0.0044824961
472.96	4.38855e-05	-5.8438711	0.0043116054
473.6	4.4404941e-05	-5.8438665	0.0042909957
474.24	4.5613165e-05	-5.8438949	0.0043366612
474.88	4.5566185e-05	-5.8439267	0.0043696404
475.52	4.5764091e-05	-5.8439311	0.0044342381
476.16	4.6049992e-05	-5.8438523	0.0043852525
476.8	4.5325822e-05	-5.8439404	0.0043062913
477.44	4.4471573e-05	-5.8438799	0.0044765525
478.08	4.4213177e-05	-5.8438245	0.0041825463
478.72	4.412948e-05	-5.8439272	0.0043347494
479.36	4.4215983e-05	-5.8439597	0.0042373899
480	4.5727948e-05	-5.8439003	0.0043181284
480.64	4.486033e-05	-5.8439127	0.004358872
481.28	4.5756153e-05	-5.8438989	0.0043387342
481.92	4.5549242e-05	-5.8439355	0.0044481482
482.56	4.621618e-05	-5.8438851	0.0044833556
483.2	4.5550828e-05	-5.8439129	0.0043765348
483.84	4.4814489e-05	-5.8439222	0.0044037007
484.48	4.4857313e-05	-5.8438811	0.0043021322
485.12	4.4449894e-05	-5.8438763	0.004412761
485.76	4.4911547e-05	-5.8439231	0.0044064324
486.4	4.4935404e-05	-5.8439086	0.0043896677
487.04	4.5340138e-05	-5.8438525	0.0043303277
487.68	4.5067984e-05	-5.843833	0.004419839
488.32	4.6228415e-05	-5.8439501	0.004372779
488.96	4.5753362e-05	-5.8438755	0.004315534
489.6	4.5480858e-05	-5.8438618	0.0044659065
490.24	4.436246e-05	-5.8438894	0.0044638061
490.88	4.416139e-05	-5.84382	0.0042669062
491.52	4.4456849e-05	-5.8439042	0.0041636157
492.16	4.3715246e-05	-5.8438986	0.0045033436
492.8	4.5687959e-05	-5.8439046	0.0044807624
493.44	4.5371477e-05	-5.8438617	0.0043287872
494.08	4.4929333e-05	-5.8439165	0.0043078817
494.72	4.5943983e-05	-5.8439173	0.0044051276
495.36	4.4688738e-05	-5.8438652	0.0044211715
496	4.5040066e-05	-5.8438988	0.0043570133
496.64	4.4949531e-05	-5.843946	0.0042646931
497.28	4.4538326e-05	-5.8438717	0.0044221068
497.92	4.4947471e-05	-5.8438954	0.0043669392
498.56	4.4453926e-05	-5.8439038	0.0045584537
499.2	4.4991433e-05	-5.8438665	0.0044632215
499.84	4.5436692e-05	-5.8438848	0.0043897241
