0	1.4737623e-06	-5.8544998	-0.029708788
0.64	1.4935819e-06	-5.8544673	-0.029699138
1.28	1.4851514e-06	-5.8544812	-0.029730697
1.92	1.4906065e-06	-5.8544765	-0.029721031
2.56	1.5514169e-06	-5.8544812	-0.029668866
3.2	1.5371837e-06	-5.8545137	-0.029726113
3.84	1.4988524e-06	-5.8544812	-0.029738354
4.48	1.512186e-06	-5.8544765	-0.029704103
5.12	1.5055063e-06	-5.8544905	-0.029728201
5.76	1.4903019e-06	-5.8544673	-0.029682216
6.4	1.4960506e-06	-5.8545045	-0.029714105
7.04	1.4840334e-06	-5.8544998	-0.029698988
7.68	1.4984956e-06	-5.8544859	-0.029734136
8.32	1.5090087e-06	-5.8544951	-0.029718713
8.96	1.5323051e-06	-5.8544719	-0.029716364
9.6	1.4933247e-06	-5.8544811	-0.029719814
10.24	1.5323406e-06	-5.8544812	-0.029714831
10.88	1.4915323e-06	-5.8544858	-0.029719765
11.52	1.4968453e-06	-5.8544766	-0.029724108
12.16	1.5130503e-06	-5.8544952	-0.029715626
12.8	1.5179477e-06	-5.8545045	-0.029709293
13.44	1.4830289e-06	-5.8544719	-0.029715858
14.08	1.5131928e-06	-5.8544859	-0.029722017
14.72	1.5324187e-06	-5.8544859	-0.029717767
15.36	1.5225708e-06	-5.8544905	-0.02971116
16	1.5076108e-06	-5.8544719	-0.029711038
16.64	1.5084609e-06	-5.8544719	-0.029688512
17.28	1.5173296e-06	-5.8544719	-0.029697838
17.92	1.4990298e-06	-5.8544766	-0.029703987
18.56	1.4462267e-06	-5.8544719	-0.029707604
19.2	1.4873415e-06	-5.8544905	-0.029719091
19.84	1.4774428e-06	-5.8544765	-0.029715031
20.48	1.4855925e-06	-5.8544905	-0.029714867
21.12	1.5218466e-06	-5.8544951	-0.029730139
21.76	1.5292149e-06	-5.8544951	-0.029709529
22.4	1.537443e-06	-5.8544951	-0.029742739
23.04	1.484213e-06	-5.8545044	-0.02971506
23.68	1.4892734e-06	-5.8544672	-0.029722712
24.32	1.5156841e-06	-5.8544533	-0.029714434
24.96	1.4912106e-06	-5.8544998	-0.029748317
25.6	1.4759376e-06	-5.8544952	-0.029719558
26.24	1.4843855e-06	-5.8545045	-0.029687632
26.88	1.4954656e-06	-5.8544672	-0.029712206
27.52	1.5192553e-06	-5.8544905	-0.029729066
28.16	1.5290972e-06	-5.8545044	-0.029692916
28.8	1.5185471e-06	-5.8544719	-0.029717181
29.44	1.5049079e-06	-5.8544951	-0.029712137
30.08	1.5162339e-06	-5.8544859	-0.029724616
30.72	1.4668568e-06	-5.8544951	-0.029705684
31.36	1.4850328e-06	-5.8544952	-0.029741804
32	1.5035521e-06	-5.8544905	-0.029731283
32.64	1.4580424e-06	-5.8544998	-0.029732333
33.28	1.5074904e-06	-5.8544812	-0.029748755
33.92	1.5261339e-06	-5.8544812	-0.029695635
34.56	1.5215735e-06	-5.8544672	-0.029714813
35.2	1.4916496e-06	-5.8544951	-0.02973133
35.84	1.4776491e-06	-5.8544719	-0.029750705
36.48	1.4955314e-06	-5.8544672	-0.029738032
37.12	1.4919358e-06	-5.8544766	-0.029714454
37.76	1.4628517e-06	-5.8544672	-0.029693577
38.4	1.4710896e-06	-5.8544905	-0.02971985
39.04	1.5030864e-06	-5.8544812	-0.029721614
39.68	1.5329035e-06	-5.8544673	-0.029712974
40.32	1.4921129e-06	-5.8544951	-0.029707289
40.96	1.494804e-06	-5.8544812	-0.029724354
41.6	1.5371004e-06	-5.8545138	-0.029733606
42.24	1.5133301e-06	-5.8544672	-0.02968143
42.88	1.4983534e-06	-5.8544765	-0.029722689
43.52	1.5090076e-06	-5.8544952	-0.029738044
44.16	1.468674e-06	-5.8544859	-0.029734154
44.8	1.4881108e-06	-5.8544952	-0.029716562
45.44	1.482057e-06	-5.8544858	-0.029717189
46.08	1.4999075e-06	-5.8544858	-0.029696558
46.72	1.5324155e-06	-5.8544812	-0.029727742
47.36	1.5194999e-06	-5.8544765	-0.02972213
48	1.5175784e-06	-5.8544719	-0.029694156
48.64	1.5162285e-06	-5.8544765	-0.029737776
49.28	1.4695428e-06	-5.8544812	-0.029731186
49.92	1.4719274e-06	-5.8544858	-0.029714763
50.56	1.48943e-06	-5.8544812	-0.02967706
51.2	1.4743468e-06	-5.8545045	-0.02973514
51.84	1.4892099e-06	-5.8545045	-0.029718667
52.48	1.5114883e-06	-5.8545138	-0.029709371
53.12	1.5115445e-06	-5.8544858	-0.029727173
53.76	1.513938e-06	-5.8544765	-0.029714319
54.4	1.5287295e-06	-5.8544905	-0.0297076
55.04	1.4947044e-06	-5.8544858	-0.029743435
55.68	1.5085143e-06	-5.8544719	-0.029714503
56.32	1.4699034e-06	-5.8544905	-0.029713074
56.96	1.4659704e-06	-5.8544858	-0.029704908
57.6	1.4735883e-06	-5.8544905	-0.029743753
58.24	1.4918318e-06	-5.8544998	-0.029690556
58.88	1.5059928e-06	-5.8544765	-0.02970812
59.52	1.4754052e-06	-5.8544811	-0.029723357
60.16	1.5094982e-06	-5.8544719	-0.029696188
60.8	1.5140846e-06	-5.8544812	-0.029724814
61.44	1.4968736e-06	-5.8544719	-0.029683825
62.08	1.4920257e-06	-5.8544905	-0.029722362
62.72	1.461542e-06	-5.8544905	-0.029723608
63.36	1.4812894e-06	-5.8545045	-0.029706953
64	1.489289e-06	-5.8544952	-0.029703215
64.64	1.5080355e-06	-5.8544812	-0.029728236
65.28	1.4992477e-06	-5.8544672	-0.029760959
65.92	1.5226681e-06	-5.8544812	-0.029730486
66.56	1.5045556e-06	-5.8544998	-0.029731742
67.2	1.4959544e-06	-5.8544951	-0.029699934
67.84	1.497141e-06	-5.8544719	-0.029713085
68.48	1.4944561e-06	-5.8544766	-0.029728746
69.12	1.4735625e-06	-5.8544765	-0.029721695
69.76	1.4638847e-06	-5.8544812	-0.029729768
70.4	1.4965295e-06	-5.8544766	-0.029730016
71.04	1.5204056e-06	-5.854458	-0.029715044
71.68	1.5017344e-06	-5.8544626	-0.029711639
72.32	1.5040123e-06	-5.8544858	-0.029718637
72.96	1.5114648e-06	-5.8544719	-0.029709866
73.6	1.504486e-06	-5.8544765	-0.02971817
74.24	1.4924592e-06	-5.8545091	-0.029720079
74.88	1.5121162e-06	-5.8544812	-0.029713717
75.52	1.4841816e-06	-5.8544905	-0.029724403
76.16	1.4758094e-06	-5.8545045	-0.029728632
76.8	1.4813963e-06	-5.8544998	-0.029721114
77.44	1.499587e-06	-5.8544626	-0.029699661
78.08	1.5071721e-06	-5.8544765	-0.029723013
78.72	1.5007864e-06	-5.8544812	-0.029735894
79.36	1.5062407e-06	-5.8544765	-0.02970884
80	1.5156752e-06	-5.8544719	-0.029707942
80.64	1.4771118e-06	-5.8544998	-0.029723119
81.28	1.4798465e-06	-5.8544719	-0.029725547
81.92	1.4747456e-06	-5.8544766	-0.029713491
82.56	1.5052654e-06	-5.8544766	-0.029715155
83.2	1.4830699e-06	-5.8544719	-0.029718026
83.84	1.5078481e-06	-5.8544719	-0.029714837
84.48	1.5089085e-06	-5.8544905	-0.029734343
85.12	1.5125716e-06	-5.8545044	-0.029746855
85.76	1.4959915e-06	-5.8544812	-0.029743363
86.4	1.5115046e-06	-5.8544765	-0.029704784
87.04	1.4871515e-06	-5.8545044	-0.029705253
87.68	1.462123e-06	-5.8544858	-0.029697089
88.32	1.4826186e-06	-5.8544952	-0.029692363
88.96	1.47691e-06	-5.8544859	-0.02973154
89.6	1.483693e-06	-5.8544719	-0.029732204
90.24	1.5155592e-06	-5.8544765	-0.029725917
90.88	1.5223973e-06	-5.8544719	-0.029721477
91.52	1.535177e-06	-5.8544858	-0.02972851
92.16	1.5122534e-06	-5.8545044	-0.029723654
92.8	1.4991002e-06	-5.8545044	-0.029722545
93.44	1.4763045e-06	-5.8544812	-0.029712451
94.08	1.4767319e-06	-5.8545045	-0.029727484
94.72	1.4782821e-06	-5.8544859	-0.02969766
95.36	1.5208216e-06	-5.8544812	-0.029705126
96	1.4912565e-06	-5.8544719	-0.029715458
96.64	1.5127325e-06	-5.8544812	-0.029716688
97.28	1.5137829e-06	-5.8544858	-0.029725734
97.92	1.5218215e-06	-5.8544812	-0.029724783
98.56	1.5215859e-06	-5.8544812	-0.029735474
99.2	1.4971676e-06	-5.8544765	-0.029731325
99.84	1.530859e-06	-5.8544859	-0.029701545
100.48	1.4898577e-06	-5.8544859	-0.029723583
101.12	1.5085849e-06	-5.8544998	-0.02971184
101.76	1.4897054e-06	-5.8544952	-0.029738353
102.4	1.5203433e-06	-5.8544859	-0.029722237
103.04	1.4967234e-06	-5.8544812	-0.029727022
103.68	1.5261058e-06	-5.8544812	-0.029718683
104.32	1.5317645e-06	-5.8544719	-0.029702553
104.96	1.5227728e-06	-5.8544719	-0.029711719
105.6	1.50934e-06	-5.8545045	-0.029726825
106.24	1.4780613e-06	-5.8544533	-0.029717811
106.88	1.495203e-06	-5.8544952	-0.029678434
107.52	1.4897595e-06	-5.8544952	-0.029722205
108.16	1.4873405e-06	-5.8544766	-0.029707505
108.8	1.4971724e-06	-5.8545045	-0.029727091
109.44	1.4939194e-06	-5.8544672	-0.029698538
110.08	1.5030797e-06	-5.8544812	-0.029703976
110.72	1.5034029e-06	-5.8545091	-0.029701211
111.36	1.5216616e-06	-5.8544905	-0.029708584
112	1.4935098e-06	-5.8544812	-0.029709438
112.64	1.4871986e-06	-5.8544766	-0.029712362
113.28	1.4846871e-06	-5.8544812	-0.029707168
113.92	1.4771236e-06	-5.8544766	-0.029709904
114.56	1.4901039e-06	-5.8544998	-0.029714837
115.2	1.5247911e-06	-5.8544719	-0.029689474
115.84	1.5006412e-06	-5.8544812	-0.029722544
116.48	1.5095095e-06	-5.8544858	-0.029717691
117.12	1.5000748e-06	-5.8544998	-0.029703197
117.76	1.5092234e-06	-5.8544858	-0.029732312
118.4	1.5155045e-06	-5.8544905	-0.029745666
119.04	1.5181488e-06	-5.8544812	-0.029721096
119.68	1.4612813e-06	-5.8544905	-0.029724915
120.32	1.4771807e-06	-5.8544859	-0.029713677
120.96	1.4884182e-06	-5.8544905	-0.029717559
121.6	1.4781408e-06	-5.8544672	-0.029733479
122.24	1.5212149e-06	-5.8544672	-0.029724412
122.88	1.5191146e-06	-5.8544998	-0.029754352
123.52	1.4930775e-06	-5.8544905	-0.029726809
124.16	1.5313661e-06	-5.8544812	-0.029713744
124.8	1.4766993e-06	-5.8544579	-0.029719062
125.44	1.4652513e-06	-5.8544998	-0.029706934
126.08	1.4642196e-06	-5.8544952	-0.029721361
126.72	1.4761124e-06	-5.8544952	-0.029720898
127.36	1.4985679e-06	-5.8544719	-0.02970842
128	1.5021117e-06	-5.8544765	-0.029752561
128.64	1.4996897e-06	-5.8544765	-0.029725328
129.28	1.5246203e-06	-5.8544951	-0.029726603
129.92	1.4925534e-06	-5.8545137	-0.02972319
130.56	1.5358756e-06	-5.8544905	-0.029708795
131.2	1.4944274e-06	-5.8544998	-0.029697719
131.84	1.4917426e-06	-5.8545138	-0.029706373
132.48	1.4689401e-06	-5.8544998	-0.029718573
133.12	1.483743e-06	-5.8544766	-0.029699251
133.76	1.4761041e-06	-5.8544998	-0.029706073
134.4	1.4764445e-06	-5.8544858	-0.029706346
135.04	1.4796043e-06	-5.8544811	-0.029696193
135.68	1.5168812e-06	-5.8544812	-0.029706784
136.32	1.5104437e-06	-5.8544765	-0.029707451
136.96	1.4792706e-06	-5.8544812	-0.029699051
137.6	1.4795966e-06	-5.8544672	-0.029726308
138.24	1.4908925e-06	-5.8544859	-0.029718744
138.88	1.4748947e-06	-5.8544998	-0.029735811
139.52	1.47534e-06	-5.8545045	-0.029697273
140.16	1.4777568e-06	-5.8544765	-0.029694051
140.8	1.5026737e-06	-5.8545044	-0.029726179
141.44	1.5060015e-06	-5.8544672	-0.029715931
142.08	1.5116076e-06	-5.8544812	-0.029699457
142.72	1.498143e-06	-5.8544765	-0.029735381
143.36	1.4806571e-06	-5.8544672	-0.029714959
144	1.4709126e-06	-5.8544812	-0.029715796
144.64	1.5181843e-06	-5.8544673	-0.02972231
145.28	1.4890325e-06	-5.8544905	-0.029721699
145.92	1.4596751e-06	-5.8544533	-0.029735663
146.56	1.5045568e-06	-5.8544858	-0.029723362
147.2	1.5277431e-06	-5.8544719	-0.029731115
147.84	1.4887047e-06	-5.8544811	-0.02972226
148.48	1.5394951e-06	-5.8544579	-0.029730383
149.12	1.5191702e-06	-5.8544951	-0.029710274
149.76	1.4988404e-06	-5.8544905	-0.02973959
150.4	1.4944944e-06	-5.8544905	-0.029742922
151.04	1.4473016e-06	-5.8544812	-0.029698874
151.68	1.4685893e-06	-5.8544766	-0.029725018
152.32	1.4687567e-06	-5.8544905	-0.029737721
152.96	1.4919104e-06	-5.8544719	-0.029686952
153.6	1.5012865e-06	-5.8544719	-0.029693622
154.24	1.5099405e-06	-5.8544765	-0.029705796
154.88	1.5124393e-06	-5.8545044	-0.029734376
155.52	1.4961656e-06	-5.8544765	-0.029714958
156.16	1.4886805e-06	-5.8544905	-0.029694683
156.8	1.4669357e-06	-5.8544765	-0.029713528
157.44	1.4633017e-06	-5.8545138	-0.029747715
158.08	1.4774553e-06	-5.8544719	-0.029686004
158.72	1.4921891e-06	-5.8545138	-0.029742879
159.36	1.5025434e-06	-5.8544533	-0.029691018
160	1.4840759e-06	-5.8544905	-0.029727078
160.64	1.5252453e-06	-5.8544905	-0.029696928
161.28	1.5092845e-06	-5.8544765	-0.029717472
161.92	1.511839e-06	-5.8544905	-0.029727719
162.56	1.4769788e-06	-5.8544719	-0.029693946
163.2	1.4894517e-06	-5.8544766	-0.029740626
163.84	1.4471594e-06	-5.8544765	-0.029711476
164.48	1.4854364e-06	-5.8544952	-0.029714053
165.12	1.5054792e-06	-5.8544998	-0.029741151
165.76	1.5007328e-06	-5.8544672	-0.029705255
166.4	1.5373871e-06	-5.8544486	-0.029701471
167.04	1.524038e-06	-5.8544905	-0.02973223
167.68	1.5159796e-06	-5.8544951	-0.029747378
168.32	1.5031318e-06	-5.8544812	-0.029704118
168.96	1.4787208e-06	-5.8544951	-0.02968877
169.6	1.461499e-06	-5.8545091	-0.029704423
170.24	1.4523984e-06	-5.8544719	-0.02971906
170.88	1.4783725e-06	-5.8544952	-0.029740525
171.52	1.503739e-06	-5.8544998	-0.029701951
172.16	1.4736389e-06	-5.854523	-0.029726018
172.8	1.5307257e-06	-5.8544765	-0.029709323
173.44	1.5170014e-06	-5.8544672	-0.029705164
174.08	1.5092035e-06	-5.8544951	-0.029705506
174.72	1.4624259e-06	-5.8544951	-0.029702724
175.36	1.489739e-06	-5.8544998	-0.029710729
176	1.4485786e-06	-5.8544812	-0.029710092
176.64	1.47436e-06	-5.8544952	-0.029705601
177.28	1.4962632e-06	-5.8544998	-0.029727187
177.92	1.4900954e-06	-5.8544765	-0.029716376
178.56	1.5085462e-06	-5.8544765	-0.029710208
179.2	1.5033308e-06	-5.8545137	-0.029734539
179.84	1.5316255e-06	-5.8544905	-0.029710875
180.48	1.5051599e-06	-5.8544998	-0.029707001
181.12	1.5104118e-06	-5.8544905	-0.029714089
181.76	1.485244e-06	-5.8544766	-0.029735253
182.4	1.458614e-06	-5.8544672	-0.029748007
183.04	1.4874431e-06	-5.8544673	-0.029729986
183.68	1.4870519e-06	-5.8544766	-0.02975876
184.32	1.5090566e-06	-5.8544719	-0.029703369
184.96	1.4972816e-06	-5.8544765	-0.029706798
185.6	1.5191343e-06	-5.8544858	-0.029724315
186.24	1.5294568e-06	-5.8544858	-0.029714653
186.88	1.5166393e-06	-5.8544765	-0.029752084
187.52	1.5227243e-06	-5.8544766	-0.029707442
188.16	1.4644666e-06	-5.8545091	-0.029718506
188.8	1.4803892e-06	-5.8544719	-0.029714799
189.44	1.4720945e-06	-5.8544719	-0.029676731
190.08	1.4793454e-06	-5.8544998	-0.029696088
190.72	1.5085133e-06	-5.8544766	-0.029711939
191.36	1.5235199e-06	-5.8544858	-0.029682283
192	1.5271291e-06	-5.8545137	-0.029696559
192.64	1.517386e-06	-5.8544998	-0.029727829
193.28	1.517295e-06	-5.8544951	-0.029696221
193.92	1.4937042e-06	-5.8544858	-0.029712308
194.56	1.4708715e-06	-5.8544905	-0.029744617
195.2	1.4603729e-06	-5.8545045	-0.029702839
195.84	1.4761157e-06	-5.8544998	-0.029739732
196.48	1.5156945e-06	-5.8545045	-0.029706746
197.12	1.5097711e-06	-5.8544719	-0.029715051
197.76	1.5164869e-06	-5.8544812	-0.029731489
198.4	1.5315721e-06	-5.8544719	-0.029745004
199.04	1.5240088e-06	-5.8544858	-0.029723572
199.68	1.5151232e-06	-5.8544812	-0.029720871
200.32	1.5063886e-06	-5.8544812	-0.029713559
200.96	1.4637613e-06	-5.8545045	-0.029713982
201.6	1.4793468e-06	-5.8544673	-0.029717897
202.24	1.4636595e-06	-5.8544766	-0.029729007
202.88	1.4708962e-06	-5.8544765	-0.029718297
203.52	1.5030426e-06	-5.8544719	-0.02972875
204.16	1.5168217e-06	-5.8544951	-0.029721161
204.8	1.5184689e-06	-5.8544998	-0.029710206
205.44	1.5081583e-06	-5.8544858	-0.029700769
206.08	1.5147476e-06	-5.8545184	-0.029691498
206.72	1.4853607e-06	-5.8545231	-0.029737937
207.36	1.4747185e-06	-5.8544859	-0.029735454
208	1.4715157e-06	-5.8544719	-0.029712979
208.64	1.4628135e-06	-5.8544859	-0.029700098
209.28	1.4841584e-06	-5.8544858	-0.029725199
209.92	1.4953857e-06	-5.8544951	-0.029693001
210.56	1.5319536e-06	-5.8544951	-0.029714889
211.2	1.5109575e-06	-5.8544532	-0.029685893
211.84	1.5250329e-06	-5.8544951	-0.02968088
212.48	1.5049282e-06	-5.8544765	-0.029711237
213.12	1.4761145e-06	-5.8544719	-0.029710092
213.76	1.4771044e-06	-5.8545045	-0.029725294
214.4	1.4891077e-06	-5.8545045	-0.029716576
215.04	1.4767457e-06	-5.8544673	-0.029705411
215.68	1.4908789e-06	-5.8544905	-0.029715667
216.32	1.5359571e-06	-5.854458	-0.029708199
216.96	1.5363305e-06	-5.8544765	-0.029714177
217.6	1.4936768e-06	-5.8544625	-0.02971142
218.24	1.51814e-06	-5.8544672	-0.029730213
218.88	1.4968812e-06	-5.8544905	-0.02975257
219.52	1.5074714e-06	-5.8544812	-0.029735087
220.16	1.4897927e-06	-5.8544905	-0.029726331
220.8	1.4700631e-06	-5.8544998	-0.029734371
221.44	1.482654e-06	-5.8544998	-0.029722924
222.08	1.5105901e-06	-5.8544859	-0.029719568
222.72	1.5008344e-06	-5.8544672	-0.029694545
223.36	1.5014634e-06	-5.8544812	-0.029710462
224	1.5371197e-06	-5.8544951	-0.029731127
224.64	1.493638e-06	-5.8544951	-0.029718917
225.28	1.4892851e-06	-5.8544858	-0.029714272
225.92	1.5054573e-06	-5.8545091	-0.029732333
226.56	1.4715959e-06	-5.8544905	-0.029715298
227.2	1.4742288e-06	-5.8545045	-0.029729557
227.84	1.4524817e-06	-5.8544905	-0.029721447
228.48	1.4787523e-06	-5.8544998	-0.029704603
229.12	1.517275e-06	-5.8544765	-0.029731882
229.76	1.5229515e-06	-5.8544765	-0.029703285
230.4	1.5151495e-06	-5.8544951	-0.029706868
231.04	1.5272311e-06	-5.8544951	-0.029727494
231.68	1.5185303e-06	-5.8544673	-0.029675597
232.32	1.4653532e-06	-5.8544951	-0.029697854
232.96	1.450673e-06	-5.8544812	-0.029720634
233.6	1.4984837e-06	-5.8544812	-0.029721015
234.24	1.4733716e-06	-5.8544812	-0.029721118
234.88	1.4920382e-06	-5.8545044	-0.029724981
235.52	1.5281627e-06	-5.8544951	-0.029735055
236.16	1.5246882e-06	-5.8544719	-0.029722209
236.8	1.538823e-06	-5.8544951	-0.029728417
237.44	1.4987649e-06	-5.8544626	-0.029749692
238.08	1.4982501e-06	-5.8544672	-0.029718134
238.72	1.5060838e-06	-5.8544719	-0.029718638
239.36	1.4798605e-06	-5.8544673	-0.029732248
240	1.4879319e-06	-5.8545045	-0.029713918
240.64	1.504082e-06	-5.8544952	-0.029720607
241.28	1.5044331e-06	-5.8545091	-0.029731768
241.92	1.5192615e-06	-5.8544951	-0.029711875
242.56	1.4929133e-06	-5.8544811	-0.029713122
243.2	1.5252424e-06	-5.8544719	-0.029689248
243.84	1.4729974e-06	-5.8544811	-0.029705906
244.48	1.5097093e-06	-5.8544859	-0.029696699
245.12	1.4902429e-06	-5.8544952	-0.029715916
245.76	1.4779577e-06	-5.8544719	-0.02969258
246.4	1.4640615e-06	-5.8544626	-0.029734269
247.04	1.4854548e-06	-5.8544812	-0.029719727
247.68	1.5167088e-06	-5.8544719	-0.029700454
248.32	1.545526e-06	-5.8544766	-0.029707834
248.96	1.5005219e-06	-5.8544765	-0.029736136
249.6	1.522567e-06	-5.8544812	-0.029709873
250.24	1.5034842e-06	-5.8544951	-0.029706243
250.88	1.4905002e-06	-5.8544998	-0.029711471
251.52	1.4903846e-06	-5.8544812	-0.029729152
252.16	1.4819902e-06	-5.8544673	-0.029723647
252.8	1.4786773e-06	-5.8544766	-0.029727671
253.44	1.4715681e-06	-5.8544812	-0.029741617
254.08	1.5077368e-06	-5.8544719	-0.029688055
254.72	1.5193955e-06	-5.8544812	-0.02972976
255.36	1.5245454e-06	-5.8544951	-0.029749091
256	1.5047221e-06	-5.8544858	-0.029726546
256.64	1.4810248e-06	-5.8544672	-0.029696524
257.28	1.4911078e-06	-5.8544626	-0.029719996
257.92	1.4711464e-06	-5.8544812	-0.029719904
258.56	1.4828522e-06	-5.8544905	-0.0297322
259.2	1.4706116e-06	-5.8544859	-0.029722701
259.84	1.5115114e-06	-5.8544812	-0.029732318
260.48	1.4891998e-06	-5.8544858	-0.029703796
261.12	1.534402e-06	-5.8544626	-0.029697137
261.76	1.531249e-06	-5.8544905	-0.029692993
262.4	1.4812665e-06	-5.8544765	-0.029700596
263.04	1.4996551e-06	-5.8545044	-0.029717747
263.68	1.4928751e-06	-5.8544719	-0.029724981
264.32	1.4624097e-06	-5.8544766	-0.029722392
264.96	1.482639e-06	-5.8544766	-0.029709893
265.6	1.4809171e-06	-5.8544905	-0.029708313
266.24	1.478528e-06	-5.8545137	-0.029722644
266.88	1.4954917e-06	-5.8544858	-0.029735356
267.52	1.5154575e-06	-5.8544719	-0.029707467
268.16	1.5304575e-06	-5.8544672	-0.029727706
268.8	1.4934104e-06	-5.8544858	-0.029726247
269.44	1.494005e-06	-5.8544765	-0.029718866
270.08	1.4956817e-06	-5.8544859	-0.029707423
270.72	1.4567698e-06	-5.8544998	-0.029746769
271.36	1.458421e-06	-5.8544812	-0.029719834
272	1.4892872e-06	-5.8544626	-0.029718363
272.64	1.499224e-06	-5.8544812	-0.029712391
273.28	1.5032028e-06	-5.8544998	-0.029734939
273.92	1.5231901e-06	-5.8544998	-0.029732868
274.56	1.509126e-06	-5.8544812	-0.029716754
275.2	1.5185243e-06	-5.8544951	-0.029696301
275.84	1.485543e-06	-5.8544951	-0.029735087
276.48	1.4455219e-06	-5.8544719	-0.029707519
277.12	1.4847548e-06	-5.8544952	-0.02969519
277.76	1.4554951e-06	-5.8544905	-0.029717506
278.4	1.4727664e-06	-5.8544859	-0.029708045
279.04	1.4816975e-06	-5.8545044	-0.02972702
279.68	1.5083348e-06	-5.8544858	-0.029720755
280.32	1.5188202e-06	-5.8544858	-0.029714273
280.96	1.5261445e-06	-5.8544579	-0.029716448
281.6	1.5235567e-06	-5.8544672	-0.02973463
282.24	1.4977063e-06	-5.8544765	-0.029703669
282.88	1.4925323e-06	-5.8544905	-0.029727588
283.52	1.474062e-06	-5.8544812	-0.02973816
284.16	1.4783389e-06	-5.8544952	-0.029709572
284.8	1.4756566e-06	-5.8544719	-0.02971762
285.44	1.4966624e-06	-5.8544951	-0.02969066
286.08	1.5440951e-06	-5.8544905	-0.029736618
286.72	1.5533164e-06	-5.8544998	-0.029712376
287.36	1.5420236e-06	-5.8545044	-0.029700928
288	1.5193271e-06	-5.8545044	-0.029730801
288.64	1.4978654e-06	-5.8544812	-0.029706123
289.28	1.4426453e-06	-5.8544858	-0.02972942
289.92	1.4755468e-06	-5.8545045	-0.029706405
290.56	1.4853703e-06	-5.8544905	-0.029729088
291.2	1.4983372e-06	-5.8545091	-0.029713105
291.84	1.4988656e-06	-5.8544905	-0.029699269
292.48	1.5163529e-06	-5.8544719	-0.02971926
293.12	1.5049564e-06	-5.8544672	-0.029695344
293.76	1.5047304e-06	-5.8544905	-0.029724713
294.4	1.5147079e-06	-5.8544765	-0.029691846
295.04	1.4922804e-06	-5.8544859	-0.029697283
295.68	1.4868286e-06	-5.8545045	-0.02972047
296.32	1.4679133e-06	-5.8545045	-0.029710004
296.96	1.461414e-06	-5.8544719	-0.029696417
297.6	1.4902812e-06	-5.8544859	-0.029729594
298.24	1.484862e-06	-5.8544998	-0.029729032
298.88	1.4922176e-06	-5.8544858	-0.029740122
299.52	1.5223843e-06	-5.8544812	-0.02973143
300.16	1.5195093e-06	-5.8544719	-0.029721125
300.8	1.5378683e-06	-5.8544719	-0.029715667
301.44	1.4725056e-06	-5.8544998	-0.029720909
302.08	1.4769797e-06	-5.8544766	-0.029690042
302.72	1.464862e-06	-5.8544905	-0.02971103
303.36	1.4846609e-06	-5.8544766	-0.029699566
304	1.5030426e-06	-5.8544905	-0.029730763
304.64	1.4859629e-06	-5.8544951	-0.029731319
305.28	1.5182088e-06	-5.8544812	-0.029729532
305.92	1.5332916e-06	-5.8544626	-0.029705904
306.56	1.5057495e-06	-5.8544905	-0.029735988
307.2	1.5104395e-06	-5.8544672	-0.029696847
307.84	1.4677682e-06	-5.8544812	-0.02971231
308.48	1.4501343e-06	-5.8544579	-0.029715411
309.12	1.4899939e-06	-5.8544952	-0.029707576
309.76	1.4857226e-06	-5.8545091	-0.029743477
310.4	1.4895176e-06	-5.8545091	-0.029737292
311.04	1.4679889e-06	-5.854509	-0.029704826
311.68	1.5364885e-06	-5.8544998	-0.02971081
312.32	1.5105864e-06	-5.8545044	-0.029726272
312.96	1.5083323e-06	-5.8544812	-0.029706304
313.6	1.4935085e-06	-5.8544951	-0.029708461
314.24	1.5056028e-06	-5.8544998	-0.029697198
314.88	1.4711077e-06	-5.8544905	-0.029724048
315.52	1.4750289e-06	-5.8544859	-0.02971286
316.16	1.463227e-06	-5.8544905	-0.029700043
316.8	1.4927035e-06	-5.8544951	-0.029713217
317.44	1.5148625e-06	-5.8544905	-0.029707586
318.08	1.5198283e-06	-5.8544905	-0.029728423
318.72	1.5107876e-06	-5.8545091	-0.029730532
319.36	1.5082183e-06	-5.8544951	-0.029719522
320	1.5037249e-06	-5.8545045	-0.029715735
320.64	1.5113565e-06	-5.8545091	-0.02974727
321.28	1.45728e-06	-5.8544626	-0.029716857
321.92	1.4747491e-06	-5.8544719	-0.02970297
322.56	1.4949646e-06	-5.8544905	-0.029729597
323.2	1.5262204e-06	-5.8544952	-0.029696503
323.84	1.5115688e-06	-5.8544951	-0.029719574
324.48	1.5118377e-06	-5.8544812	-0.029692708
325.12	1.4930636e-06	-5.8544672	-0.029697921
325.76	1.4767292e-06	-5.8544811	-0.029706014
326.4	1.4884836e-06	-5.8544858	-0.029710975
327.04	1.4645355e-06	-5.8544626	-0.02972195
327.68	1.4566196e-06	-5.8544672	-0.029718202
328.32	1.4629677e-06	-5.8544626	-0.029717078
328.96	1.494715e-06	-5.8544766	-0.029716707
329.6	1.5195308e-06	-5.8544719	-0.029714283
330.24	1.4983083e-06	-5.8544672	-0.029716526
330.88	1.5201239e-06	-5.8544812	-0.029726353
331.52	1.5211644e-06	-5.8544765	-0.029737583
332.16	1.5062712e-06	-5.8544858	-0.029718511
332.8	1.4963874e-06	-5.8544672	-0.029718257
333.44	1.4919311e-06	-5.8544533	-0.029709552
334.08	1.481096e-06	-5.8545045	-0.029727695
334.72	1.4842327e-06	-5.8544998	-0.02972075
335.36	1.4985214e-06	-5.8544673	-0.029715793
336	1.4989028e-06	-5.8544905	-0.029741972
336.64	1.5104737e-06	-5.8544905	-0.029728495
337.28	1.4981634e-06	-5.8544812	-0.029715756
337.92	1.5064054e-06	-5.8544533	-0.029673243
338.56	1.4954891e-06	-5.8544812	-0.029710272
339.2	1.4993939e-06	-5.8544998	-0.029717464
339.84	1.4950889e-06	-5.8544998	-0.029745651
340.48	1.4576906e-06	-5.8544765	-0.029722053
341.12	1.484921e-06	-5.8544905	-0.029713315
341.76	1.5053885e-06	-5.8544766	-0.029737688
342.4	1.4960575e-06	-5.8544765	-0.0297131
343.04	1.5017525e-06	-5.8544533	-0.029711742
343.68	1.4993248e-06	-5.8544858	-0.029710682
344.32	1.5399233e-06	-5.8544858	-0.029713796
344.96	1.4918316e-06	-5.8544905	-0.029700516
345.6	1.4849343e-06	-5.8545044	-0.029702084
346.24	1.4929335e-06	-5.8544952	-0.029718782
346.88	1.4821018e-06	-5.8544952	-0.02971322
347.52	1.4680907e-06	-5.8544719	-0.029736893
348.16	1.4818831e-06	-5.8544672	-0.029721722
348.8	1.5017345e-06	-5.8544951	-0.029733904
349.44	1.5148384e-06	-5.8545091	-0.02971226
350.08	1.5143545e-06	-5.8544812	-0.029699223
350.72	1.5342719e-06	-5.8544672	-0.029699206
351.36	1.501901e-06	-5.8544765	-0.029725777
352	1.4958458e-06	-5.8544812	-0.02972524
352.64	1.4826263e-06	-5.8544905	-0.029732154
353.28	1.4786741e-06	-5.8544952	-0.029709334
353.92	1.4644827e-06	-5.8544719	-0.029691036
354.56	1.4869048e-06	-5.8544905	-0.029704467
355.2	1.5095354e-06	-5.8544812	-0.029710192
355.84	1.4997732e-06	-5.8544812	-0.029685821
356.48	1.5540597e-06	-5.8544672	-0.029696795
357.12	1.5316978e-06	-5.8545091	-0.029726272
357.76	1.5251421e-06	-5.8544998	-0.029691942
358.4	1.5019258e-06	-5.854458	-0.029721435
359.04	1.4909471e-06	-5.8544766	-0.029719082
359.68	1.4603145e-06	-5.8545045	-0.029752702
360.32	1.4716781e-06	-5.8544672	-0.029729543
360.96	1.5097186e-06	-5.8544719	-0.029707066
361.6	1.5010328e-06	-5.8544719	-0.029708505
362.24	1.5555895e-06	-5.8544766	-0.029743592
362.88	1.5413005e-06	-5.8544905	-0.029730613
363.52	1.5203892e-06	-5.8544905	-0.029720363
364.16	1.5131795e-06	-5.8544952	-0.029733527
364.8	1.5078119e-06	-5.8544998	-0.029738035
365.44	1.4822568e-06	-5.8544766	-0.029747061
366.08	1.4787387e-06	-5.8544812	-0.029722208
366.72	1.4772377e-06	-5.8544905	-0.029713611
367.36	1.4944499e-06	-5.8545184	-0.029715348
368	1.5203754e-06	-5.8544858	-0.029727134
368.64	1.5047181e-06	-5.8544951	-0.029732477
369.28	1.5301108e-06	-5.8544858	-0.029737061
369.92	1.5207251e-06	-5.8544719	-0.029705839
370.56	1.499111e-06	-5.8544905	-0.029723692
371.2	1.4765018e-06	-5.8544905	-0.029724658
371.84	1.4634394e-06	-5.8544859	-0.029717398
372.48	1.4878726e-06	-5.8544812	-0.029690778
373.12	1.4892607e-06	-5.8544905	-0.029739821
373.76	1.4713582e-06	-5.8544719	-0.029714203
374.4	1.5377078e-06	-5.8544952	-0.029723467
375.04	1.5307623e-06	-5.8544626	-0.029705838
375.68	1.5356521e-06	-5.8544858	-0.029747985
376.32	1.5182966e-06	-5.8544905	-0.029711513
376.96	1.5028629e-06	-5.8544812	-0.02973085
377.6	1.4897612e-06	-5.8544905	-0.029724213
378.24	1.4672739e-06	-5.8545138	-0.029718273
378.88	1.4624289e-06	-5.8544626	-0.029720066
379.52	1.4966872e-06	-5.8544812	-0.029722772
380.16	1.4867617e-06	-5.8544951	-0.029710883
380.8	1.5104402e-06	-5.8545137	-0.029728346
381.44	1.5143247e-06	-5.8544998	-0.029711193
382.08	1.5333241e-06	-5.8544765	-0.02972529
382.72	1.5030172e-06	-5.8544858	-0.029721305
383.36	1.4966662e-06	-5.8544859	-0.029734063
384	1.508809e-06	-5.8544998	-0.029729141
384.64	1.4824222e-06	-5.8544905	-0.02971389
385.28	1.4765817e-06	-5.8544998	-0.029724484
385.92	1.4903712e-06	-5.8544859	-0.029719384
386.56	1.5073685e-06	-5.8545184	-0.029720823
387.2	1.5373524e-06	-5.8544719	-0.02970068
387.84	1.5142735e-06	-5.8544858	-0.029681958
388.48	1.5170431e-06	-5.8545044	-0.029716694
389.12	1.509276e-06	-5.8544812	-0.029722607
389.76	1.5145583e-06	-5.8544812	-0.029712138
390.4	1.4832995e-06	-5.8544533	-0.029707267
391.04	1.4882589e-06	-5.8544812	-0.029696433
391.68	1.4799569e-06	-5.8544673	-0.029705163
392.32	1.4748777e-06	-5.8544905	-0.029696843
392.96	1.5073138e-06	-5.8544812	-0.029705017
393.6	1.5141589e-06	-5.8544719	-0.029688908
394.24	1.5154121e-06	-5.8544998	-0.029730899
394.88	1.5304173e-06	-5.8544858	-0.02972371
395.52	1.5196601e-06	-5.8544952	-0.029721755
396.16	1.5157534e-06	-5.8544673	-0.029704203
396.8	1.4638756e-06	-5.8544905	-0.029760415
397.44	1.4581952e-06	-5.8544905	-0.029727373
398.08	1.4918502e-06	-5.8544859	-0.029708954
398.72	1.4938835e-06	-5.8544812	-0.029692647
399.36	1.524756e-06	-5.8544672	-0.029713047
400	1.5318136e-06	-5.8544951	-0.029755904
400.64	1.5075462e-06	-5.8544625	-0.029710036
401.28	1.5342624e-06	-5.8544719	-0.029690296
401.92	1.5097273e-06	-5.8544719	-0.029735268
402.56	1.5103322e-06	-5.8544766	-0.029712664
403.2	1.4699853e-06	-5.8544766	-0.029721518
403.84	1.4773263e-06	-5.8545091	-0.029668986
404.48	1.4788718e-06	-5.8544952	-0.029716624
405.12	1.477379e-06	-5.8544812	-0.029709434
405.76	1.5205261e-06	-5.8544905	-0.029695039
406.4	1.5206672e-06	-5.8545184	-0.029706965
407.04	1.5390824e-06	-5.8544951	-0.029725743
407.68	1.5209839e-06	-5.8544812	-0.029723713
408.32	1.5089683e-06	-5.8544765	-0.029704251
408.96	1.4663557e-06	-5.8544719	-0.029718888
409.6	1.480969e-06	-5.8544905	-0.029703579
410.24	1.4841958e-06	-5.8544766	-0.029695918
410.88	1.4788332e-06	-5.8544626	-0.02968987
411.52	1.4868888e-06	-5.8544858	-0.02973138
412.16	1.4980494e-06	-5.8544905	-0.029712854
412.8	1.5263875e-06	-5.8544765	-0.029708491
413.44	1.5295572e-06	-5.8545044	-0.029745506
414.08	1.5236218e-06	-5.8544905	-0.029740962
414.72	1.484567e-06	-5.8544626	-0.02972934
415.36	1.4778132e-06	-5.8544952	-0.029737829
416	1.483071e-06	-5.8544859	-0.029718125
416.64	1.4643984e-06	-5.8545091	-0.029714279
417.28	1.4895959e-06	-5.8544673	-0.029693125
417.92	1.4955045e-06	-5.8544812	-0.029729505
418.56	1.5043198e-06	-5.8544812	-0.029731368
419.2	1.5135717e-06	-5.8545044	-0.029746997
419.84	1.510474e-06	-5.8544905	-0.029707233
420.48	1.5005206e-06	-5.8544719	-0.029715713
421.12	1.5124455e-06	-5.8544393	-0.02971541
421.76	1.501041e-06	-5.8544905	-0.029695328
422.4	1.4558405e-06	-5.8544812	-0.029740509
423.04	1.4764389e-06	-5.8544859	-0.029720524
423.68	1.4971027e-06	-5.8544859	-0.029724247
424.32	1.4796606e-06	-5.8544812	-0.029687916
424.96	1.5328243e-06	-5.8544858	-0.029698768
425.6	1.525268e-06	-5.8544626	-0.029709455
426.24	1.5116223e-06	-5.8545044	-0.029722922
426.88	1.5273904e-06	-5.8544905	-0.029719838
427.52	1.4779028e-06	-5.8544905	-0.029720588
428.16	1.4912754e-06	-5.8544905	-0.029734621
428.8	1.4608113e-06	-5.8544719	-0.029725414
429.44	1.4675425e-06	-5.8545091	-0.029730293
430.08	1.4799661e-06	-5.8544998	-0.029716002
430.72	1.4880354e-06	-5.8544858	-0.029713671
431.36	1.5346381e-06	-5.8544812	-0.029716258
432	1.5020626e-06	-5.8544765	-0.029715049
432.64	1.5086025e-06	-5.8544672	-0.029710259
433.28	1.4924774e-06	-5.8544626	-0.029725974
433.92	1.4869046e-06	-5.8544858	-0.029722639
434.56	1.4714818e-06	-5.8544859	-0.029700936
435.2	1.4808438e-06	-5.8544626	-0.029728922
435.84	1.466404e-06	-5.8544859	-0.029706518
436.48	1.5156814e-06	-5.8544812	-0.029740646
437.12	1.501645e-06	-5.8545137	-0.029757585
437.76	1.534681e-06	-5.8544951	-0.029701124
438.4	1.5484386e-06	-5.8544719	-0.029691663
439.04	1.5084024e-06	-5.8544905	-0.029723054
439.68	1.5114036e-06	-5.8544672	-0.029713432
440.32	1.4976006e-06	-5.8544766	-0.029716283
440.96	1.4655756e-06	-5.8544812	-0.029698453
441.6	1.4643438e-06	-5.8544719	-0.029703578
442.24	1.4844254e-06	-5.8544766	-0.029714049
442.88	1.4755335e-06	-5.8544858	-0.029715071
443.52	1.5227411e-06	-5.8544812	-0.02970071
444.16	1.5180668e-06	-5.8544812	-0.029727315
444.8	1.5298886e-06	-5.8544951	-0.029734565
445.44	1.5261112e-06	-5.8544905	-0.029711282
446.08	1.4802098e-06	-5.8544951	-0.02974531
446.72	1.4984309e-06	-5.8544952	-0.029719682
447.36	1.4882391e-06	-5.8544719	-0.029691343
448	1.445991e-06	-5.8544951	-0.029735486
448.64	1.4922694e-06	-5.8544859	-0.029720295
449.28	1.491079e-06	-5.8544812	-0.029695488
449.92	1.5165001e-06	-5.8544812	-0.029723261
450.56	1.4948558e-06	-5.8544998	-0.02973802
451.2	1.5555588e-06	-5.8544766	-0.02970974
451.84	1.5130026e-06	-5.8544765	-0.029705381
452.48	1.519256e-06	-5.8544719	-0.029738383
453.12	1.4923965e-06	-5.8545045	-0.029732664
453.76	1.4749781e-06	-5.8544952	-0.029710137
454.4	1.4498596e-06	-5.8544858	-0.029704217
455.04	1.4892052e-06	-5.8544859	-0.029721593
455.68	1.4813189e-06	-5.8544858	-0.029695943
456.32	1.5145248e-06	-5.8544951	-0.029721157
456.96	1.516943e-06	-5.8544812	-0.029734633
457.6	1.5133802e-06	-5.8544347	-0.029695006
458.24	1.5161494e-06	-5.8544812	-0.029719825
458.88	1.4931315e-06	-5.8544951	-0.029723137
459.52	1.4740856e-06	-5.8544858	-0.029729237
460.16	1.4542369e-06	-5.8544812	-0.029686097
460.8	1.4738465e-06	-5.8545091	-0.029728254
461.44	1.4793536e-06	-5.8545045	-0.029726553
462.08	1.487987e-06	-5.8544998	-0.02971782
462.72	1.5106326e-06	-5.8544672	-0.029728664
463.36	1.5255525e-06	-5.8544672	-0.029713838
464	1.5000912e-06	-5.8544812	-0.029728232
464.64	1.5142149e-06	-5.8544951	-0.029694633
465.28	1.4872017e-06	-5.8544858	-0.029744101
465.92	1.5088031e-06	-5.8544766	-0.029722098
466.56	1.4871042e-06	-5.8544719	-0.0297101
467.2	1.4719995e-06	-5.8544626	-0.029707941
467.84	1.4961743e-06	-5.8544719	-0.029684356
468.48	1.5127362e-06	-5.8544812	-0.029713514
469.12	1.5419244e-06	-5.8544719	-0.029708927
469.76	1.5456178e-06	-5.8544812	-0.029729424
470.4	1.5337845e-06	-5.8545044	-0.029728783
471.04	1.5109091e-06	-5.8544719	-0.029733966
471.68	1.4944664e-06	-5.8544765	-0.029704158
472.32	1.4833095e-06	-5.8544998	-0.029739136
472.96	1.4632111e-06	-5.8544859	-0.029710493
473.6	1.495914e-06	-5.8544719	-0.029696624
474.24	1.4898428e-06	-5.8544719	-0.029717082
474.88	1.5255766e-06	-5.8544998	-0.029720019
475.52	1.5060481e-06	-5.8544951	-0.029689232
476.16	1.5280384e-06	-5.8544951	-0.029724344
476.8	1.5165063e-06	-5.8544998	-0.029714124
477.44	1.5037298e-06	-5.8544812	-0.029711984
478.08	1.4976549e-06	-5.8544859	-0.029704709
478.72	1.4578383e-06	-5.8544812	-0.029713786
479.36	1.4448198e-06	-5.8544951	-0.02972519
480	1.4746857e-06	-5.8544812	-0.029719545
480.64	1.4918819e-06	-5.8544998	-0.029716679
481.28	1.5344023e-06	-5.8545231	-0.02976532
481.92	1.5259339e-06	-5.8544951	-0.029710612
482.56	1.5316413e-06	-5.8544719	-0.029690842
483.2	1.5047045e-06	-5.8544858	-0.029729429
483.84	1.5003988e-06	-5.8544812	-0.029700778
484.48	1.4746144e-06	-5.8544812	-0.029707835
485.12	1.485277e-06	-5.8545138	-0.029667677
485.76	1.4768322e-06	-5.8545045	-0.029715637
486.4	1.4882159e-06	-5.8545045	-0.029725927
487.04	1.4674574e-06	-5.8544858	-0.029704148
487.68	1.5017885e-06	-5.8544765	-0.029691028
488.32	1.5304391e-06	-5.8544765	-0.029730938
488.96	1.507079e-06	-5.8544858	-0.029680169
489.6	1.4882579e-06	-5.8544719	-0.02971337
490.24	1.4847612e-06	-5.8544812	-0.029699067
490.88	1.48769e-06	-5.8544998	-0.029733975
491.52	1.4795159e-06	-5.8544812	-0.029716105
492.16	1.4704146e-06	-5.8545045	-0.029732599
492.8	1.5062106e-06	-5.8544766	-0.029709622
493.44	1.4988347e-06	-5.8544765	-0.029722286
494.08	1.485861e-06	-5.8544719	-0.029720177
494.72	1.5232059e-06	-5.8544672	-0.029724123
495.36	1.5240655e-06	-5.8544579	-0.029719577
496	1.5212446e-06	-5.8544672	-0.029729387
496.64	1.4833208e-06	-5.8545044	-0.029735612
497.28	1.4729522e-06	-5.8544626	-0.029720669
497.92	1.4972321e-06	-5.8544719	-0.029741554
498.56	1.5026769e-06	-5.854458	-0.02971973
499.2	1.5019968e-06	-5.8544859	-0.029711865
499.84	1.4840665e-06	-5.8544812	-0.029731395
