0	4.4138898e-05	-5.8475989	-0.0082094519
0.64	4.3718693e-05	-5.8475238	-0.0083402829
1.28	4.4970537e-05	-5.8476312	-0.0083340711
1.92	4.4953377e-05	-5.8475558	-0.0082588603
2.56	4.5241493e-05	-5.8476252	-0.0083196815
3.2	4.5478357e-05	-5.8475694	-0.0084265259
3.84	4.5412857e-05	-5.8476162	-0.0083713979
4.48	4.5870244e-05	-5.8476036	-0.0082092208
5.12	4.4572422e-05	-5.8475427	-0.008304804
5.76	4.4218707e-05	-5.8475058	-0.0082069078
6.4	4.4696757e-05	-5.8476134	-0.0082809005
7.04	4.4039137e-05	-5.8475704	-0.0083044796
7.68	4.4433605e-05	-5.8475235	-0.0082544537
8.32	4.5004251e-05	-5.8475185	-0.008140731
8.96	4.5593827e-05	-5.847593	-0.0081709883
9.6	4.4981082e-05	-5.8475923	-0.0082296964
10.24	4.545804e-05	-5.8474909	-0.0082969717
10.88	4.4855016e-05	-5.8475468	-0.0081523459
11.52	4.4986542e-05	-5.8475478	-0.0082539064
12.16	4.484574e-05	-5.847618	-0.0083285846
12.8	4.4263167e-05	-5.847557	-0.0082933241
13.44	4.4829094e-05	-5.8476316	-0.0083426329
14.08	4.4587759e-05	-5.8476398	-0.0081434047
14.72	4.5797235e-05	-5.8475053	-0.0083465746
15.36	4.5645118e-05	-5.8476023	-0.0083304356
16	4.5883692e-05	-5.847556	-0.0083756663
16.64	4.5209872e-05	-5.8476163	-0.0083293685
17.28	4.4686524e-05	-5.8474957	-0.0083861896
17.92	4.4814444e-05	-5.8476547	-0.0083128805
18.56	4.3441762e-05	-5.8475608	-0.0084675464
19.2	4.4584845e-05	-5.8476085	-0.0082919614
19.84	4.4496891e-05	-5.8476451	-0.0083132348
20.48	4.480184e-05	-5.8475748	-0.0083470186
21.12	4.5496565e-05	-5.8475561	-0.0082205858
21.76	4.5680391e-05	-5.8475466	-0.0083119553
22.4	4.5250188e-05	-5.8476206	-0.0083141661
23.04	4.491914e-05	-5.8475324	-0.0083489673
23.68	4.4448831e-05	-5.8475234	-0.0082174187
24.32	4.5143925e-05	-5.847576	-0.008247644
24.96	4.4073429e-05	-5.8476311	-0.0082946489
25.6	4.4387197e-05	-5.847543	-0.0083010393
26.24	4.46039e-05	-5.8475428	-0.0082324533
26.88	4.548523e-05	-5.8475615	-0.0082985064
27.52	4.4467203e-05	-5.8475505	-0.0083918376
28.16	4.5463794e-05	-5.8475045	-0.0081763546
28.8	4.5713487e-05	-5.8475746	-0.0083984476
29.44	4.5768172e-05	-5.8475705	-0.0083540499
30.08	4.4660935e-05	-5.8475562	-0.0081753645
30.72	4.4837103e-05	-5.8475478	-0.0082981862
31.36	4.3786313e-05	-5.847575	-0.008314955
32	4.4528593e-05	-5.847599	-0.0083425919
32.64	4.4509903e-05	-5.8475705	-0.0082371923
33.28	4.5071849e-05	-5.8475145	-0.0083348407
33.92	4.5063851e-05	-5.8475836	-0.0082911655
34.56	4.5645744e-05	-5.8475279	-0.0082817764
35.2	4.6213851e-05	-5.8476076	-0.0082511718
35.84	4.485959e-05	-5.8476208	-0.0082479004
36.48	4.528758e-05	-5.8475243	-0.0082463988
37.12	4.4609727e-05	-5.8475755	-0.0084050783
37.76	4.4113333e-05	-5.8475987	-0.0084565746
38.4	4.4350478e-05	-5.8475895	-0.008164088
39.04	4.5617091e-05	-5.8475715	-0.0083143333
39.68	4.4691601e-05	-5.8475931	-0.0082220841
40.32	4.4739118e-05	-5.8475738	-0.0081987001
40.96	4.5665228e-05	-5.8476209	-0.0082878397
41.6	4.5308857e-05	-5.8475324	-0.0082481688
42.24	4.5253143e-05	-5.8475469	-0.0081332686
42.88	4.4214407e-05	-5.8476025	-0.0084928374
43.52	4.3979416e-05	-5.8475239	-0.0082853258
44.16	4.4337253e-05	-5.8475942	-0.0082588649
44.8	4.4328143e-05	-5.8475568	-0.0082966186
45.44	4.4317817e-05	-5.8475888	-0.0082893837
46.08	4.5349318e-05	-5.8475843	-0.0083401932
46.72	4.5270718e-05	-5.8475603	-0.0082865288
47.36	4.4673635e-05	-5.8476014	-0.0082737162
48	4.5587991e-05	-5.8475142	-0.0082288532
48.64	4.4803627e-05	-5.8476164	-0.0083161558
49.28	4.3947617e-05	-5.8476117	-0.0081954264
49.92	4.4761779e-05	-5.8475991	-0.0083628841
50.56	4.5125917e-05	-5.8475857	-0.0083011748
51.2	4.449213e-05	-5.8475476	-0.0083981122
51.84	4.5701441e-05	-5.8475621	-0.008285354
52.48	4.5044518e-05	-5.847542	-0.0082578131
53.12	4.5873809e-05	-5.8476213	-0.0083173115
53.76	4.5517034e-05	-5.8475929	-0.0082903428
54.4	4.5553253e-05	-5.8475654	-0.0081704257
55.04	4.5155824e-05	-5.8475424	-0.0082898024
55.68	4.4309521e-05	-5.8476261	-0.0082969206
56.32	4.4513324e-05	-5.8475804	-0.0082054075
56.96	4.4611319e-05	-5.8475759	-0.0082247878
57.6	4.4030414e-05	-5.8475238	-0.0082137358
58.24	4.5215524e-05	-5.8476451	-0.0082772771
58.88	4.5197562e-05	-5.847635	-0.0083437203
59.52	4.5552532e-05	-5.8475558	-0.0083906409
60.16	4.5631261e-05	-5.8475977	-0.008152446
60.8	4.5271684e-05	-5.84757	-0.0081672679
61.44	4.4372581e-05	-5.8475	-0.0084234705
62.08	4.4751391e-05	-5.8475801	-0.0082824292
62.72	4.4710859e-05	-5.8475247	-0.0082143399
63.36	4.4960008e-05	-5.8475854	-0.0082592961
64	4.4544948e-05	-5.8475752	-0.0083628115
64.64	4.4153154e-05	-5.8475277	-0.0083314675
65.28	4.5483654e-05	-5.8475655	-0.0083365235
65.92	4.5609107e-05	-5.8475978	-0.0082358764
66.56	4.6481989e-05	-5.8475569	-0.0081827149
67.2	4.5741848e-05	-5.8475798	-0.0081870316
67.84	4.5154619e-05	-5.847552	-0.0081749716
68.48	4.4699933e-05	-5.8475941	-0.0083566543
69.12	4.5205836e-05	-5.8475159	-0.0082917727
69.76	4.4434931e-05	-5.847543	-0.0081691103
70.4	4.5150712e-05	-5.8475897	-0.0082126984
71.04	4.4297974e-05	-5.8475277	-0.0083588938
71.68	4.5353561e-05	-5.8475839	-0.0082554371
72.32	4.4940039e-05	-5.8474995	-0.008315326
72.96	4.5550127e-05	-5.8475746	-0.0082801068
73.6	4.5170305e-05	-5.8475887	-0.0084285388
74.24	4.5257107e-05	-5.8475011	-0.0082035826
74.88	4.4684379e-05	-5.8475569	-0.0083464746
75.52	4.4455926e-05	-5.8475848	-0.0082988123
76.16	4.4135207e-05	-5.8475565	-0.0083216259
76.8	4.5116541e-05	-5.8475523	-0.0083177403
77.44	4.5026877e-05	-5.8476168	-0.0082765707
78.08	4.4919739e-05	-5.8475928	-0.0081841491
78.72	4.5768642e-05	-5.8475515	-0.0082560027
79.36	4.6010927e-05	-5.8476681	-0.0083120268
80	4.5035491e-05	-5.8475003	-0.0081598621
80.64	4.5114488e-05	-5.8476033	-0.0082972216
81.28	4.4176402e-05	-5.8475425	-0.0083712575
81.92	4.4858478e-05	-5.8475527	-0.0082843553
82.56	4.4242193e-05	-5.8475938	-0.0082242795
83.2	4.4740325e-05	-5.8475798	-0.0082459893
83.84	4.5265521e-05	-5.8475936	-0.0083411871
84.48	4.5246683e-05	-5.847514	-0.0082227229
85.12	4.592753e-05	-5.8476075	-0.0083097843
85.76	4.4877719e-05	-5.8475275	-0.0081901079
86.4	4.4808957e-05	-5.8475931	-0.008294604
87.04	4.536497e-05	-5.8475757	-0.0083920376
87.68	4.4428217e-05	-5.8475335	-0.0083072194
88.32	4.4104915e-05	-5.8475799	-0.0082508057
88.96	4.4289955e-05	-5.8476217	-0.008339642
89.6	4.4639227e-05	-5.8475611	-0.0082346093
90.24	4.5609559e-05	-5.8476078	-0.0082812873
90.88	4.5135572e-05	-5.8475464	-0.0082908758
91.52	4.5602454e-05	-5.8475746	-0.0082913513
92.16	4.5646938e-05	-5.8475841	-0.0083714177
92.8	4.4964697e-05	-5.8475747	-0.0083193896
93.44	4.4624928e-05	-5.847617	-0.0084016426
94.08	4.4495481e-05	-5.847636	-0.0083130377
94.72	4.5021239e-05	-5.8475157	-0.0082273227
95.36	4.4584902e-05	-5.8475708	-0.0082754033
96	4.5094345e-05	-5.8476032	-0.0082945012
96.64	4.5353178e-05	-5.8475935	-0.008381017
97.28	4.5280016e-05	-5.8475604	-0.0082273211
97.92	4.5082072e-05	-5.8475415	-0.0083739676
98.56	4.4848052e-05	-5.8475881	-0.0081742456
99.2	4.4787179e-05	-5.8475421	-0.008296217
99.84	4.4751743e-05	-5.8475753	-0.0082790166
100.48	4.4553606e-05	-5.8475756	-0.0083614512
101.12	4.4447653e-05	-5.8475988	-0.0084257685
101.76	4.4266036e-05	-5.8475983	-0.0084086055
102.4	4.5056234e-05	-5.8475379	-0.0083228453
103.04	4.5248055e-05	-5.8474538	-0.0081399903
103.68	4.5304961e-05	-5.847579	-0.0082806906
104.32	4.4843785e-05	-5.8476483	-0.0083591524
104.96	4.6259855e-05	-5.8475291	-0.0081503105
105.6	4.5206906e-05	-5.8476078	-0.0084117783
106.24	4.4572907e-05	-5.8475334	-0.0083244682
106.88	4.4549918e-05	-5.8476268	-0.0083405318
107.52	4.498057e-05	-5.8475435	-0.0081153819
108.16	4.3672986e-05	-5.8475325	-0.0083305871
108.8	4.5150609e-05	-5.8476123	-0.0081625121
109.44	4.495098e-05	-5.8475975	-0.0080459424
110.08	4.5450934e-05	-5.8475186	-0.0082877858
110.72	4.5413175e-05	-5.8475466	-0.0084450815
111.36	4.5385385e-05	-5.8475284	-0.0082538847
112	4.4850331e-05	-5.8476077	-0.0082557099
112.64	4.485951e-05	-5.8475617	-0.0083121213
113.28	4.4587033e-05	-5.8476594	-0.0082464214
113.92	4.4395205e-05	-5.84758	-0.0082734697
114.56	4.5810948e-05	-5.8475623	-0.008262404
115.2	4.4494478e-05	-5.8476068	-0.008254559
115.84	4.4979256e-05	-5.8475975	-0.008323087
116.48	4.5174734e-05	-5.8476161	-0.0082954117
117.12	4.5140639e-05	-5.8475558	-0.0081782426
117.76	4.465295e-05	-5.8476256	-0.0082463533
118.4	4.4483924e-05	-5.8475283	-0.0084116245
119.04	4.4583319e-05	-5.8475056	-0.0081375655
119.68	4.439304e-05	-5.8476358	-0.0082610554
120.32	4.4565686e-05	-5.8475614	-0.0081991459
120.96	4.5305928e-05	-5.8476314	-0.0082773654
121.6	4.5770786e-05	-5.8475383	-0.0082364056
122.24	4.5338485e-05	-5.8475467	-0.0082984493
122.88	4.4777157e-05	-5.8475413	-0.0082819759
123.52	4.5731824e-05	-5.847589	-0.0083492744
124.16	4.4812939e-05	-5.8474956	-0.0081856535
124.8	4.4835134e-05	-5.8474916	-0.0082284326
125.44	4.4287833e-05	-5.8475938	-0.0082539752
126.08	4.4474761e-05	-5.8476034	-0.0083265939
126.72	4.3925077e-05	-5.8475374	-0.0083267458
127.36	4.5022053e-05	-5.847496	-0.0082372725
128	4.5490104e-05	-5.8475843	-0.0083624931
128.64	4.5630415e-05	-5.8475748	-0.0082856451
129.28	4.6047654e-05	-5.8476171	-0.0083372049
129.92	4.470952e-05	-5.8475184	-0.0083074758
130.56	4.5562693e-05	-5.8475989	-0.0083081176
131.2	4.4339468e-05	-5.8475563	-0.0083515647
131.84	4.4396852e-05	-5.8475473	-0.0083186447
132.48	4.4641558e-05	-5.8475475	-0.008207095
133.12	4.4780028e-05	-5.8476078	-0.0084331159
133.76	4.4297477e-05	-5.8476348	-0.0083521284
134.4	4.5577279e-05	-5.8475844	-0.0082408324
135.04	4.506206e-05	-5.8476069	-0.0083559467
135.68	4.5419894e-05	-5.8475422	-0.0082800804
136.32	4.4696824e-05	-5.8475511	-0.008280429
136.96	4.4561045e-05	-5.8475561	-0.0083213177
137.6	4.4518582e-05	-5.8474867	-0.008292311
138.24	4.4280722e-05	-5.8475844	-0.0084867157
138.88	4.5166299e-05	-5.8476038	-0.0081948868
139.52	4.567082e-05	-5.8475436	-0.0080169244
140.16	4.5020402e-05	-5.8475936	-0.008230659
140.8	4.5460149e-05	-5.8476122	-0.0081693976
141.44	4.5983302e-05	-5.8475381	-0.0083305257
142.08	4.5465132e-05	-5.8475051	-0.0082697349
142.72	4.4976071e-05	-5.8476677	-0.0082577675
143.36	4.4992368e-05	-5.8476356	-0.0084566767
144	4.4919361e-05	-5.8474917	-0.0081835509
144.64	4.4547741e-05	-5.8475614	-0.0082856402
145.28	4.4888927e-05	-5.8475477	-0.0082162217
145.92	4.4553834e-05	-5.8475517	-0.0081583235
146.56	4.3977178e-05	-5.847546	-0.0083288395
147.2	4.4591478e-05	-5.8476206	-0.0082773552
147.84	4.5047393e-05	-5.8475557	-0.0082186376
148.48	4.4502675e-05	-5.8475274	-0.0084231228
149.12	4.4587692e-05	-5.847565	-0.0082547975
149.76	4.4594287e-05	-5.8475795	-0.0083394895
150.4	4.4542375e-05	-5.8475937	-0.0082920092
151.04	4.5342641e-05	-5.8475853	-0.0082287994
151.68	4.4311965e-05	-5.8476168	-0.0083900873
152.32	4.5004149e-05	-5.8475753	-0.0084730155
152.96	4.4577879e-05	-5.8475186	-0.0082528147
153.6	4.4310665e-05	-5.8475553	-0.0081334406
154.24	4.5090113e-05	-5.8475186	-0.0082264517
154.88	4.5289661e-05	-5.8475748	-0.0083267637
155.52	4.4634888e-05	-5.8475094	-0.0082773169
156.16	4.4942106e-05	-5.8475705	-0.0084082298
156.8	4.4695312e-05	-5.8475567	-0.0080456723
157.44	4.4955534e-05	-5.847585	-0.0081538431
158.08	4.4478052e-05	-5.8475007	-0.0081019558
158.72	4.4146673e-05	-5.8475744	-0.0083259875
159.36	4.5603721e-05	-5.847687	-0.0083586193
160	4.5446415e-05	-5.847519	-0.0082053606
160.64	4.5235626e-05	-5.847542	-0.0081345398
161.28	4.493721e-05	-5.8475745	-0.0082429418
161.92	4.4499149e-05	-5.8475745	-0.0084118598
162.56	4.4992727e-05	-5.8475475	-0.0082835606
163.2	4.4147622e-05	-5.8475749	-0.0083324481
163.84	4.3748971e-05	-5.8476443	-0.0083172498
164.48	4.414896e-05	-5.84757	-0.0083311875
165.12	4.528187e-05	-5.8475893	-0.0082682441
165.76	4.49425e-05	-5.8476583	-0.0083224264
166.4	4.5802544e-05	-5.8475333	-0.0081876785
167.04	4.5198117e-05	-5.8475373	-0.0083551374
167.68	4.5218931e-05	-5.8475795	-0.0081622877
168.32	4.529676e-05	-5.8475242	-0.0082558703
168.96	4.4658721e-05	-5.8475845	-0.0083994503
169.6	4.5008257e-05	-5.8475572	-0.008133993
170.24	4.4468851e-05	-5.8475985	-0.0081835609
170.88	4.4497804e-05	-5.8476122	-0.0082114334
171.52	4.4436804e-05	-5.8475977	-0.0083022894
172.16	4.5144076e-05	-5.8475003	-0.0082653793
172.8	4.5512317e-05	-5.8476028	-0.0082728851
173.44	4.5129539e-05	-5.8475373	-0.0081474457
174.08	4.581037e-05	-5.8475616	-0.0083436334
174.72	4.4387103e-05	-5.8475327	-0.0081720354
175.36	4.509453e-05	-5.8476268	-0.0082217772
176	4.3981584e-05	-5.8476072	-0.0083451898
176.64	4.3857511e-05	-5.8476164	-0.0082950775
177.28	4.5043923e-05	-5.8475801	-0.0084092189
177.92	4.4947588e-05	-5.8475935	-0.0081219372
178.56	4.4848778e-05	-5.8476023	-0.0081995993
179.2	4.4986674e-05	-5.847579	-0.0083295294
179.84	4.5468796e-05	-5.8475656	-0.0082886969
180.48	4.4953143e-05	-5.8475608	-0.0083080173
181.12	4.4735924e-05	-5.8475983	-0.0083558735
181.76	4.5086033e-05	-5.8476362	-0.0082379097
182.4	4.5123718e-05	-5.8475898	-0.0082377335
183.04	4.5213217e-05	-5.8475571	-0.0081907596
183.68	4.4450446e-05	-5.8476211	-0.0081729124
184.32	4.4839767e-05	-5.8475932	-0.0082340739
184.96	4.4450488e-05	-5.8476065	-0.0082114591
185.6	4.5220104e-05	-5.8475143	-0.008382552
186.24	4.5131234e-05	-5.8476167	-0.0082300244
186.88	4.4457339e-05	-5.8475791	-0.0082530823
187.52	4.5025844e-05	-5.8475567	-0.0081884273
188.16	4.4187119e-05	-5.8475608	-0.0082609858
188.8	4.5077276e-05	-5.8475802	-0.0082506867
189.44	4.466414e-05	-5.8476215	-0.0083225291
190.08	4.5280587e-05	-5.847487	-0.008262232
190.72	4.4864165e-05	-5.8475747	-0.0081132826
191.36	4.5242715e-05	-5.8476306	-0.008377988
192	4.4944063e-05	-5.8476211	-0.0082382946
192.64	4.4053988e-05	-5.8475133	-0.0082585826
193.28	4.590493e-05	-5.8474969	-0.0083335941
193.92	4.5723673e-05	-5.8475946	-0.0084002801
194.56	4.5053822e-05	-5.8476127	-0.008176146
195.2	4.4395871e-05	-5.8475703	-0.0082379203
195.84	4.4554162e-05	-5.8476214	-0.0084356846
196.48	4.5128725e-05	-5.8476171	-0.0083761823
197.12	4.5248825e-05	-5.8475704	-0.0081756747
197.76	4.5031694e-05	-5.8475839	-0.008212098
198.4	4.5862387e-05	-5.8476126	-0.0084227261
199.04	4.4613723e-05	-5.8476348	-0.0083705342
199.68	4.4381146e-05	-5.8475325	-0.0081546198
200.32	4.4777517e-05	-5.8475007	-0.0082543604
200.96	4.5106033e-05	-5.8475524	-0.0083250604
201.6	4.4704644e-05	-5.847538	-0.0082882532
202.24	4.466178e-05	-5.8475937	-0.0082213313
202.88	4.5024525e-05	-5.8475705	-0.0083962091
203.52	4.4679857e-05	-5.8475	-0.0081001728
204.16	4.5386463e-05	-5.8476075	-0.0081849583
204.8	4.4571782e-05	-5.8476253	-0.0081204776
205.44	4.5552361e-05	-5.8476591	-0.0081826761
206.08	4.3992441e-05	-5.8475694	-0.0082963167
206.72	4.5249726e-05	-5.8475663	-0.0082536887
207.36	4.4988939e-05	-5.8475848	-0.0082119887
208	4.4176749e-05	-5.8475793	-0.0081813761
208.64	4.4657935e-05	-5.8475238	-0.00828825
209.28	4.470701e-05	-5.8475421	-0.0082164681
209.92	4.60756e-05	-5.8475759	-0.0083753494
210.56	4.5361837e-05	-5.8476215	-0.0084049832
211.2	4.5513983e-05	-5.8475519	-0.0083525332
211.84	4.5026796e-05	-5.8475749	-0.0083511975
212.48	4.4784019e-05	-5.8475795	-0.0083818328
213.12	4.4945492e-05	-5.8475846	-0.0081986013
213.76	4.5057394e-05	-5.8476221	-0.0081900246
214.4	4.4431928e-05	-5.8475563	-0.0083236035
215.04	4.4692759e-05	-5.8475981	-0.0085246964
215.68	4.5280324e-05	-5.847617	-0.0083245819
216.32	4.5262523e-05	-5.8475376	-0.0083096115
216.96	4.4519135e-05	-5.8475834	-0.0081499966
217.6	4.521988e-05	-5.8475703	-0.008363808
218.24	4.4349719e-05	-5.8475651	-0.0083413075
218.88	4.4941117e-05	-5.8476125	-0.0082483338
219.52	4.4629164e-05	-5.8475287	-0.0081716708
220.16	4.5638137e-05	-5.8475902	-0.0082312796
220.8	4.5065941e-05	-5.8476219	-0.0082812058
221.44	4.4862634e-05	-5.8476307	-0.0081928037
222.08	4.5417647e-05	-5.8475007	-0.0082237706
222.72	4.5014123e-05	-5.8475884	-0.0082213949
223.36	4.5059414e-05	-5.8476164	-0.0081315705
224	4.5485564e-05	-5.847552	-0.0083029278
224.64	4.4242815e-05	-5.8475418	-0.0082372919
225.28	4.489966e-05	-5.8476126	-0.0084249705
225.92	4.4139531e-05	-5.8475376	-0.0083136106
226.56	4.4030932e-05	-5.8475281	-0.008292443
227.2	4.5178715e-05	-5.8475755	-0.0083602247
227.84	4.5292126e-05	-5.8475798	-0.0083370074
228.48	4.4475216e-05	-5.8475927	-0.0081822807
229.12	4.5131916e-05	-5.8475885	-0.0083886022
229.76	4.5387883e-05	-5.8474865	-0.0083430186
230.4	4.4632753e-05	-5.8475791	-0.0083597629
231.04	4.5354639e-05	-5.8475802	-0.0082292503
231.68	4.5208679e-05	-5.8476594	-0.0084466286
232.32	4.4843846e-05	-5.8475475	-0.0082832036
232.96	4.4452618e-05	-5.8475796	-0.0083216145
233.6	4.5112996e-05	-5.8475381	-0.0083613985
234.24	4.4552028e-05	-5.8476023	-0.0082910983
234.88	4.5263608e-05	-5.8475562	-0.0084049814
235.52	4.520982e-05	-5.847598	-0.0082989948
236.16	4.4779117e-05	-5.8475745	-0.0082280396
236.8	4.4844613e-05	-5.8475563	-0.0082160296
237.44	4.4596869e-05	-5.847575	-0.008196346
238.08	4.5175868e-05	-5.8475804	-0.0083367179
238.72	4.4466306e-05	-5.847575	-0.0081932312
239.36	4.4805625e-05	-5.8475983	-0.0083590553
240	4.5590043e-05	-5.8476034	-0.0082364133
240.64	4.4778195e-05	-5.8475977	-0.0083946191
241.28	4.526379e-05	-5.8476074	-0.0081581447
241.92	4.4574613e-05	-5.8475371	-0.0083654973
242.56	4.6120018e-05	-5.8475342	-0.0082169854
243.2	4.4834978e-05	-5.8475798	-0.0082914557
243.84	4.4286066e-05	-5.8476213	-0.0082916313
244.48	4.5153405e-05	-5.8476454	-0.0081903209
245.12	4.5802096e-05	-5.8475668	-0.0083090092
245.76	4.5286669e-05	-5.8475846	-0.0082846355
246.4	4.4588329e-05	-5.8475186	-0.0082966993
247.04	4.5897473e-05	-5.8475523	-0.0083813246
247.68	4.5645421e-05	-5.8475567	-0.0082708645
248.32	4.602987e-05	-5.8475944	-0.0081664851
248.96	4.4974319e-05	-5.8476262	-0.0083397064
249.6	4.521915e-05	-5.8475662	-0.0083296752
250.24	4.5072432e-05	-5.8475895	-0.008404482
250.88	4.4554428e-05	-5.8475657	-0.0083069019
251.52	4.500022e-05	-5.8475752	-0.0081839699
252.16	4.4951461e-05	-5.8475377	-0.0082435319
252.8	4.5229754e-05	-5.8475145	-0.0083066825
253.44	4.5610669e-05	-5.8475427	-0.008242176
254.08	4.4935592e-05	-5.84757	-0.0081739298
254.72	4.5002615e-05	-5.8475982	-0.0082699049
255.36	4.4735805e-05	-5.8476215	-0.0083492666
256	4.514937e-05	-5.8475895	-0.00836718
256.64	4.4035571e-05	-5.8474907	-0.0082676372
257.28	4.4297348e-05	-5.8475187	-0.008242972
257.92	4.4766561e-05	-5.8476074	-0.0083802406
258.56	4.5509183e-05	-5.847594	-0.0082389483
259.2	4.5070157e-05	-5.8475842	-0.0082230955
259.84	4.5012664e-05	-5.8476306	-0.0083916354
260.48	4.5134536e-05	-5.847603	-0.0083975709
261.12	4.540839e-05	-5.8475383	-0.0082776949
261.76	4.4970589e-05	-5.8475752	-0.0082964226
262.4	4.4356217e-05	-5.8474862	-0.0082946552
263.04	4.5012668e-05	-5.8475566	-0.0082992377
263.68	4.5146859e-05	-5.8476264	-0.0082773278
264.32	4.3748732e-05	-5.8475783	-0.0083540315
264.96	4.5095785e-05	-5.8475703	-0.008302921
265.6	4.4741695e-05	-5.8475467	-0.0083988705
266.24	4.4455724e-05	-5.8475186	-0.0082762838
266.88	4.4978589e-05	-5.8474773	-0.0082724758
267.52	4.5466953e-05	-5.8475942	-0.0082617363
268.16	4.4514225e-05	-5.8475422	-0.0082712123
268.8	4.3582582e-05	-5.8475878	-0.0083478149
269.44	4.5474633e-05	-5.8475896	-0.0082544549
270.08	4.562541e-05	-5.847599	-0.0082187498
270.72	4.4564225e-05	-5.8475374	-0.0082277366
271.36	4.5120024e-05	-5.8475564	-0.0082069733
272	4.5342628e-05	-5.8475799	-0.0083784043
272.64	4.490224e-05	-5.8475516	-0.0082675435
273.28	4.5015613e-05	-5.8475424	-0.008259717
273.92	4.5134211e-05	-5.8476217	-0.0082638871
274.56	4.4318058e-05	-5.8475187	-0.0082234051
275.2	4.4328562e-05	-5.8474722	-0.0082598882
275.84	4.4603798e-05	-5.8475748	-0.0083567129
276.48	4.4748444e-05	-5.8476075	-0.0081809947
277.12	4.4569255e-05	-5.8475328	-0.0082535132
277.76	4.4753894e-05	-5.8475468	-0.0082429994
278.4	4.5301986e-05	-5.8475705	-0.0082648545
279.04	4.5502405e-05	-5.8476544	-0.0084048829
279.68	4.4370368e-05	-5.8475231	-0.0083569768
280.32	4.5516537e-05	-5.8475615	-0.0083616448
280.96	4.467994e-05	-5.8475236	-0.0083125595
281.6	4.4231372e-05	-5.847528	-0.0083075116
282.24	4.5569468e-05	-5.8476037	-0.0082869952
282.88	4.4222445e-05	-5.8475791	-0.0082151195
283.52	4.5270968e-05	-5.8475521	-0.0083439515
284.16	4.4670162e-05	-5.847556	-0.008202624
284.8	4.542282e-05	-5.8475752	-0.0081908958
285.44	4.5283647e-05	-5.8475611	-0.0082806317
286.08	4.4531563e-05	-5.847607	-0.0083432882
286.72	4.4956271e-05	-5.8475843	-0.008297018
287.36	4.504451e-05	-5.8475613	-0.0080587961
288	4.4438347e-05	-5.8475329	-0.0081339703
288.64	4.4524829e-05	-5.8475609	-0.0082414554
289.28	4.4930623e-05	-5.8475984	-0.0082510342
289.92	4.3837482e-05	-5.8476064	-0.0083385886
290.56	4.4904858e-05	-5.8475282	-0.0083584448
291.2	4.5311754e-05	-5.8476122	-0.0082478879
291.84	4.4835303e-05	-5.8475001	-0.0082234741
292.48	4.5236206e-05	-5.8476077	-0.0083288807
293.12	4.4983584e-05	-5.8475984	-0.0082661836
293.76	4.4653345e-05	-5.8475705	-0.0082467144
294.4	4.494732e-05	-5.8475616	-0.0082698764
295.04	4.4358086e-05	-5.8475469	-0.0083236723
295.68	4.4665204e-05	-5.8475748	-0.0083104962
296.32	4.509102e-05	-5.8475284	-0.0082552178
296.96	4.5079323e-05	-5.8475979	-0.0081314284
297.6	4.4925056e-05	-5.8474721	-0.0083669556
298.24	4.5843705e-05	-5.8475895	-0.0084498509
298.88	4.5296579e-05	-5.8475986	-0.0082863079
299.52	4.5093474e-05	-5.8475894	-0.0083154133
300.16	4.4425328e-05	-5.8475332	-0.0083089438
300.8	4.4665667e-05	-5.8475427	-0.0083193982
301.44	4.4914104e-05	-5.8475148	-0.00806068
302.08	4.4634353e-05	-5.8475328	-0.0081925358
302.72	4.5359863e-05	-5.8475425	-0.0083651833
303.36	4.5164693e-05	-5.8476164	-0.0082470329
304	4.5041439e-05	-5.8475419	-0.008144409
304.64	4.5314886e-05	-5.8475518	-0.0082539917
305.28	4.4874446e-05	-5.847561	-0.0082090829
305.92	4.5032455e-05	-5.847529	-0.0084576222
306.56	4.4515785e-05	-5.847538	-0.0082821248
307.2	4.4429172e-05	-5.8475518	-0.0082488544
307.84	4.5274632e-05	-5.8476082	-0.0082002749
308.48	4.4832732e-05	-5.8475236	-0.0081595438
309.12	4.4862367e-05	-5.8475651	-0.0083766329
309.76	4.5499231e-05	-5.84764	-0.008215831
310.4	4.5720356e-05	-5.8475891	-0.0081922462
311.04	4.4605959e-05	-5.8475	-0.0081810227
311.68	4.4660141e-05	-5.8475517	-0.0083215539
312.32	4.5053096e-05	-5.8476315	-0.0084112232
312.96	4.4324851e-05	-5.8475983	-0.0084099902
313.6	4.4569424e-05	-5.8475565	-0.0082665832
314.24	4.5355372e-05	-5.8476174	-0.0081694955
314.88	4.4630474e-05	-5.8475883	-0.0082228276
315.52	4.5704617e-05	-5.8475332	-0.0082648362
316.16	4.5365889e-05	-5.8475375	-0.0082587969
316.8	4.5352914e-05	-5.8475331	-0.0082446941
317.44	4.4838618e-05	-5.8476028	-0.0082288668
318.08	4.5169396e-05	-5.8476361	-0.0083781672
318.72	4.4707081e-05	-5.8475847	-0.0082963343
319.36	4.5030587e-05	-5.8476037	-0.008328836
320	4.4529657e-05	-5.8475517	-0.0081997771
320.64	4.5071717e-05	-5.8475937	-0.0081604004
321.28	4.5669029e-05	-5.8475892	-0.0083252113
321.92	4.5229942e-05	-5.8475375	-0.0081925625
322.56	4.5076877e-05	-5.8475281	-0.0081942271
323.2	4.4835752e-05	-5.8476164	-0.0081583148
323.84	4.5497064e-05	-5.8475849	-0.0083186862
324.48	4.4190938e-05	-5.84757	-0.0082680734
325.12	4.412214e-05	-5.847519	-0.0083209202
325.76	4.4392751e-05	-5.8475518	-0.0083415929
326.4	4.4510474e-05	-5.8475981	-0.0083053269
327.04	4.4849833e-05	-5.8475237	-0.008236054
327.68	4.5224025e-05	-5.8475795	-0.0082698485
328.32	4.5321154e-05	-5.8475654	-0.008332859
328.96	4.6735015e-05	-5.8475018	-0.0081914122
329.6	4.5506161e-05	-5.847552	-0.0082389123
330.24	4.4954124e-05	-5.8476215	-0.0083839362
330.88	4.4450052e-05	-5.8475981	-0.0083558634
331.52	4.4303632e-05	-5.8476632	-0.0082937817
332.16	4.4109923e-05	-5.8476259	-0.0082438642
332.8	4.4701192e-05	-5.847603	-0.0082202368
333.44	4.5532866e-05	-5.8475989	-0.0083640595
334.08	4.5620747e-05	-5.8475196	-0.0082869403
334.72	4.5328372e-05	-5.8475982	-0.0081967712
335.36	4.476343e-05	-5.8475418	-0.0082371662
336	4.5056917e-05	-5.8475422	-0.0083074691
336.64	4.5119346e-05	-5.8476076	-0.0081486396
337.28	4.4397299e-05	-5.847556	-0.0081920801
337.92	4.3942206e-05	-5.8475651	-0.0083221456
338.56	4.44747e-05	-5.8475704	-0.0083944001
339.2	4.4851811e-05	-5.8475521	-0.0081774298
339.84	4.5533702e-05	-5.8476176	-0.0083778327
340.48	4.4509318e-05	-5.8476674	-0.0084882826
341.12	4.5383534e-05	-5.8475656	-0.0082782513
341.76	4.5139294e-05	-5.8475793	-0.0081474146
342.4	4.4933558e-05	-5.8475234	-0.0082334026
343.04	4.3760076e-05	-5.8475272	-0.0083304792
343.68	4.4794561e-05	-5.8476355	-0.0084442371
344.32	4.4557439e-05	-5.8475519	-0.0083218474
344.96	4.4269052e-05	-5.8476261	-0.008341375
345.6	4.4682452e-05	-5.8475799	-0.0084568529
346.24	4.4647946e-05	-5.8475237	-0.0083242239
346.88	4.5491315e-05	-5.8475985	-0.0083091897
347.52	4.5557385e-05	-5.8475982	-0.0083806929
348.16	4.622316e-05	-5.8475802	-0.0082847162
348.8	4.5149464e-05	-5.8475839	-0.0082203836
349.44	4.5943794e-05	-5.847534	-0.0083576119
350.08	4.5013546e-05	-5.8475615	-0.0083434597
350.72	4.4163037e-05	-5.8475983	-0.0082016241
351.36	4.543281e-05	-5.8475671	-0.0082281457
352	4.437642e-05	-5.8475936	-0.0082728854
352.64	4.4934067e-05	-5.847575	-0.0082485584
353.28	4.5049712e-05	-5.8476211	-0.0081414967
353.92	4.5427107e-05	-5.8475513	-0.0082505842
354.56	4.5830815e-05	-5.8475889	-0.0083447652
355.2	4.5659606e-05	-5.8475426	-0.0083087457
355.84	4.5081323e-05	-5.8475472	-0.0082950066
356.48	4.4023539e-05	-5.8475886	-0.0082500934
357.12	4.4189456e-05	-5.8475613	-0.008230981
357.76	4.4582396e-05	-5.8475477	-0.0082518387
358.4	4.4615274e-05	-5.8475241	-0.0082473764
359.04	4.5698974e-05	-5.8475338	-0.0082728058
359.68	4.5523343e-05	-5.8476074	-0.0084468224
360.32	4.5583911e-05	-5.8475606	-0.0082924855
360.96	4.5818302e-05	-5.8475377	-0.0081851984
361.6	4.5213238e-05	-5.8475887	-0.0084199263
362.24	4.4922057e-05	-5.8475938	-0.0082894194
362.88	4.4182295e-05	-5.8475378	-0.0082934897
363.52	4.4418364e-05	-5.8475895	-0.0083129617
364.16	4.4361565e-05	-5.8475614	-0.0082305976
364.8	4.4318615e-05	-5.8475887	-0.0082576528
365.44	4.4597931e-05	-5.8475837	-0.00834458
366.08	4.5307263e-05	-5.8475001	-0.008262052
366.72	4.5324419e-05	-5.8475882	-0.0083599252
367.36	4.5854313e-05	-5.8476448	-0.0081610204
368	4.4821261e-05	-5.8476071	-0.0081978487
368.64	4.4689775e-05	-5.8475658	-0.0081697525
369.28	4.4266314e-05	-5.8475845	-0.0082463847
369.92	4.3885611e-05	-5.8475611	-0.0081534406
370.56	4.4478173e-05	-5.8475195	-0.0081206639
371.2	4.4710902e-05	-5.8475331	-0.0082982891
371.84	4.5210798e-05	-5.8475841	-0.0080745367
372.48	4.4613533e-05	-5.8476063	-0.0081663144
373.12	4.5019126e-05	-5.8475043	-0.0082838924
373.76	4.5276424e-05	-5.8476212	-0.0083277272
374.4	4.4453989e-05	-5.8476117	-0.0082716852
375.04	4.4345114e-05	-5.8476168	-0.0084510403
375.68	4.4415072e-05	-5.8475801	-0.0084546193
376.32	4.4325995e-05	-5.8475474	-0.0083629092
376.96	4.416489e-05	-5.8475934	-0.0083386791
377.6	4.4580235e-05	-5.8475932	-0.0084551359
378.24	4.5608025e-05	-5.8475518	-0.0084253415
378.88	4.5495469e-05	-5.847556	-0.0083522786
379.52	4.5529418e-05	-5.8475839	-0.0084090946
380.16	4.4622805e-05	-5.847495	-0.0083221231
380.8	4.5192983e-05	-5.8476171	-0.008337873
381.44	4.3736188e-05	-5.8475605	-0.0082539858
382.08	4.4966364e-05	-5.8475946	-0.0083908028
382.72	4.4408565e-05	-5.847594	-0.0082336808
383.36	4.4248109e-05	-5.8475702	-0.0082290567
384	4.4943139e-05	-5.8475423	-0.0083131013
384.64	4.5078626e-05	-5.8475372	-0.0081594386
385.28	4.5157664e-05	-5.8475696	-0.0083280318
385.92	4.517733e-05	-5.8475371	-0.0083345415
386.56	4.5403163e-05	-5.8475797	-0.0082035613
387.2	4.48149e-05	-5.8475192	-0.008337185
387.84	4.4991034e-05	-5.8475525	-0.0082564809
388.48	4.4788019e-05	-5.8475804	-0.0082009427
389.12	4.5703393e-05	-5.8475905	-0.0082491981
389.76	4.4502705e-05	-5.8476354	-0.0083731668
390.4	4.5596799e-05	-5.8476406	-0.0083628434
391.04	4.5044282e-05	-5.8474954	-0.0083043125
391.68	4.5251817e-05	-5.8476303	-0.008110612
392.32	4.5196935e-05	-5.8475419	-0.0083424148
392.96	4.5407895e-05	-5.8476216	-0.0084106309
393.6	4.5030197e-05	-5.8475519	-0.0082809107
394.24	4.4662328e-05	-5.8475799	-0.0085505506
394.88	4.4747737e-05	-5.8476221	-0.0082357326
395.52	4.4125668e-05	-5.8475423	-0.0082593376
396.16	4.4484692e-05	-5.8475098	-0.00833843
396.8	4.5253303e-05	-5.8475333	-0.008453271
397.44	4.5043366e-05	-5.8475419	-0.0082096973
398.08	4.568004e-05	-5.8475749	-0.0081668662
398.72	4.4468203e-05	-5.8476064	-0.0082104741
399.36	4.4890129e-05	-5.8475793	-0.0082172733
400	4.4836103e-05	-5.8475053	-0.0081771997
400.64	4.4897562e-05	-5.847557	-0.0080627152
401.28	4.4374737e-05	-5.8476125	-0.0082367016
401.92	4.4699075e-05	-5.8475615	-0.0081701958
402.56	4.4726788e-05	-5.8475286	-0.0082958985
403.2	4.5627522e-05	-5.8475661	-0.0082048534
403.84	4.5442702e-05	-5.8475562	-0.008149645
404.48	4.5414645e-05	-5.8475234	-0.0083192027
405.12	4.5319519e-05	-5.8475746	-0.0083752577
405.76	4.4715575e-05	-5.8475466	-0.0082615863
406.4	4.4583581e-05	-5.8476494	-0.0082384801
407.04	4.4283579e-05	-5.8475379	-0.0084391677
407.68	4.476502e-05	-5.8475943	-0.0084121455
408.32	4.4047469e-05	-5.8476214	-0.0082569243
408.96	4.4765316e-05	-5.8475565	-0.0083045839
409.6	4.4982769e-05	-5.8476724	-0.0083842039
410.24	4.4523449e-05	-5.8475924	-0.0081491372
410.88	4.6376101e-05	-5.8475243	-0.0082465254
411.52	4.5308225e-05	-5.8475606	-0.0083910352
412.16	4.5290516e-05	-5.8475703	-0.0084131195
412.8	4.5189275e-05	-5.8476686	-0.0081485084
413.44	4.4571878e-05	-5.8475615	-0.0083295813
414.08	4.4412989e-05	-5.8475523	-0.008433457
414.72	4.4413438e-05	-5.8475242	-0.0082203086
415.36	4.4730013e-05	-5.8476077	-0.0083082493
416	4.5525335e-05	-5.8475752	-0.0083768695
416.64	4.5930475e-05	-5.8475517	-0.0082836299
417.28	4.5230865e-05	-5.8474904	-0.0080910753
417.92	4.5541087e-05	-5.8475468	-0.0082161
418.56	4.57086e-05	-5.8475662	-0.0082307442
419.2	4.4432004e-05	-5.8475703	-0.0082390779
419.84	4.4411526e-05	-5.8475848	-0.0081930358
420.48	4.4430871e-05	-5.8475756	-0.0082757056
421.12	4.4763932e-05	-5.8475198	-0.0082138263
421.76	4.4769183e-05	-5.8475983	-0.00829294
422.4	4.5543462e-05	-5.8475704	-0.0080519488
423.04	4.6224772e-05	-5.8475381	-0.0082033621
423.68	4.5125404e-05	-5.8475881	-0.0082861857
424.32	4.4691637e-05	-5.8476251	-0.0083695374
424.96	4.4760501e-05	-5.8476212	-0.00845306
425.6	4.4776642e-05	-5.8475986	-0.0083274244
426.24	4.4670441e-05	-5.8475897	-0.0083286563
426.88	4.399446e-05	-5.8475612	-0.008214496
427.52	4.432076e-05	-5.8475658	-0.008292941
428.16	4.4895583e-05	-5.8476308	-0.0084187304
428.8	4.5560506e-05	-5.8475564	-0.0082479447
429.44	4.5595442e-05	-5.8476164	-0.008205063
430.08	4.5698691e-05	-5.8476537	-0.0081937113
430.72	4.4618903e-05	-5.8475508	-0.0082289638
431.36	4.4313248e-05	-5.8476396	-0.0081492264
432	4.4434756e-05	-5.8475427	-0.0083253317
432.64	4.4561127e-05	-5.8475757	-0.0082789471
433.28	4.4632905e-05	-5.847571	-0.0081505623
433.92	4.5261804e-05	-5.8475944	-0.0082860836
434.56	4.4728381e-05	-5.8475561	-0.0082289017
435.2	4.5862014e-05	-5.8475845	-0.0082610866
435.84	4.6380549e-05	-5.8475242	-0.0082740797
436.48	4.5616902e-05	-5.8475654	-0.008327138
437.12	4.4866888e-05	-5.8475605	-0.0082720316
437.76	4.4912777e-05	-5.8475659	-0.0083128661
438.4	4.4399829e-05	-5.8476032	-0.0083602262
439.04	4.4638138e-05	-5.8475479	-0.0083325103
439.68	4.5100808e-05	-5.8475482	-0.0082403032
440.32	4.502724e-05	-5.847515	-0.0082808781
440.96	4.5060542e-05	-5.8475981	-0.0083840896
441.6	4.5415031e-05	-5.8475839	-0.0083668454
442.24	4.5451021e-05	-5.8475884	-0.00841878
442.88	4.5774897e-05	-5.8475842	-0.0083025725
443.52	4.4834394e-05	-5.8475791	-0.0083122345
444.16	4.4555719e-05	-5.8475423	-0.0082554443
444.8	4.4889726e-05	-5.8476084	-0.0084150507
445.44	4.4654379e-05	-5.8475619	-0.0083049042
446.08	4.3623964e-05	-5.8475374	-0.0082309659
446.72	4.4472593e-05	-5.8475749	-0.008162043
447.36	4.5237464e-05	-5.8476261	-0.0082828367
448	4.5412866e-05	-5.847556	-0.0082534885
448.64	4.5428931e-05	-5.847579	-0.0081803373
449.28	4.5442844e-05	-5.8475932	-0.0082911735
449.92	4.5283053e-05	-5.8475797	-0.008288821
450.56	4.4646238e-05	-5.8475193	-0.0082938074
451.2	4.5110033e-05	-5.8475388	-0.0081812062
451.84	4.4283078e-05	-5.8475893	-0.0082668899
452.48	4.411912e-05	-5.8475936	-0.008403949
453.12	4.4675913e-05	-5.8475611	-0.008217049
453.76	4.536107e-05	-5.8475564	-0.0080239002
454.4	4.6321017e-05	-5.847608	-0.0084263282
455.04	4.5390605e-05	-5.8475604	-0.008349279
455.68	4.5273919e-05	-5.8475559	-0.0081874816
456.32	4.4848787e-05	-5.8476165	-0.0082970833
456.96	4.4645744e-05	-5.8475891	-0.0084090404
457.6	4.4869039e-05	-5.8475712	-0.0084122406
458.24	4.3968258e-05	-5.8475565	-0.008376047
458.88	4.4870448e-05	-5.8476129	-0.0082864527
459.52	4.4175834e-05	-5.847593	-0.0082947304
460.16	4.5337033e-05	-5.847533	-0.0082460801
460.8	4.5194727e-05	-5.8475789	-0.0081256875
461.44	4.5225567e-05	-5.8475416	-0.0084195643
462.08	4.5244929e-05	-5.8475281	-0.008299425
462.72	4.5447006e-05	-5.8475475	-0.0081426523
463.36	4.4404133e-05	-5.8475657	-0.0082273781
464	4.4705751e-05	-5.8476083	-0.0083665405
464.64	4.389255e-05	-5.8475424	-0.0081739798
465.28	4.4199237e-05	-5.8475331	-0.0082843881
465.92	4.531867e-05	-5.8475661	-0.0083968189
466.56	4.5108435e-05	-5.8476164	-0.0080673898
467.2	4.5869813e-05	-5.8475656	-0.0083009325
467.84	4.5277526e-05	-5.8475324	-0.008253966
468.48	4.5261825e-05	-5.8475653	-0.0082772134
469.12	4.4679483e-05	-5.8475793	-0.0081031403
469.76	4.5437124e-05	-5.8475622	-0.0081396961
470.4	4.513935e-05	-5.8476368	-0.0082568158
471.04	4.4316762e-05	-5.847622	-0.0083129817
471.68	4.5292282e-05	-5.84759	-0.0082838401
472.32	4.4707772e-05	-5.8475887	-0.0082500748
472.96	4.5416396e-05	-5.8475236	-0.008399959
473.6	4.5532666e-05	-5.8475977	-0.0082668654
474.24	4.5963607e-05	-5.8475934	-0.0084395223
474.88	4.6146979e-05	-5.8475987	-0.0082546936
475.52	4.4233738e-05	-5.8475697	-0.0082514254
476.16	4.4760044e-05	-5.847543	-0.0082135754
476.8	4.4041538e-05	-5.8476124	-0.0082723647
477.44	4.3379497e-05	-5.8475978	-0.0082937732
478.08	4.3393848e-05	-5.8476067	-0.008465286
478.72	4.481536e-05	-5.8475609	-0.0080467993
479.36	4.4927984e-05	-5.847551	-0.0082018519
480	4.5366486e-05	-5.8475742	-0.0084373504
480.64	4.5757287e-05	-5.8476351	-0.0082779243
481.28	4.5619064e-05	-5.8475425	-0.0080857955
481.92	4.5079188e-05	-5.847552	-0.008356974
482.56	4.4466752e-05	-5.8475614	-0.0081994356
483.2	4.4434392e-05	-5.8476222	-0.0081930387
483.84	4.4503128e-05	-5.8475106	-0.0082431993
484.48	4.4097846e-05	-5.8475515	-0.0081388754
485.12	4.5514953e-05	-5.8475986	-0.0081923437
485.76	4.602209e-05	-5.8475659	-0.0083475619
486.4	4.5778318e-05	-5.847542	-0.008336894
487.04	4.4736069e-05	-5.8475876	-0.008377318
487.68	4.533839e-05	-5.8475842	-0.0083672552
488.32	4.5276606e-05	-5.8475895	-0.0083548835
488.96	4.4439106e-05	-5.8475289	-0.0083206371
489.6	4.5260923e-05	-5.8475347	-0.0083138243
490.24	4.5333238e-05	-5.8474788	-0.0081795362
490.88	4.4582633e-05	-5.8475797	-0.0082982384
491.52	4.4657042e-05	-5.8475325	-0.008313231
492.16	4.5413381e-05	-5.8476116	-0.0081373286
492.8	4.5176139e-05	-5.8475739	-0.0081996311
493.44	4.5227345e-05	-5.8474998	-0.0081643049
494.08	4.4241527e-05	-5.8475181	-0.008273442
494.72	4.459745e-05	-5.8475425	-0.0082971883
495.36	4.3826969e-05	-5.8475331	-0.0082665035
496	4.4579383e-05	-5.8475852	-0.0083424934
496.64	4.4232915e-05	-5.8476544	-0.0082648739
497.28	4.5109418e-05	-5.8475475	-0.0081938813
497.92	4.5031144e-05	-5.8475559	-0.0082531719
498.56	4.5789666e-05	-5.8475747	-0.0082134873
499.2	4.6031388e-05	-5.847519	-0.0081369394
499.84	4.4989949e-05	-5.8475462	-0.0082236614
