0	5.7832276e-05	-5.8495678	-0.03042193
0.64	5.8779817e-05	-5.8496381	-0.030395649
1.28	5.919293e-05	-5.8495399	-0.030255351
1.92	6.001045e-05	-5.8495859	-0.030340465
2.56	6.0973042e-05	-5.8495673	-0.030257825
3.2	6.1229324e-05	-5.8495952	-0.030226983
3.84	6.0365583e-05	-5.8496227	-0.030451287
4.48	6.0287845e-05	-5.8495818	-0.030394421
5.12	5.8988584e-05	-5.849605	-0.030451768
5.76	5.8878642e-05	-5.8496058	-0.030189133
6.4	5.8815882e-05	-5.8496432	-0.030406278
7.04	6.0336368e-05	-5.8496023	-0.030258979
7.68	5.8768215e-05	-5.8496044	-0.030260267
8.32	6.080803e-05	-5.8496331	-0.030416765
8.96	6.2175631e-05	-5.8495871	-0.030435721
9.6	6.0532281e-05	-5.8495666	-0.030310582
10.24	6.0712825e-05	-5.8496417	-0.030372774
10.88	5.9646333e-05	-5.8495999	-0.030432697
11.52	5.9463392e-05	-5.8495917	-0.030336898
12.16	5.9508873e-05	-5.8495972	-0.030276201
12.8	5.9306527e-05	-5.8496948	-0.030400301
13.44	5.967397e-05	-5.8496062	-0.030485557
14.08	5.9950412e-05	-5.8495682	-0.03017814
14.72	5.9957427e-05	-5.8496181	-0.030441607
15.36	6.1919891e-05	-5.8496471	-0.030429533
16	6.1320696e-05	-5.8495488	-0.030385052
16.64	6.0203844e-05	-5.8496321	-0.030404287
17.28	5.9807957e-05	-5.8496143	-0.030320843
17.92	5.9629215e-05	-5.8495641	-0.030419675
18.56	5.8991773e-05	-5.8496014	-0.030276712
19.2	5.7569303e-05	-5.8496093	-0.030377428
19.84	5.9134916e-05	-5.8496102	-0.030355913
20.48	5.9147545e-05	-5.8496137	-0.030317531
21.12	6.0068948e-05	-5.8496646	-0.030388095
21.76	6.0792218e-05	-5.8495715	-0.030282692
22.4	6.1021396e-05	-5.8495439	-0.030503313
23.04	6.0451676e-05	-5.8495813	-0.03032463
23.68	6.0169268e-05	-5.8496287	-0.030355423
24.32	5.9116922e-05	-5.8496149	-0.030310241
24.96	5.8928983e-05	-5.84962	-0.030398538
25.6	5.9236983e-05	-5.8495877	-0.030253092
26.24	5.8745282e-05	-5.8496096	-0.030411216
26.88	6.0395213e-05	-5.8495728	-0.030244598
27.52	6.0488635e-05	-5.8496369	-0.030253947
28.16	6.1470494e-05	-5.8495675	-0.030564542
28.8	6.0547741e-05	-5.8497063	-0.030432373
29.44	6.0186308e-05	-5.8495813	-0.030287131
30.08	5.9790539e-05	-5.8496006	-0.030425638
30.72	5.8740879e-05	-5.8496146	-0.030425557
31.36	5.9613439e-05	-5.8496114	-0.030364458
32	5.9281175e-05	-5.8496435	-0.030309595
32.64	5.8714518e-05	-5.8495722	-0.030481215
33.28	6.0310117e-05	-5.8495912	-0.030106665
33.92	6.0792882e-05	-5.8495952	-0.030461078
34.56	6.1048482e-05	-5.8496694	-0.030386041
35.2	6.1402037e-05	-5.8496514	-0.030233538
35.84	5.9777853e-05	-5.8495299	-0.030382776
36.48	6.0089245e-05	-5.8495593	-0.030358749
37.12	5.9700425e-05	-5.8496157	-0.030287903
37.76	5.8380923e-05	-5.8496335	-0.030521854
38.4	6.005478e-05	-5.8495976	-0.030280762
39.04	5.9800345e-05	-5.8496569	-0.03030322
39.68	6.0005878e-05	-5.8496	-0.030312547
40.32	6.1249918e-05	-5.8495909	-0.030400339
40.96	6.1685377e-05	-5.8495816	-0.030315169
41.6	6.0660687e-05	-5.8495578	-0.030408286
42.24	6.0391868e-05	-5.8496097	-0.030323314
42.88	6.0152875e-05	-5.8496061	-0.030294284
43.52	5.8923631e-05	-5.8496104	-0.030398977
44.16	5.8731458e-05	-5.8496012	-0.030240319
44.8	5.931072e-05	-5.84962	-0.030296377
45.44	5.9825347e-05	-5.8495962	-0.030498684
46.08	6.0102968e-05	-5.8496557	-0.03045893
46.72	6.0298634e-05	-5.8496039	-0.030360484
47.36	6.1209697e-05	-5.8495672	-0.030429745
48	6.1833715e-05	-5.8495823	-0.030470175
48.64	5.953199e-05	-5.8496881	-0.03030017
49.28	5.9198528e-05	-5.8495959	-0.030353886
49.92	5.9204239e-05	-5.849634	-0.030363091
50.56	5.8330981e-05	-5.8495357	-0.030415221
51.2	5.9548602e-05	-5.8495922	-0.030459334
51.84	5.9555159e-05	-5.8496284	-0.030420481
52.48	6.0305319e-05	-5.8496697	-0.030324338
53.12	6.0803387e-05	-5.8495623	-0.030268495
53.76	6.0823453e-05	-5.8495762	-0.030351822
54.4	6.0440056e-05	-5.849609	-0.03049038
55.04	6.0648465e-05	-5.8495964	-0.030389091
55.68	5.8666897e-05	-5.8496096	-0.030362771
56.32	5.8947407e-05	-5.8496432	-0.030504404
56.96	5.9224617e-05	-5.8496621	-0.030292415
57.6	6.0162795e-05	-5.849588	-0.030465728
58.24	6.013397e-05	-5.8495776	-0.030376815
58.88	6.0714878e-05	-5.8495397	-0.030331504
59.52	6.0486157e-05	-5.8495992	-0.030440146
60.16	5.9589105e-05	-5.8496122	-0.030211807
60.8	6.1022984e-05	-5.8496376	-0.030285709
61.44	6.0098312e-05	-5.8495867	-0.030412881
62.08	5.9699607e-05	-5.8495968	-0.030246957
62.72	5.878462e-05	-5.8496244	-0.030325879
63.36	5.8674473e-05	-5.8496197	-0.030471453
64	5.9204621e-05	-5.8495916	-0.030436401
64.64	6.0197177e-05	-5.8495961	-0.030405413
65.28	6.1507991e-05	-5.849652	-0.030438837
65.92	6.1769565e-05	-5.8495957	-0.030366005
66.56	6.0721054e-05	-5.8495855	-0.030292036
67.2	5.99705e-05	-5.8495902	-0.030450964
67.84	6.0434803e-05	-5.8495965	-0.030270044
68.48	5.9699026e-05	-5.8495597	-0.030380589
69.12	5.9911699e-05	-5.8495978	-0.030344818
69.76	5.9029401e-05	-5.8495549	-0.030392114
70.4	5.9931721e-05	-5.8496247	-0.030459948
71.04	6.0929547e-05	-5.8496152	-0.030301264
71.68	6.0720062e-05	-5.8496464	-0.03040304
72.32	6.0616403e-05	-5.8496178	-0.030211854
72.96	6.1890172e-05	-5.8495728	-0.030369288
73.6	6.0973403e-05	-5.8496239	-0.030542228
74.24	6.0064359e-05	-5.8496382	-0.030333894
74.88	5.8780365e-05	-5.8496194	-0.03036776
75.52	5.9232364e-05	-5.8495366	-0.030319723
76.16	5.9491012e-05	-5.8495832	-0.030316192
76.8	5.9603429e-05	-5.8496242	-0.030308214
77.44	5.923861e-05	-5.8495808	-0.030358174
78.08	6.0540879e-05	-5.849581	-0.03029766
78.72	6.0397859e-05	-5.8496362	-0.030417289
79.36	6.1854947e-05	-5.8496333	-0.030307363
80	6.0129159e-05	-5.8495674	-0.030462934
80.64	6.0383536e-05	-5.8495317	-0.030374772
81.28	5.863733e-05	-5.8495496	-0.030315791
81.92	5.9394122e-05	-5.8495787	-0.030477062
82.56	5.9098562e-05	-5.8496106	-0.030435102
83.2	6.0238269e-05	-5.8496247	-0.030194757
83.84	5.9636229e-05	-5.8496228	-0.030319044
84.48	5.986963e-05	-5.8496081	-0.030196276
85.12	6.0927352e-05	-5.8496041	-0.030416071
85.76	6.1298496e-05	-5.8496096	-0.030250123
86.4	5.9793943e-05	-5.8496185	-0.030488551
87.04	5.9310853e-05	-5.8496518	-0.030405758
87.68	5.9409121e-05	-5.8496296	-0.030183728
88.32	5.9709424e-05	-5.8495604	-0.030271271
88.96	5.9645185e-05	-5.8496529	-0.030311966
89.6	5.8667022e-05	-5.8495997	-0.030512243
90.24	5.9979742e-05	-5.8496276	-0.030358359
90.88	6.1087062e-05	-5.8495859	-0.030400777
91.52	6.1022271e-05	-5.8495577	-0.030361277
92.16	5.9416285e-05	-5.8495986	-0.030261331
92.8	5.9723746e-05	-5.8496046	-0.030261278
93.44	5.9260072e-05	-5.8495403	-0.030335046
94.08	5.9112398e-05	-5.8495735	-0.030348162
94.72	5.9454117e-05	-5.8495694	-0.03034334
95.36	5.9063454e-05	-5.8496801	-0.030372713
96	5.9120634e-05	-5.8495813	-0.030421816
96.64	6.0428189e-05	-5.8495628	-0.030352459
97.28	6.1289783e-05	-5.8495721	-0.030471706
97.92	6.046595e-05	-5.8496641	-0.030438511
98.56	6.0596283e-05	-5.8495626	-0.030261668
99.2	5.9777488e-05	-5.8495398	-0.030374149
99.84	5.891178e-05	-5.8496099	-0.030523041
100.48	5.9894644e-05	-5.8496209	-0.030512624
101.12	5.7909206e-05	-5.8496237	-0.030357891
101.76	5.9667939e-05	-5.8496247	-0.03022289
102.4	5.947068e-05	-5.8496326	-0.030416734
103.04	6.017975e-05	-5.8495345	-0.030252536
103.68	6.1313225e-05	-5.8496232	-0.030423205
104.32	6.1248554e-05	-5.8496185	-0.030456644
104.96	6.0380918e-05	-5.8495905	-0.030307372
105.6	6.0333296e-05	-5.8495917	-0.030473092
106.24	5.8914018e-05	-5.8495588	-0.030226353
106.88	5.9820577e-05	-5.8495884	-0.030470635
107.52	6.0439762e-05	-5.8496028	-0.030363051
108.16	5.9295355e-05	-5.8496242	-0.030386764
108.8	6.1310139e-05	-5.8496762	-0.030502748
109.44	6.0528026e-05	-5.8495486	-0.030549054
110.08	5.9796358e-05	-5.8495937	-0.030316519
110.72	6.1556565e-05	-5.8495723	-0.030406843
111.36	6.0744281e-05	-5.8496049	-0.030319003
112	5.8826416e-05	-5.8496415	-0.030380962
112.64	5.9526983e-05	-5.8495783	-0.030272781
113.28	5.9627517e-05	-5.8496394	-0.03012182
113.92	5.8549912e-05	-5.8496102	-0.030504636
114.56	5.9479028e-05	-5.8495917	-0.030312135
115.2	6.0238174e-05	-5.8495772	-0.030353626
115.84	6.0715926e-05	-5.8496184	-0.030549841
116.48	6.0404412e-05	-5.849571	-0.030355046
117.12	6.1171864e-05	-5.8495907	-0.03019406
117.76	6.0357408e-05	-5.849642	-0.030479226
118.4	5.9661535e-05	-5.849689	-0.030347809
119.04	5.8240335e-05	-5.8495771	-0.030398242
119.68	5.8914563e-05	-5.8495457	-0.030456166
120.32	5.8911674e-05	-5.8495593	-0.030338401
120.96	5.9231438e-05	-5.8495819	-0.030442239
121.6	6.0610716e-05	-5.8495821	-0.030459843
122.24	6.1523557e-05	-5.8495586	-0.030292749
122.88	6.0974553e-05	-5.8496041	-0.030451882
123.52	6.115371e-05	-5.8495303	-0.030321184
124.16	6.0294867e-05	-5.8496095	-0.030423008
124.8	5.9276981e-05	-5.8496005	-0.03035144
125.44	5.8623426e-05	-5.8496195	-0.030373601
126.08	5.9490877e-05	-5.8495881	-0.030412701
126.72	5.9149446e-05	-5.8495548	-0.030431031
127.36	6.0228787e-05	-5.8496432	-0.030309791
128	5.9836768e-05	-5.8496276	-0.030444499
128.64	6.0391928e-05	-5.8495667	-0.03023376
129.28	6.0232005e-05	-5.8496732	-0.03049968
129.92	6.0700752e-05	-5.8496184	-0.030307972
130.56	6.0139774e-05	-5.8496561	-0.03049827
131.2	5.9564247e-05	-5.8496103	-0.030419161
131.84	5.8940903e-05	-5.8496105	-0.030467257
132.48	5.7716001e-05	-5.8496003	-0.030364172
133.12	5.8030543e-05	-5.8495675	-0.030318526
133.76	6.0210728e-05	-5.8495918	-0.030320356
134.4	6.012657e-05	-5.8497068	-0.030399025
135.04	6.0157476e-05	-5.8496222	-0.030497636
135.68	6.1564549e-05	-5.8496327	-0.030319653
136.32	5.9809657e-05	-5.8496548	-0.030521478
136.96	6.0397599e-05	-5.8495588	-0.030384712
137.6	6.013569e-05	-5.8495505	-0.030417676
138.24	5.8844034e-05	-5.8495873	-0.030366582
138.88	5.9539453e-05	-5.8496486	-0.030404814
139.52	5.8630801e-05	-5.8494703	-0.030270702
140.16	5.8827991e-05	-5.8495298	-0.030373564
140.8	5.9201367e-05	-5.8497103	-0.030320516
141.44	6.0981835e-05	-5.8496043	-0.03057092
142.08	6.0652778e-05	-5.8495574	-0.03039616
142.72	6.0252968e-05	-5.8495717	-0.03040003
143.36	6.0381563e-05	-5.8495963	-0.030462148
144	5.9092204e-05	-5.8495403	-0.03039106
144.64	6.0089411e-05	-5.8496072	-0.030407115
145.28	5.8600905e-05	-5.8495964	-0.030283592
145.92	5.975561e-05	-5.8495735	-0.030278961
146.56	5.9522097e-05	-5.8495721	-0.030354919
147.2	6.0638451e-05	-5.8496279	-0.030242125
147.84	6.1283746e-05	-5.8496139	-0.030401577
148.48	6.0927181e-05	-5.8496461	-0.030334428
149.12	5.9591629e-05	-5.8495525	-0.030326047
149.76	5.9646429e-05	-5.849591	-0.030518004
150.4	5.8611019e-05	-5.849526	-0.030328213
151.04	5.9214376e-05	-5.849625	-0.030397111
151.68	5.9498434e-05	-5.8495182	-0.030388081
152.32	5.9804207e-05	-5.8495641	-0.03026372
152.96	5.9797074e-05	-5.8496048	-0.03048363
153.6	6.0591798e-05	-5.8495952	-0.030355289
154.24	6.0579299e-05	-5.8496596	-0.030416785
154.88	6.0119513e-05	-5.8495663	-0.030192991
155.52	5.9626148e-05	-5.8495574	-0.030322268
156.16	6.024483e-05	-5.8496105	-0.030520432
156.8	5.8804676e-05	-5.8496799	-0.030458495
157.44	5.8653531e-05	-5.8495733	-0.030314971
158.08	5.956146e-05	-5.8495693	-0.030442251
158.72	5.972788e-05	-5.8496243	-0.030534727
159.36	5.9218901e-05	-5.8495994	-0.030383025
160	6.1278815e-05	-5.8496097	-0.030462571
160.64	6.2105506e-05	-5.8496007	-0.03032176
161.28	5.998026e-05	-5.8496408	-0.030352502
161.92	5.965351e-05	-5.8495855	-0.030344303
162.56	5.9428847e-05	-5.8495819	-0.0303841
163.2	5.8108083e-05	-5.8496002	-0.030352875
163.84	5.9372769e-05	-5.8496298	-0.030426972
164.48	5.9473261e-05	-5.8495969	-0.030378353
165.12	5.908497e-05	-5.8495957	-0.030572752
165.76	5.9136033e-05	-5.8496364	-0.030361628
166.4	6.0745564e-05	-5.8496137	-0.030221826
167.04	6.0516608e-05	-5.8495293	-0.030369789
167.68	6.0047133e-05	-5.8496037	-0.03020264
168.32	6.0223992e-05	-5.8496421	-0.030351088
168.96	5.9133808e-05	-5.849619	-0.030324864
169.6	5.9506775e-05	-5.8495459	-0.030444814
170.24	5.9310682e-05	-5.8496437	-0.030521136
170.88	5.9133168e-05	-5.8495361	-0.030306657
171.52	6.0167655e-05	-5.849564	-0.030372769
172.16	6.0633643e-05	-5.8495586	-0.030206646
172.8	6.1414992e-05	-5.8496142	-0.030211523
173.44	6.0942548e-05	-5.8496414	-0.030453571
174.08	6.0288831e-05	-5.8496506	-0.03044643
174.72	5.9823534e-05	-5.8495582	-0.030335515
175.36	5.9699074e-05	-5.8496197	-0.030351768
176	5.8383224e-05	-5.8496425	-0.03041692
176.64	5.9720307e-05	-5.8495743	-0.030431081
177.28	5.8868093e-05	-5.8495636	-0.030326824
177.92	5.8995988e-05	-5.8496138	-0.030339731
178.56	5.9772721e-05	-5.8496181	-0.030384336
179.2	6.013084e-05	-5.8496222	-0.030428547
179.84	6.0829239e-05	-5.8496134	-0.030449342
180.48	6.1141975e-05	-5.849512	-0.030374776
181.12	5.9813104e-05	-5.8496234	-0.03028583
181.76	5.9387671e-05	-5.8495358	-0.030164508
182.4	5.8653508e-05	-5.8495778	-0.03039886
183.04	5.9334268e-05	-5.8495739	-0.030174082
183.68	5.9720598e-05	-5.8496248	-0.03046862
184.32	5.9751053e-05	-5.8496516	-0.030572626
184.96	6.0835261e-05	-5.8495677	-0.03032776
185.6	6.03454e-05	-5.84952	-0.030484007
186.24	6.1222861e-05	-5.8495813	-0.030396121
186.88	6.1296284e-05	-5.8496332	-0.030403235
187.52	5.9922315e-05	-5.8495075	-0.030407258
188.16	5.9597577e-05	-5.8496665	-0.030469521
188.8	5.9139254e-05	-5.8496295	-0.03055255
189.44	5.9428788e-05	-5.8495646	-0.030436966
190.08	5.9013054e-05	-5.8495542	-0.030437429
190.72	5.9974597e-05	-5.8495958	-0.030239135
191.36	6.0062073e-05	-5.8496273	-0.030331647
192	6.1035539e-05	-5.8495997	-0.030337265
192.64	5.9757954e-05	-5.8495566	-0.030278618
193.28	6.0430759e-05	-5.8496557	-0.030368821
193.92	5.9703186e-05	-5.8496377	-0.030301779
194.56	5.8599314e-05	-5.8496238	-0.030441478
195.2	5.9885486e-05	-5.8496443	-0.030565136
195.84	5.8978146e-05	-5.8495595	-0.030155728
196.48	5.8434851e-05	-5.8496186	-0.030436382
197.12	5.9027841e-05	-5.8496179	-0.030323484
197.76	6.0245055e-05	-5.8496226	-0.030406237
198.4	6.0170637e-05	-5.8495801	-0.030375111
199.04	6.116343e-05	-5.8495674	-0.030267453
199.68	6.0229499e-05	-5.8495953	-0.030475955
200.32	6.0022286e-05	-5.8496475	-0.030390237
200.96	5.9055396e-05	-5.8495546	-0.030392679
201.6	5.8514716e-05	-5.8495778	-0.030348024
202.24	5.9132856e-05	-5.84962	-0.030197237
202.88	5.9401643e-05	-5.8495496	-0.030565423
203.52	6.063731e-05	-5.84961	-0.030402722
204.16	6.0263033e-05	-5.8496226	-0.030360289
204.8	6.0893057e-05	-5.8496088	-0.030385011
205.44	6.1039088e-05	-5.8495999	-0.030364898
206.08	5.8786305e-05	-5.8495801	-0.030331672
206.72	5.8934588e-05	-5.8496047	-0.030274839
207.36	5.9718171e-05	-5.8495739	-0.030388723
208	5.8398342e-05	-5.8496475	-0.030224161
208.64	6.0029137e-05	-5.8495929	-0.030485314
209.28	5.9746489e-05	-5.8495777	-0.030409736
209.92	5.9685574e-05	-5.8496229	-0.030259651
210.56	6.0538331e-05	-5.8496506	-0.030329671
211.2	6.0455143e-05	-5.8495804	-0.030349221
211.84	6.2103838e-05	-5.849615	-0.030530874
212.48	5.9756635e-05	-5.8495672	-0.030320189
213.12	5.962311e-05	-5.8496335	-0.030418616
213.76	5.8747465e-05	-5.8496011	-0.030405693
214.4	5.8813131e-05	-5.8495549	-0.030414181
215.04	5.9771395e-05	-5.8496111	-0.030272934
215.68	5.9846083e-05	-5.8496008	-0.03048141
216.32	6.0163873e-05	-5.8496139	-0.030294016
216.96	6.1228206e-05	-5.8495954	-0.030437741
217.6	6.1247706e-05	-5.8496045	-0.030366803
218.24	5.9819146e-05	-5.8496594	-0.030450211
218.88	5.9968347e-05	-5.8495956	-0.030430435
219.52	5.9051522e-05	-5.8496284	-0.030383269
220.16	5.820235e-05	-5.8495727	-0.030239089
220.8	5.9128527e-05	-5.8495738	-0.030370647
221.44	5.9750153e-05	-5.849611	-0.030363395
222.08	6.0189184e-05	-5.8496382	-0.030315691
222.72	6.1132696e-05	-5.849624	-0.030514159
223.36	6.0885391e-05	-5.8496089	-0.030438333
224	6.0820779e-05	-5.8495994	-0.030278752
224.64	6.0209278e-05	-5.8495808	-0.03040389
225.28	6.0599817e-05	-5.8495964	-0.030399642
225.92	5.8637468e-05	-5.8495724	-0.0301886
226.56	5.9302834e-05	-5.8495506	-0.030320326
227.2	5.8101435e-05	-5.8495913	-0.030233686
227.84	5.9982306e-05	-5.8496111	-0.030295396
228.48	6.0064694e-05	-5.849582	-0.030443165
229.12	6.0245011e-05	-5.8495996	-0.030342327
229.76	6.0806769e-05	-5.8495855	-0.030297388
230.4	6.0789505e-05	-5.8495622	-0.030352926
231.04	6.1025783e-05	-5.8496423	-0.030322338
231.68	5.912543e-05	-5.8496091	-0.030295561
232.32	5.8902979e-05	-5.8496472	-0.030517261
232.96	5.9353979e-05	-5.8496204	-0.030315183
233.6	5.7783384e-05	-5.8496002	-0.030474701
234.24	5.9394978e-05	-5.8495545	-0.030300994
234.88	5.9488901e-05	-5.8496232	-0.030406173
235.52	6.0817237e-05	-5.8495675	-0.030348621
236.16	5.954224e-05	-5.8496028	-0.030267402
236.8	6.1271085e-05	-5.8496046	-0.030170883
237.44	6.089432e-05	-5.8496377	-0.030374019
238.08	5.8606972e-05	-5.8496041	-0.030365109
238.72	5.9234179e-05	-5.849643	-0.030491601
239.36	5.8458744e-05	-5.8494987	-0.030239648
240	6.0279705e-05	-5.8496259	-0.030491614
240.64	6.0051279e-05	-5.8496108	-0.030476101
241.28	5.9343138e-05	-5.8496041	-0.03027773
241.92	6.0885008e-05	-5.8496139	-0.030435486
242.56	6.1270678e-05	-5.8495812	-0.030297979
243.2	6.0943632e-05	-5.8496091	-0.0302026
243.84	6.0466326e-05	-5.8495491	-0.030285136
244.48	5.9249405e-05	-5.8496422	-0.030473699
245.12	5.9751642e-05	-5.8496251	-0.030549279
245.76	5.97988e-05	-5.8495093	-0.030312627
246.4	5.8466271e-05	-5.8495821	-0.030421925
247.04	5.948003e-05	-5.8495961	-0.030291626
247.68	6.0677277e-05	-5.8496193	-0.030349333
248.32	6.1006268e-05	-5.8496093	-0.030400819
248.96	6.1453122e-05	-5.8495302	-0.030390786
249.6	6.0159482e-05	-5.8495619	-0.03031261
250.24	6.1078369e-05	-5.8496057	-0.030474389
250.88	5.9534309e-05	-5.8496008	-0.030173019
251.52	5.9403073e-05	-5.849611	-0.030385197
252.16	5.8076034e-05	-5.8495774	-0.030429648
252.8	5.8853679e-05	-5.849601	-0.030292003
253.44	5.9842548e-05	-5.8496614	-0.030415801
254.08	6.0038915e-05	-5.8495952	-0.030417325
254.72	6.0233938e-05	-5.8495619	-0.030254825
255.36	6.1279077e-05	-5.8495859	-0.030223122
256	6.0522232e-05	-5.8496043	-0.030295618
256.64	6.0091818e-05	-5.8496793	-0.030499204
257.28	5.901945e-05	-5.8495819	-0.030333164
257.92	5.8932598e-05	-5.8495734	-0.030419301
258.56	5.9105914e-05	-5.8496109	-0.03040367
259.2	5.8731954e-05	-5.849624	-0.030410504
259.84	5.9894065e-05	-5.8495729	-0.030298866
260.48	6.0059705e-05	-5.849502	-0.030223552
261.12	6.0522078e-05	-5.8495388	-0.03039006
261.76	6.0552623e-05	-5.8496131	-0.030404958
262.4	6.0221372e-05	-5.8496925	-0.030362213
263.04	6.0260808e-05	-5.8495634	-0.030137017
263.68	5.8727704e-05	-5.8496003	-0.030419242
264.32	5.8989185e-05	-5.849648	-0.030341736
264.96	5.9190347e-05	-5.8496436	-0.03043862
265.6	5.9689992e-05	-5.8496294	-0.030395476
266.24	5.956125e-05	-5.8495351	-0.030373059
266.88	6.0512011e-05	-5.8496139	-0.030525315
267.52	6.1218515e-05	-5.8495859	-0.03042166
268.16	6.0306369e-05	-5.8495896	-0.030374801
268.8	5.9383756e-05	-5.8495708	-0.030383723
269.44	5.9051733e-05	-5.8495903	-0.03041453
270.08	5.8430308e-05	-5.8495909	-0.03032247
270.72	5.9418841e-05	-5.8495972	-0.030272875
271.36	6.0176689e-05	-5.8495933	-0.030437529
272	5.9911156e-05	-5.8496156	-0.030439536
272.64	5.9681101e-05	-5.8494653	-0.030340631
273.28	6.0425591e-05	-5.8496183	-0.030463698
273.92	6.0925386e-05	-5.8495856	-0.030485194
274.56	6.0146744e-05	-5.8495849	-0.030338955
275.2	6.0794741e-05	-5.8496375	-0.030404697
275.84	6.1216372e-05	-5.8496066	-0.030386504
276.48	5.9000487e-05	-5.849601	-0.030463842
277.12	5.9136292e-05	-5.8495831	-0.03028195
277.76	5.8699373e-05	-5.8495918	-0.030405484
278.4	5.9221567e-05	-5.8496426	-0.030362584
279.04	5.9927461e-05	-5.8496002	-0.030475117
279.68	6.025559e-05	-5.8496412	-0.030362938
280.32	6.0734348e-05	-5.8496133	-0.0304489
280.96	6.071411e-05	-5.8496739	-0.030465795
281.6	6.0264476e-05	-5.8495814	-0.03034579
282.24	5.9557666e-05	-5.8496331	-0.030477226
282.88	5.9123772e-05	-5.8495408	-0.030289905
283.52	5.8959021e-05	-5.8496202	-0.030436606
284.16	5.9306295e-05	-5.8496155	-0.030281275
284.8	5.9582364e-05	-5.8495916	-0.030336339
285.44	6.0584241e-05	-5.8496006	-0.030399895
286.08	6.0239636e-05	-5.8496085	-0.030315876
286.72	6.1135598e-05	-5.8495718	-0.030333419
287.36	6.1002216e-05	-5.8495395	-0.030280238
288	5.9570189e-05	-5.8496228	-0.030288127
288.64	5.9560182e-05	-5.8495449	-0.030437557
289.28	6.0253351e-05	-5.849514	-0.030353034
289.92	5.7762919e-05	-5.8496004	-0.030431339
290.56	5.8664909e-05	-5.8495915	-0.030311164
291.2	5.9301562e-05	-5.8495632	-0.030455062
291.84	6.0720087e-05	-5.8496285	-0.030490191
292.48	6.0505637e-05	-5.8496087	-0.030282586
293.12	6.1142703e-05	-5.8496229	-0.030394218
293.76	6.0752394e-05	-5.8496416	-0.03032934
294.4	6.0817605e-05	-5.8495823	-0.030304497
295.04	6.0108696e-05	-5.8495783	-0.030346282
295.68	5.8890496e-05	-5.8495221	-0.030419797
296.32	5.8389302e-05	-5.8495963	-0.030466164
296.96	5.9895062e-05	-5.8496485	-0.03035353
297.6	6.0260921e-05	-5.8496337	-0.03041428
298.24	6.1091423e-05	-5.8495402	-0.0303923
298.88	6.1262235e-05	-5.8495767	-0.030404654
299.52	6.0509981e-05	-5.8496503	-0.030356891
300.16	6.0204336e-05	-5.849618	-0.030244257
300.8	5.9210983e-05	-5.849553	-0.030450718
301.44	5.9455309e-05	-5.8496056	-0.030418997
302.08	5.9872841e-05	-5.8496999	-0.030394085
302.72	5.982984e-05	-5.8495744	-0.030396336
303.36	6.0593463e-05	-5.8496164	-0.030474634
304	6.04129e-05	-5.8495453	-0.030383189
304.64	5.9636262e-05	-5.8495713	-0.030365541
305.28	6.1604863e-05	-5.8496282	-0.030335139
305.92	6.0972956e-05	-5.849581	-0.03036899
306.56	6.1405812e-05	-5.8495867	-0.030336189
307.2	6.0327635e-05	-5.8496334	-0.030405652
307.84	5.9097405e-05	-5.8495543	-0.030372292
308.48	5.92488e-05	-5.8495925	-0.030394115
309.12	5.9080982e-05	-5.8496016	-0.030458506
309.76	5.860394e-05	-5.8495771	-0.030298448
310.4	5.9475726e-05	-5.8496512	-0.030312267
311.04	6.0163187e-05	-5.8496041	-0.030272798
311.68	6.1040348e-05	-5.8495624	-0.030198661
312.32	6.0139326e-05	-5.8496221	-0.030487535
312.96	6.0268132e-05	-5.8496975	-0.0304172
313.6	6.0165769e-05	-5.8496009	-0.03044217
314.24	5.918825e-05	-5.8496104	-0.030320748
314.88	5.792526e-05	-5.8496284	-0.030430656
315.52	5.7864037e-05	-5.8496514	-0.030413053
316.16	6.1295848e-05	-5.8495842	-0.030305211
316.8	6.0071417e-05	-5.8495539	-0.03026863
317.44	5.8971316e-05	-5.8496121	-0.030254703
318.08	6.0563835e-05	-5.8495851	-0.030538346
318.72	6.1110475e-05	-5.8496278	-0.030421575
319.36	6.065806e-05	-5.849577	-0.030362944
320	5.9680609e-05	-5.8495913	-0.030292863
320.64	6.0134812e-05	-5.8496301	-0.030472086
321.28	5.9109361e-05	-5.8495412	-0.030349543
321.92	5.8318053e-05	-5.8496239	-0.030485502
322.56	5.956655e-05	-5.8496382	-0.030377884
323.2	5.9773715e-05	-5.8496045	-0.030232244
323.84	6.0287911e-05	-5.8495574	-0.030322501
324.48	6.1670484e-05	-5.8496606	-0.030222439
325.12	6.0027221e-05	-5.8496035	-0.030308724
325.76	6.0226794e-05	-5.8495582	-0.030387359
326.4	5.961685e-05	-5.849624	-0.030376446
327.04	5.9394083e-05	-5.8496481	-0.030316325
327.68	5.8333209e-05	-5.849587	-0.030420757
328.32	5.9217675e-05	-5.849648	-0.030271353
328.96	5.9876624e-05	-5.8495546	-0.030291499
329.6	6.0336556e-05	-5.8495305	-0.030137467
330.24	6.0601044e-05	-5.8495344	-0.030388464
330.88	6.132245e-05	-5.8496742	-0.030385899
331.52	6.0476949e-05	-5.8495994	-0.03025794
332.16	6.0862646e-05	-5.8496009	-0.030363373
332.8	5.9264288e-05	-5.8495634	-0.030447613
333.44	5.9305389e-05	-5.8496574	-0.030296857
334.08	5.8532726e-05	-5.8496384	-0.030438476
334.72	5.8845977e-05	-5.8495452	-0.030460454
335.36	5.9381354e-05	-5.8495958	-0.030374952
336	5.9855802e-05	-5.8495903	-0.030177577
336.64	6.0929441e-05	-5.8495717	-0.03039714
337.28	6.1569437e-05	-5.8495815	-0.030266623
337.92	6.0153579e-05	-5.8496039	-0.030377997
338.56	5.9880302e-05	-5.8496141	-0.03023684
339.2	5.9692671e-05	-5.8495919	-0.03037913
339.84	5.9005411e-05	-5.8496154	-0.030430292
340.48	5.8907309e-05	-5.849648	-0.03049702
341.12	5.8706922e-05	-5.8496193	-0.030348069
341.76	5.966797e-05	-5.8495819	-0.030447447
342.4	6.0171185e-05	-5.8495532	-0.03041225
343.04	6.0540306e-05	-5.8495713	-0.030298872
343.68	6.0758356e-05	-5.8496086	-0.030353197
344.32	6.0831274e-05	-5.8496279	-0.030299583
344.96	6.0425901e-05	-5.8496707	-0.030496326
345.6	5.8979469e-05	-5.8495914	-0.030454883
346.24	5.8882349e-05	-5.8495781	-0.030298791
346.88	5.8603042e-05	-5.8495964	-0.030375961
347.52	5.9606358e-05	-5.8495736	-0.030396437
348.16	6.0611111e-05	-5.8496199	-0.030358545
348.8	6.0462824e-05	-5.8495161	-0.03031239
349.44	6.0683152e-05	-5.8496318	-0.03035095
350.08	5.9829955e-05	-5.8496403	-0.030460344
350.72	5.9259929e-05	-5.8496079	-0.030306257
351.36	5.8369237e-05	-5.8495618	-0.030228564
352	5.9269772e-05	-5.849629	-0.030449588
352.64	5.9567482e-05	-5.8496068	-0.030356855
353.28	5.8829813e-05	-5.8495595	-0.030206429
353.92	5.887989e-05	-5.8496657	-0.030428436
354.56	5.9460015e-05	-5.8495394	-0.030476614
355.2	6.0178068e-05	-5.8496599	-0.030268895
355.84	6.0738935e-05	-5.8496644	-0.030369136
356.48	6.0265106e-05	-5.849585	-0.030261146
357.12	5.9652082e-05	-5.8495388	-0.030364054
357.76	6.0380715e-05	-5.8496245	-0.030404539
358.4	5.9428327e-05	-5.8496479	-0.030456552
359.04	5.9178395e-05	-5.8495226	-0.030338648
359.68	5.9649423e-05	-5.849616	-0.030277668
360.32	5.885284e-05	-5.8495632	-0.030413273
360.96	5.986771e-05	-5.8495769	-0.03033874
361.6	6.0553072e-05	-5.8495996	-0.030589206
362.24	6.066868e-05	-5.8495898	-0.030354011
362.88	6.0812052e-05	-5.849581	-0.030412605
363.52	5.9301464e-05	-5.8496409	-0.030336298
364.16	6.0109776e-05	-5.8495918	-0.030550178
364.8	5.8600641e-05	-5.849624	-0.030460222
365.44	5.972079e-05	-5.8496256	-0.030418476
366.08	5.8809829e-05	-5.8496476	-0.030520395
366.72	5.8997413e-05	-5.8495724	-0.030303537
367.36	6.0262413e-05	-5.8495817	-0.030300182
368	6.1463436e-05	-5.8496004	-0.030489757
368.64	6.1042997e-05	-5.8496972	-0.030454437
369.28	6.0425678e-05	-5.8495854	-0.030298523
369.92	5.9336448e-05	-5.8495993	-0.030286181
370.56	5.9623605e-05	-5.8495776	-0.030405271
371.2	5.7696322e-05	-5.8495999	-0.030432461
371.84	5.9405977e-05	-5.8496066	-0.030492351
372.48	5.8881941e-05	-5.8496056	-0.030278553
373.12	5.8749656e-05	-5.849572	-0.030314064
373.76	5.964472e-05	-5.8496461	-0.030483277
374.4	6.0160886e-05	-5.8495757	-0.030453216
375.04	6.0588331e-05	-5.849627	-0.030303457
375.68	6.143422e-05	-5.8496098	-0.030354405
376.32	6.0579616e-05	-5.8495356	-0.030599384
376.96	5.9679489e-05	-5.8496755	-0.030353024
377.6	5.836024e-05	-5.8495867	-0.030350126
378.24	5.870517e-05	-5.8495966	-0.030455295
378.88	5.9934945e-05	-5.8496578	-0.030441004
379.52	5.9374084e-05	-5.8496003	-0.030226909
380.16	6.0181249e-05	-5.849637	-0.03031097
380.8	6.0737337e-05	-5.8496553	-0.030555068
381.44	6.1000454e-05	-5.8495856	-0.030405785
382.08	6.0721757e-05	-5.8496743	-0.030301639
382.72	5.9448956e-05	-5.8496324	-0.030290989
383.36	5.8903207e-05	-5.849647	-0.030318038
384	5.9890317e-05	-5.8496674	-0.030412642
384.64	5.8715611e-05	-5.8496384	-0.030403975
385.28	5.9999228e-05	-5.84956	-0.030340861
385.92	5.9746901e-05	-5.8495633	-0.030457251
386.56	6.072552e-05	-5.8496282	-0.030375822
387.2	6.0384004e-05	-5.849613	-0.030187393
387.84	6.1951798e-05	-5.8495726	-0.03047017
388.48	6.0318583e-05	-5.8496648	-0.03020441
389.12	6.0208622e-05	-5.849596	-0.030321024
389.76	5.9103516e-05	-5.8495822	-0.030245239
390.4	5.9468651e-05	-5.8495833	-0.030481516
391.04	5.959215e-05	-5.8495974	-0.030329632
391.68	5.8995466e-05	-5.8495449	-0.030429167
392.32	6.0258432e-05	-5.8495961	-0.030347219
392.96	6.0615941e-05	-5.8495674	-0.030328655
393.6	6.1365039e-05	-5.8496372	-0.030409562
394.24	6.0699412e-05	-5.849604	-0.030330299
394.88	6.0786737e-05	-5.8496468	-0.030470909
395.52	5.9486076e-05	-5.849563	-0.03043843
396.16	5.9114042e-05	-5.8496243	-0.030387929
396.8	5.8036988e-05	-5.8496377	-0.030413627
397.44	5.9131357e-05	-5.8495735	-0.030282294
398.08	6.0262209e-05	-5.8495879	-0.030586739
398.72	5.9229532e-05	-5.8495903	-0.030317584
399.36	6.1032765e-05	-5.8495863	-0.030351202
400	5.9828094e-05	-5.8495845	-0.030368875
400.64	6.1288689e-05	-5.8496187	-0.030261053
401.28	6.0569687e-05	-5.8496095	-0.030473683
401.92	6.0049588e-05	-5.8496428	-0.030371738
402.56	5.8946573e-05	-5.8496382	-0.030540509
403.2	5.9574956e-05	-5.8496439	-0.030452407
403.84	5.8963938e-05	-5.8495873	-0.030450726
404.48	5.9198097e-05	-5.8496192	-0.030408655
405.12	5.9944806e-05	-5.8496652	-0.030573088
405.76	6.1289509e-05	-5.8495725	-0.03042721
406.4	6.0527488e-05	-5.8495526	-0.030417826
407.04	6.0550536e-05	-5.8496133	-0.03031688
407.68	6.1047472e-05	-5.8495404	-0.030418141
408.32	5.8947426e-05	-5.8495861	-0.030270637
408.96	5.9544824e-05	-5.8496993	-0.030473723
409.6	5.9555394e-05	-5.8495835	-0.03047363
410.24	5.8826795e-05	-5.8495545	-0.030310801
410.88	5.9842471e-05	-5.8495638	-0.030576382
411.52	6.0218313e-05	-5.8495676	-0.030495046
412.16	6.097169e-05	-5.8496743	-0.030377437
412.8	6.0376979e-05	-5.8495943	-0.030440838
413.44	5.9561101e-05	-5.8496172	-0.030346539
414.08	5.9763476e-05	-5.8495812	-0.03039326
414.72	5.9218382e-05	-5.8496563	-0.030414486
415.36	5.8951205e-05	-5.8496244	-0.030397878
416	6.0335039e-05	-5.8495842	-0.030391341
416.64	5.9415456e-05	-5.8496108	-0.030380461
417.28	5.9524474e-05	-5.8495773	-0.030372665
417.92	6.0461924e-05	-5.8496142	-0.030354143
418.56	6.1633714e-05	-5.8496051	-0.030522714
419.2	6.1490195e-05	-5.8496187	-0.030317619
419.84	6.0174769e-05	-5.8495993	-0.030207695
420.48	6.0517352e-05	-5.8496239	-0.030333314
421.12	5.9813722e-05	-5.8496013	-0.030511289
421.76	5.8662812e-05	-5.8496476	-0.030455216
422.4	5.8999808e-05	-5.8495736	-0.030317901
423.04	5.907696e-05	-5.8496382	-0.030435838
423.68	5.9586303e-05	-5.8496144	-0.030349498
424.32	6.0109415e-05	-5.8496369	-0.030483228
424.96	6.0940718e-05	-5.8496787	-0.030451148
425.6	6.0294467e-05	-5.8495896	-0.030304317
426.24	5.9660086e-05	-5.8495989	-0.030312065
426.88	6.086756e-05	-5.8496292	-0.030541261
427.52	5.9455941e-05	-5.8496616	-0.030450973
428.16	5.8645343e-05	-5.8495685	-0.030279703
428.8	5.9311059e-05	-5.8496157	-0.030362147
429.44	5.9441335e-05	-5.849578	-0.030476984
430.08	5.9802138e-05	-5.8496655	-0.030490686
430.72	5.9848401e-05	-5.849683	-0.030412886
431.36	6.0998498e-05	-5.849595	-0.030579164
432	6.0184908e-05	-5.8496592	-0.030269861
432.64	6.0099403e-05	-5.8495809	-0.030434879
433.28	6.0110155e-05	-5.8496473	-0.030268108
433.92	5.9249284e-05	-5.8495918	-0.030386406
434.56	5.9843125e-05	-5.8495837	-0.030434263
435.2	5.9413709e-05	-5.8495925	-0.030372857
435.84	5.9744863e-05	-5.84962	-0.030249668
436.48	5.975912e-05	-5.8496838	-0.030411053
437.12	6.0985529e-05	-5.8496048	-0.030399763
437.76	6.165819e-05	-5.8495304	-0.030392404
438.4	6.1195052e-05	-5.8495999	-0.030446322
439.04	6.0069684e-05	-5.8496044	-0.030455865
439.68	6.0502145e-05	-5.8496386	-0.030301901
440.32	5.8492115e-05	-5.8496191	-0.030408998
440.96	5.9132329e-05	-5.8496203	-0.030343272
441.6	5.9230607e-05	-5.8496248	-0.030396644
442.24	5.9952422e-05	-5.8495967	-0.030226485
442.88	5.9783848e-05	-5.8495302	-0.030456204
443.52	6.0653501e-05	-5.8496695	-0.030339447
444.16	6.2260643e-05	-5.8496009	-0.030374107
444.8	6.0989388e-05	-5.8495858	-0.030373706
445.44	5.9131156e-05	-5.849557	-0.030173706
446.08	5.9954604e-05	-5.8496708	-0.030328576
446.72	5.918879e-05	-5.8495409	-0.030363927
447.36	5.9281996e-05	-5.8496204	-0.030467994
448	5.9318561e-05	-5.8496388	-0.030300118
448.64	5.9124502e-05	-5.849619	-0.030262562
449.28	6.0333073e-05	-5.8495538	-0.030329567
449.92	6.1147625e-05	-5.8496466	-0.030361927
450.56	6.0546889e-05	-5.8495758	-0.030347764
451.2	6.0255384e-05	-5.8495248	-0.030236492
451.84	6.0063105e-05	-5.8495908	-0.030340833
452.48	5.9282348e-05	-5.8496703	-0.030416125
453.12	5.8967344e-05	-5.8496012	-0.030279104
453.76	5.8594269e-05	-5.8495639	-0.030314221
454.4	5.9601363e-05	-5.8495923	-0.030351101
455.04	5.9087616e-05	-5.8496001	-0.030400403
455.68	6.0727096e-05	-5.8495866	-0.0303526
456.32	6.1126906e-05	-5.8495907	-0.030347803
456.96	6.0222848e-05	-5.8495663	-0.030334038
457.6	6.1059179e-05	-5.8496001	-0.030444387
458.24	5.9513032e-05	-5.8496369	-0.030576268
458.88	5.9562785e-05	-5.8496056	-0.030513635
459.52	5.9221164e-05	-5.8495318	-0.030273588
460.16	5.9197909e-05	-5.8496947	-0.03040528
460.8	6.0165649e-05	-5.8496114	-0.030302853
461.44	5.9596856e-05	-5.8495911	-0.030452461
462.08	6.0965245e-05	-5.8496006	-0.030519527
462.72	5.9332344e-05	-5.8496539	-0.030378109
463.36	6.1006231e-05	-5.849595	-0.030490385
464	6.1213127e-05	-5.8496284	-0.03030791
464.64	6.003003e-05	-5.8496051	-0.030244328
465.28	6.0463777e-05	-5.8496253	-0.030231421
465.92	5.865956e-05	-5.8495685	-0.03040935
466.56	5.8153994e-05	-5.8495774	-0.030266455
467.2	5.8937276e-05	-5.8496007	-0.030428105
467.84	6.025398e-05	-5.8495684	-0.030314378
468.48	5.9638749e-05	-5.8496735	-0.030308921
469.12	6.0241721e-05	-5.8496641	-0.030350601
469.76	6.1321859e-05	-5.8496372	-0.030332609
470.4	6.0473112e-05	-5.8497022	-0.030302343
471.04	5.848833e-05	-5.8496409	-0.030465208
471.68	5.8664246e-05	-5.8496004	-0.030283355
472.32	5.9363092e-05	-5.8496483	-0.030292472
472.96	5.9515132e-05	-5.8496903	-0.030307449
473.6	5.9322666e-05	-5.8496056	-0.030437644
474.24	6.0482512e-05	-5.8495916	-0.03030504
474.88	6.1406169e-05	-5.8495821	-0.030434902
475.52	6.1303039e-05	-5.8496464	-0.030493128
476.16	6.0578995e-05	-5.8495807	-0.030265724
476.8	5.9906804e-05	-5.8496134	-0.030341557
477.44	6.0045361e-05	-5.8495822	-0.030360164
478.08	5.9809152e-05	-5.8496343	-0.030312442
478.72	5.9390779e-05	-5.8496438	-0.030392644
479.36	5.8775155e-05	-5.8496011	-0.030344614
480	5.9435225e-05	-5.8496195	-0.030355077
480.64	5.9168938e-05	-5.849618	-0.030343641
481.28	6.0490062e-05	-5.8495717	-0.030359956
481.92	6.1273596e-05	-5.8495906	-0.03032817
482.56	6.0367992e-05	-5.8496597	-0.030298463
483.2	6.0681046e-05	-5.8496097	-0.030420602
483.84	5.9176089e-05	-5.8495025	-0.030293544
484.48	5.9654734e-05	-5.8496389	-0.030361193
485.12	5.8767671e-05	-5.8496059	-0.030468547
485.76	5.8565412e-05	-5.8495264	-0.030377599
486.4	5.8591304e-05	-5.8496278	-0.030378508
487.04	6.0177142e-05	-5.8496003	-0.030242322
487.68	6.1582421e-05	-5.8495821	-0.030352393
488.32	6.0881993e-05	-5.8495995	-0.030323568
488.96	6.1002753e-05	-5.8496418	-0.03012754
489.6	6.0732522e-05	-5.8496611	-0.030421652
490.24	5.9880404e-05	-5.8495405	-0.030544591
490.88	5.891377e-05	-5.849615	-0.030426806
491.52	5.9171233e-05	-5.8496203	-0.03042891
492.16	5.9829577e-05	-5.8495834	-0.030287796
492.8	5.9243215e-05	-5.8495213	-0.030400512
493.44	6.047847e-05	-5.8496004	-0.030351824
494.08	6.1975975e-05	-5.8496009	-0.030237881
494.72	6.094396e-05	-5.849632	-0.030263142
495.36	6.0070983e-05	-5.8495944	-0.030436426
496	6.0076453e-05	-5.8495443	-0.030418609
496.64	5.9453846e-05	-5.849624	-0.030304831
497.28	5.9675742e-05	-5.8496299	-0.03051502
497.92	5.854518e-05	-5.8495639	-0.030275734
498.56	5.9902244e-05	-5.8496019	-0.030544347
499.2	5.9574819e-05	-5.8496052	-0.030321193
499.84	6.0075741e-05	-5.8495533	-0.030311756
