0	2.1836728e-05	-5.8427944	-0.019348139
0.64	2.2269915e-05	-5.8428366	-0.019323652
1.28	2.2414657e-05	-5.8427991	-0.019291781
1.92	2.2530269e-05	-5.8428081	-0.01930872
2.56	2.2665781e-05	-5.8428218	-0.019322812
3.2	2.3233901e-05	-5.8428316	-0.019265937
3.84	2.2682849e-05	-5.842873	-0.0192656
4.48	2.2843072e-05	-5.8428457	-0.019335714
5.12	2.2008322e-05	-5.8428174	-0.019235942
5.76	2.2312522e-05	-5.8428506	-0.019361552
6.4	2.1954356e-05	-5.8428643	-0.019275625
7.04	2.2375506e-05	-5.8428413	-0.019326457
7.68	2.2564195e-05	-5.8428225	-0.019267205
8.32	2.2401963e-05	-5.8428358	-0.019323955
8.96	2.3122388e-05	-5.8428269	-0.019236945
9.6	2.3119071e-05	-5.8428268	-0.019353272
10.24	2.2816837e-05	-5.8427523	-0.019216068
10.88	2.2726644e-05	-5.8428317	-0.019343869
11.52	2.21694e-05	-5.8428409	-0.019291538
12.16	2.2280465e-05	-5.8428087	-0.019332936
12.8	2.1890769e-05	-5.8428317	-0.019142707
13.44	2.2132441e-05	-5.8428317	-0.019378127
14.08	2.2161656e-05	-5.8427801	-0.019343089
14.72	2.2858761e-05	-5.8428455	-0.01926281
15.36	2.2749622e-05	-5.8428544	-0.019360684
16	2.2690708e-05	-5.8428775	-0.019259541
16.64	2.272276e-05	-5.8428592	-0.019293488
17.28	2.2167568e-05	-5.8428359	-0.01925316
17.92	2.1898622e-05	-5.8427942	-0.019422928
18.56	2.2279894e-05	-5.8428599	-0.019248922
19.2	2.2426826e-05	-5.8427903	-0.019368262
19.84	2.2198007e-05	-5.8428038	-0.019331708
20.48	2.2490606e-05	-5.8427757	-0.019238238
21.12	2.272662e-05	-5.8428407	-0.019394734
21.76	2.2548011e-05	-5.8428635	-0.019315276
22.4	2.2677445e-05	-5.8428497	-0.019297897
23.04	2.2837454e-05	-5.8428175	-0.019324899
23.68	2.2245054e-05	-5.8429383	-0.019381479
24.32	2.2377082e-05	-5.842804	-0.019193066
24.96	2.2110162e-05	-5.8428226	-0.019382929
25.6	2.2262661e-05	-5.8428413	-0.019410547
26.24	2.2049751e-05	-5.8428594	-0.019239129
26.88	2.2500044e-05	-5.8428361	-0.019282738
27.52	2.2568428e-05	-5.8428591	-0.019351827
28.16	2.2700537e-05	-5.8427753	-0.019261318
28.8	2.2823213e-05	-5.8428312	-0.019361117
29.44	2.2671154e-05	-5.8428221	-0.019319245
30.08	2.2442402e-05	-5.8428456	-0.019365239
30.72	2.2280189e-05	-5.8428225	-0.019437866
31.36	2.1868775e-05	-5.8428921	-0.019307601
32	2.2560469e-05	-5.8427997	-0.019237916
32.64	2.2536456e-05	-5.8428598	-0.01927213
33.28	2.2833779e-05	-5.8428085	-0.019341981
33.92	2.2634444e-05	-5.842887	-0.019274544
34.56	2.3195311e-05	-5.8428129	-0.01944183
35.2	2.3016877e-05	-5.8428268	-0.019337013
35.84	2.2690523e-05	-5.8428454	-0.019417339
36.48	2.2358048e-05	-5.842813	-0.019272344
37.12	2.2266892e-05	-5.8428551	-0.019286109
37.76	2.2520635e-05	-5.8428788	-0.019378205
38.4	2.1793908e-05	-5.8427942	-0.01919649
39.04	2.2418001e-05	-5.8428085	-0.019332052
39.68	2.2936378e-05	-5.8428551	-0.019244583
40.32	2.2906692e-05	-5.8429198	-0.019386562
40.96	2.2859057e-05	-5.8428823	-0.019332266
41.6	2.2920096e-05	-5.8428314	-0.019324673
42.24	2.2502536e-05	-5.8427802	-0.019326779
42.88	2.2997925e-05	-5.8428881	-0.019434558
43.52	2.1997436e-05	-5.8428735	-0.01935
44.16	2.2043741e-05	-5.8428411	-0.019370126
44.8	2.1842826e-05	-5.8427849	-0.019242378
45.44	2.2170933e-05	-5.8428035	-0.019336595
46.08	2.254762e-05	-5.8428639	-0.019238936
46.72	2.294756e-05	-5.842836	-0.019233318
47.36	2.2892975e-05	-5.8428033	-0.019256121
48	2.2319735e-05	-5.8428355	-0.019254947
48.64	2.2332035e-05	-5.8428033	-0.019405842
49.28	2.247742e-05	-5.8428132	-0.019355778
49.92	2.204881e-05	-5.842841	-0.019253148
50.56	2.198812e-05	-5.8427945	-0.019216576
51.2	2.211985e-05	-5.842841	-0.019342789
51.84	2.2240229e-05	-5.84285	-0.019379005
52.48	2.2751618e-05	-5.8428873	-0.019580659
53.12	2.2503788e-05	-5.8428309	-0.019268411
53.76	2.3004332e-05	-5.8428174	-0.019275519
54.4	2.2756974e-05	-5.8428034	-0.019271238
55.04	2.2431423e-05	-5.8428407	-0.019295561
55.68	2.2150972e-05	-5.8428874	-0.019355304
56.32	2.2103421e-05	-5.8428411	-0.019236636
56.96	2.1747628e-05	-5.8428455	-0.019280474
57.6	2.2061231e-05	-5.8429106	-0.019367078
58.24	2.2612984e-05	-5.8427573	-0.019198013
58.88	2.2800285e-05	-5.8428129	-0.01928171
59.52	2.2761553e-05	-5.8428265	-0.019268682
60.16	2.2576721e-05	-5.8427798	-0.019330055
60.8	2.2790692e-05	-5.8428454	-0.019266264
61.44	2.2224899e-05	-5.8428732	-0.019236884
62.08	2.2459474e-05	-5.8427715	-0.019234855
62.72	2.2113658e-05	-5.8427574	-0.019362147
63.36	2.1852178e-05	-5.8428409	-0.019317022
64	2.2525108e-05	-5.8429064	-0.019340328
64.64	2.2545715e-05	-5.8428455	-0.019319537
65.28	2.2677028e-05	-5.8428406	-0.019313327
65.92	2.2927344e-05	-5.8428406	-0.019232316
66.56	2.2677571e-05	-5.8427799	-0.019290965
67.2	2.2899496e-05	-5.8428688	-0.019430201
67.84	2.2426877e-05	-5.8428548	-0.019378295
68.48	2.2730621e-05	-5.8428555	-0.019333654
69.12	2.2068452e-05	-5.8428272	-0.019280538
69.76	2.2085411e-05	-5.8428457	-0.019317515
70.4	2.2450135e-05	-5.8428551	-0.019317333
71.04	2.2585518e-05	-5.8428269	-0.01924858
71.68	2.2725419e-05	-5.8428127	-0.019275093
72.32	2.2486289e-05	-5.8428309	-0.019315739
72.96	2.2825975e-05	-5.8428173	-0.019360196
73.6	2.2583128e-05	-5.8428499	-0.019336491
74.24	2.2532095e-05	-5.8428224	-0.019295643
74.88	2.2550605e-05	-5.842781	-0.019221209
75.52	2.1941878e-05	-5.842841	-0.019296775
76.16	2.2279872e-05	-5.8428087	-0.019389279
76.8	2.2128829e-05	-5.8428175	-0.019226232
77.44	2.2577135e-05	-5.8428408	-0.019253604
78.08	2.2336611e-05	-5.842803	-0.019314395
78.72	2.2723816e-05	-5.8428497	-0.019333206
79.36	2.2556849e-05	-5.8427938	-0.01922679
80	2.2585655e-05	-5.8428407	-0.019269217
80.64	2.2499545e-05	-5.8428317	-0.01932768
81.28	2.206825e-05	-5.8427713	-0.019176249
81.92	2.2093028e-05	-5.8427714	-0.019324826
82.56	2.246741e-05	-5.8427902	-0.019309735
83.2	2.2212274e-05	-5.8428408	-0.019342471
83.84	2.2211224e-05	-5.8428171	-0.019307047
84.48	2.2802915e-05	-5.8428592	-0.019268549
85.12	2.3113478e-05	-5.8427896	-0.01928104
85.76	2.2724722e-05	-5.8428545	-0.019299105
86.4	2.2523098e-05	-5.8428593	-0.019353002
87.04	2.2361229e-05	-5.8427945	-0.019289875
87.68	2.2131602e-05	-5.8427806	-0.019277416
88.32	2.1673245e-05	-5.842864	-0.019312595
88.96	2.242659e-05	-5.842818	-0.019386309
89.6	2.2225752e-05	-5.8427849	-0.019337548
90.24	2.2763668e-05	-5.8429152	-0.019422421
90.88	2.2727974e-05	-5.8428963	-0.01932372
91.52	2.2997371e-05	-5.8427802	-0.019262815
92.16	2.2709887e-05	-5.8428127	-0.019273232
92.8	2.2539559e-05	-5.8428548	-0.019287044
93.44	2.2074135e-05	-5.8429059	-0.019184434
94.08	2.1871745e-05	-5.842813	-0.019367846
94.72	2.1968937e-05	-5.842869	-0.019325117
95.36	2.2441752e-05	-5.8428459	-0.01923871
96	2.2919174e-05	-5.8428553	-0.019312438
96.64	2.2182662e-05	-5.8428541	-0.019346105
97.28	2.281267e-05	-5.8428684	-0.019371617
97.92	2.2864154e-05	-5.842808	-0.019270928
98.56	2.2736583e-05	-5.8428685	-0.019322574
99.2	2.2562803e-05	-5.8428316	-0.019285445
99.84	2.2451116e-05	-5.8428366	-0.019374545
100.48	2.1874078e-05	-5.8428781	-0.019322207
101.12	2.2225856e-05	-5.8428878	-0.019330012
101.76	2.2157141e-05	-5.8428177	-0.019282754
102.4	2.2557914e-05	-5.842799	-0.019326003
103.04	2.2545216e-05	-5.84278	-0.019373843
103.68	2.3126447e-05	-5.8428082	-0.019179807
104.32	2.2610768e-05	-5.8428124	-0.019280531
104.96	2.2647693e-05	-5.8428639	-0.019161052
105.6	2.2441213e-05	-5.8428083	-0.019287329
106.24	2.2306914e-05	-5.8429016	-0.019332806
106.88	2.1861337e-05	-5.8428362	-0.019382447
107.52	2.2041739e-05	-5.8429062	-0.019437133
108.16	2.2493145e-05	-5.8428412	-0.01939158
108.8	2.3049395e-05	-5.8428599	-0.019241208
109.44	2.2689532e-05	-5.8428778	-0.019341898
110.08	2.2833057e-05	-5.8428963	-0.019372537
110.72	2.2855723e-05	-5.8427987	-0.019359058
111.36	2.2504985e-05	-5.8428592	-0.019228828
112	2.2792642e-05	-5.8428645	-0.019324514
112.64	2.2067415e-05	-5.8427107	-0.019226976
113.28	2.2043043e-05	-5.8427946	-0.019320297
113.92	2.2084515e-05	-5.8428271	-0.019333178
114.56	2.2749238e-05	-5.8428042	-0.019255794
115.2	2.2094098e-05	-5.8428403	-0.019325772
115.84	2.2425658e-05	-5.8427891	-0.019411134
116.48	2.2766586e-05	-5.8428544	-0.019251706
117.12	2.2963193e-05	-5.8428407	-0.019242727
117.76	2.2587337e-05	-5.8428128	-0.01928913
118.4	2.2540357e-05	-5.8427713	-0.019312141
119.04	2.1818115e-05	-5.8427896	-0.01931789
119.68	2.2666943e-05	-5.8428603	-0.019399245
120.32	2.1971934e-05	-5.8428502	-0.019366528
120.96	2.2212881e-05	-5.8429199	-0.019296519
121.6	2.2616878e-05	-5.8428641	-0.019377959
122.24	2.2653759e-05	-5.842887	-0.01937071
122.88	2.2809065e-05	-5.8427288	-0.019223993
123.52	2.2905429e-05	-5.8428546	-0.019282307
124.16	2.2511648e-05	-5.8428407	-0.019272191
124.8	2.2667144e-05	-5.842804	-0.019320534
125.44	2.2327849e-05	-5.8428227	-0.019340386
126.08	2.2390124e-05	-5.8428694	-0.019319802
126.72	2.2071401e-05	-5.8428317	-0.01933183
127.36	2.2850712e-05	-5.8427856	-0.019254919
128	2.2211283e-05	-5.8427984	-0.019366649
128.64	2.2875181e-05	-5.8427941	-0.019309141
129.28	2.2872288e-05	-5.8428219	-0.019327529
129.92	2.2622309e-05	-5.8427986	-0.019324362
130.56	2.2551608e-05	-5.8428827	-0.019296852
131.2	2.2422283e-05	-5.8428876	-0.019417655
131.84	2.2270062e-05	-5.8428366	-0.019182157
132.48	2.2561786e-05	-5.8428183	-0.019430845
133.12	2.2283201e-05	-5.8428132	-0.019396088
133.76	2.2371646e-05	-5.8427943	-0.019323853
134.4	2.2982662e-05	-5.8428875	-0.01931176
135.04	2.3014529e-05	-5.8427989	-0.019319385
135.68	2.3047449e-05	-5.8428221	-0.019241021
136.32	2.3050128e-05	-5.8428363	-0.019327924
136.96	2.2413735e-05	-5.8427896	-0.019346974
137.6	2.1944415e-05	-5.8428081	-0.01935121
138.24	2.240062e-05	-5.8428507	-0.019437147
138.88	2.2300262e-05	-5.8428134	-0.019320195
139.52	2.213988e-05	-5.8428875	-0.019355802
140.16	2.2392637e-05	-5.8428455	-0.019241696
140.8	2.307135e-05	-5.8428596	-0.019443021
141.44	2.2838612e-05	-5.8428777	-0.019299015
142.08	2.3005339e-05	-5.8427942	-0.019325822
142.72	2.2527241e-05	-5.8428172	-0.019327384
143.36	2.2373874e-05	-5.8427942	-0.019240181
144	2.2478936e-05	-5.8428087	-0.019350026
144.64	2.188354e-05	-5.8428177	-0.01933795
145.28	2.2030762e-05	-5.8428271	-0.019353565
145.92	2.21822e-05	-5.8428177	-0.019340179
146.56	2.2555186e-05	-5.8428827	-0.019254769
147.2	2.2853052e-05	-5.8428268	-0.019294412
147.84	2.2656343e-05	-5.8428124	-0.019331637
148.48	2.2664816e-05	-5.8427753	-0.019221046
149.12	2.2412933e-05	-5.8428265	-0.01923437
149.76	2.2306362e-05	-5.8428454	-0.019346909
150.4	2.2203254e-05	-5.8428038	-0.019258535
151.04	2.2388536e-05	-5.8428461	-0.019264535
151.68	2.1821953e-05	-5.8428269	-0.019302738
152.32	2.2407111e-05	-5.8428644	-0.019404258
152.96	2.2241315e-05	-5.8428731	-0.019346534
153.6	2.2423491e-05	-5.8427705	-0.01925034
154.24	2.2816556e-05	-5.842901	-0.019388341
154.88	2.2769814e-05	-5.8428824	-0.01926141
155.52	2.248927e-05	-5.842794	-0.019297183
156.16	2.2497909e-05	-5.8428317	-0.019359887
156.8	2.2208404e-05	-5.8428224	-0.019270627
157.44	2.2109652e-05	-5.8428411	-0.019259535
158.08	2.2123689e-05	-5.8428783	-0.019341802
158.72	2.2087512e-05	-5.8428268	-0.019316568
159.36	2.2499688e-05	-5.8428687	-0.019298478
160	2.2700766e-05	-5.8428452	-0.01946181
160.64	2.2895236e-05	-5.8428452	-0.019281124
161.28	2.2313947e-05	-5.8427936	-0.019262952
161.92	2.3042708e-05	-5.8428179	-0.019308798
162.56	2.2626987e-05	-5.8428551	-0.019274937
163.2	2.2372156e-05	-5.8428831	-0.019337122
163.84	2.1690229e-05	-5.8428082	-0.019425801
164.48	2.2281021e-05	-5.8428273	-0.019292754
165.12	2.2362092e-05	-5.8428503	-0.019386905
165.76	2.2154916e-05	-5.8428357	-0.019355028
166.4	2.2681202e-05	-5.8428079	-0.019338064
167.04	2.2890752e-05	-5.8428591	-0.019332254
167.68	2.288942e-05	-5.8428407	-0.019378642
168.32	2.2529712e-05	-5.8428732	-0.019295787
168.96	2.2222146e-05	-5.8428501	-0.019407804
169.6	2.2511384e-05	-5.8428601	-0.019315344
170.24	2.1923261e-05	-5.842855	-0.01943959
170.88	2.2256493e-05	-5.8428784	-0.019340841
171.52	2.2363225e-05	-5.842813	-0.019188612
172.16	2.2367833e-05	-5.8428637	-0.019283292
172.8	2.2682713e-05	-5.8427893	-0.019167034
173.44	2.2514812e-05	-5.8428029	-0.019348442
174.08	2.2602843e-05	-5.842859	-0.019298427
174.72	2.2513611e-05	-5.842864	-0.019340933
175.36	2.2340513e-05	-5.8428177	-0.019362141
176	2.2285013e-05	-5.8428413	-0.01929087
176.64	2.1999594e-05	-5.8427992	-0.019224793
177.28	2.1886465e-05	-5.8428268	-0.019309484
177.92	2.26078e-05	-5.8428365	-0.019383571
178.56	2.2579348e-05	-5.8427708	-0.01930832
179.2	2.2725663e-05	-5.8428171	-0.019288564
179.84	2.2954759e-05	-5.8428638	-0.019313279
180.48	2.2725537e-05	-5.8428266	-0.019226144
181.12	2.3001951e-05	-5.8428738	-0.019263669
181.76	2.2079469e-05	-5.8428315	-0.019422099
182.4	2.1959128e-05	-5.8428317	-0.019375254
183.04	2.2109401e-05	-5.8428458	-0.019312129
183.68	2.2457046e-05	-5.8428367	-0.019300615
184.32	2.2560785e-05	-5.842827	-0.019260791
184.96	2.2746555e-05	-5.8427523	-0.01925741
185.6	2.2899698e-05	-5.8428499	-0.019292148
186.24	2.2451622e-05	-5.8428215	-0.019273921
186.88	2.2913821e-05	-5.8428315	-0.019356607
187.52	2.2555571e-05	-5.8428967	-0.019368706
188.16	2.2319077e-05	-5.8428411	-0.019305199
188.8	2.2428959e-05	-5.8427996	-0.019385305
189.44	2.2314038e-05	-5.8428413	-0.019366057
190.08	2.2336655e-05	-5.8428551	-0.019368491
190.72	2.2295421e-05	-5.8428035	-0.019281808
191.36	2.2574996e-05	-5.8428452	-0.019345929
192	2.3031954e-05	-5.8429058	-0.01929405
192.64	2.2669049e-05	-5.842859	-0.019367389
193.28	2.3036088e-05	-5.8428736	-0.019401919
193.92	2.2264694e-05	-5.8427942	-0.019219541
194.56	2.2572952e-05	-5.8428135	-0.019375156
195.2	2.1958948e-05	-5.8428224	-0.01933468
195.84	2.2221149e-05	-5.8428412	-0.019305132
196.48	2.2496378e-05	-5.8428784	-0.019472339
197.12	2.2654312e-05	-5.8428177	-0.019296298
197.76	2.3002951e-05	-5.8428548	-0.019341158
198.4	2.2756812e-05	-5.8428172	-0.019231843
199.04	2.3024661e-05	-5.8428314	-0.019236673
199.68	2.291692e-05	-5.8427898	-0.019288761
200.32	2.2571472e-05	-5.8429248	-0.019264386
200.96	2.2427223e-05	-5.8428832	-0.019336917
201.6	2.2348051e-05	-5.8429158	-0.019317042
202.24	2.2305311e-05	-5.8428599	-0.019306929
202.88	2.2236113e-05	-5.8428083	-0.019346153
203.52	2.2810969e-05	-5.8427387	-0.019213113
204.16	2.245876e-05	-5.8428171	-0.019234475
204.8	2.2547765e-05	-5.8428216	-0.019202088
205.44	2.2834677e-05	-5.8428732	-0.019382961
206.08	2.2276167e-05	-5.8428543	-0.019313196
206.72	2.2202685e-05	-5.8428593	-0.019276318
207.36	2.2560798e-05	-5.8428554	-0.019305336
208	2.2150372e-05	-5.8428412	-0.019265076
208.64	2.2444197e-05	-5.8428274	-0.019335886
209.28	2.2289553e-05	-5.8428409	-0.019276425
209.92	2.2676229e-05	-5.8428269	-0.019266223
210.56	2.2753763e-05	-5.8428592	-0.019370947
211.2	2.2591009e-05	-5.8428077	-0.019377834
211.84	2.2983118e-05	-5.8427989	-0.019129769
212.48	2.270132e-05	-5.8428594	-0.019342197
213.12	2.2379121e-05	-5.8428642	-0.019345769
213.76	2.1989117e-05	-5.8427944	-0.019364276
214.4	2.1969475e-05	-5.8428224	-0.019324635
215.04	2.2259427e-05	-5.8428272	-0.019320191
215.68	2.2272674e-05	-5.8428269	-0.019321797
216.32	2.2499229e-05	-5.8428267	-0.019405595
216.96	2.2823101e-05	-5.8428313	-0.019225529
217.6	2.2869545e-05	-5.8428731	-0.019315315
218.24	2.300811e-05	-5.8427757	-0.019364662
218.88	2.2843772e-05	-5.8428689	-0.019315064
219.52	2.2194964e-05	-5.8428501	-0.019288966
220.16	2.2377032e-05	-5.842832	-0.01938152
220.8	2.2231585e-05	-5.8428506	-0.019279416
221.44	2.2083904e-05	-5.8428735	-0.019340894
222.08	2.2643968e-05	-5.8428505	-0.019329152
222.72	2.2282978e-05	-5.8428125	-0.019288914
223.36	2.2975961e-05	-5.8428454	-0.019282515
224	2.3101545e-05	-5.8428361	-0.019389178
224.64	2.2975906e-05	-5.8427571	-0.019303815
225.28	2.1994278e-05	-5.842803	-0.019305467
225.92	2.2236318e-05	-5.842827	-0.019200776
226.56	2.2454402e-05	-5.8428275	-0.019269715
227.2	2.2085396e-05	-5.8428551	-0.019316113
227.84	2.2256826e-05	-5.8428039	-0.019290595
228.48	2.2347284e-05	-5.842785	-0.019363259
229.12	2.2457326e-05	-5.84278	-0.019278546
229.76	2.2331344e-05	-5.8428493	-0.019343528
230.4	2.2907074e-05	-5.8428406	-0.019319802
231.04	2.267588e-05	-5.8428592	-0.019311936
231.68	2.2584976e-05	-5.8427711	-0.019315213
232.32	2.2302454e-05	-5.8428085	-0.019348738
232.96	2.1924655e-05	-5.8428224	-0.019200091
233.6	2.199204e-05	-5.8428271	-0.019360362
234.24	2.2038217e-05	-5.8428083	-0.019276907
234.88	2.1957171e-05	-5.8428868	-0.0193027
235.52	2.2579235e-05	-5.8428452	-0.019200777
236.16	2.2594539e-05	-5.8427705	-0.01934254
236.8	2.2609436e-05	-5.8428449	-0.019261426
237.44	2.2967427e-05	-5.8429107	-0.019429083
238.08	2.2437267e-05	-5.8428548	-0.019270963
238.72	2.2363684e-05	-5.8428319	-0.019360599
239.36	2.1887373e-05	-5.8428828	-0.019336585
240	2.1774318e-05	-5.8428176	-0.019285028
240.64	2.2353825e-05	-5.8428318	-0.019278986
241.28	2.2465696e-05	-5.8429059	-0.019305877
241.92	2.2360903e-05	-5.8428914	-0.019302898
242.56	2.2734449e-05	-5.8428543	-0.019310571
243.2	2.2795663e-05	-5.8427986	-0.01941546
243.84	2.2551951e-05	-5.8428406	-0.01936877
244.48	2.2594794e-05	-5.8428504	-0.019313281
245.12	2.1835688e-05	-5.8428779	-0.019360033
245.76	2.2219523e-05	-5.8428599	-0.019279131
246.4	2.2174981e-05	-5.8429202	-0.019222027
247.04	2.2045769e-05	-5.8428268	-0.019230408
247.68	2.222724e-05	-5.8427846	-0.01939737
248.32	2.2737829e-05	-5.8427987	-0.019362425
248.96	2.3188458e-05	-5.8428548	-0.019354345
249.6	2.2728951e-05	-5.8428544	-0.019311988
250.24	2.2611754e-05	-5.8427477	-0.019332144
250.88	2.2626309e-05	-5.842883	-0.019286984
251.52	2.225845e-05	-5.8428458	-0.019219394
252.16	2.2065184e-05	-5.8428179	-0.01931585
252.8	2.2095612e-05	-5.8428411	-0.019323037
253.44	2.2267187e-05	-5.842799	-0.019338023
254.08	2.2775632e-05	-5.8428363	-0.019322164
254.72	2.2694037e-05	-5.8428591	-0.019251715
255.36	2.3002808e-05	-5.8428639	-0.019322548
256	2.2389217e-05	-5.8428541	-0.019331013
256.64	2.2250347e-05	-5.8428218	-0.019284173
257.28	2.2129169e-05	-5.842864	-0.019373936
257.92	2.221122e-05	-5.8428644	-0.019314763
258.56	2.2318674e-05	-5.84286	-0.019356257
259.2	2.1960501e-05	-5.8427898	-0.019271339
259.84	2.2400677e-05	-5.8428735	-0.019239834
260.48	2.2505508e-05	-5.8428127	-0.019237237
261.12	2.2566647e-05	-5.8428171	-0.019381169
261.76	2.2734126e-05	-5.8428683	-0.019251517
262.4	2.2521941e-05	-5.8428171	-0.019308415
263.04	2.236271e-05	-5.8428592	-0.019361389
263.68	2.1853712e-05	-5.842794	-0.01934273
264.32	2.219791e-05	-5.8428458	-0.019247713
264.96	2.2068346e-05	-5.8428458	-0.019331068
265.6	2.2305388e-05	-5.8428319	-0.01933918
266.24	2.2197849e-05	-5.8428268	-0.019189443
266.88	2.2691185e-05	-5.8428407	-0.01944558
267.52	2.2877138e-05	-5.8428173	-0.019198476
268.16	2.2583665e-05	-5.8428309	-0.019324646
268.8	2.2920861e-05	-5.8428082	-0.019252278
269.44	2.2752935e-05	-5.8428643	-0.019215649
270.08	2.2492133e-05	-5.8428784	-0.019386269
270.72	2.2254309e-05	-5.8427994	-0.01937982
271.36	2.1843882e-05	-5.8428363	-0.019344649
272	2.2286145e-05	-5.8428737	-0.019347006
272.64	2.2734717e-05	-5.8428039	-0.019293744
273.28	2.2654222e-05	-5.8427662	-0.019316613
273.92	2.3063817e-05	-5.84285	-0.01933583
274.56	2.3000472e-05	-5.8427988	-0.019354726
275.2	2.261051e-05	-5.8427847	-0.019319476
275.84	2.2422895e-05	-5.8428686	-0.019263353
276.48	2.2211342e-05	-5.842827	-0.019288475
277.12	2.2337518e-05	-5.8427902	-0.019342413
277.76	2.2158774e-05	-5.8427947	-0.019228711
278.4	2.2054539e-05	-5.8428734	-0.019368135
279.04	2.2276382e-05	-5.8428174	-0.019338515
279.68	2.2759868e-05	-5.8428593	-0.019266373
280.32	2.2617547e-05	-5.8428124	-0.019317712
280.96	2.2707714e-05	-5.8428497	-0.019285204
281.6	2.2892815e-05	-5.8428409	-0.019232444
282.24	2.2528853e-05	-5.8427805	-0.019278981
282.88	2.2168822e-05	-5.8428363	-0.019345985
283.52	2.2035826e-05	-5.8428271	-0.019229616
284.16	2.183068e-05	-5.8428594	-0.019343929
284.8	2.2306017e-05	-5.8428317	-0.019311119
285.44	2.24358e-05	-5.8428035	-0.019305597
286.08	2.270191e-05	-5.8428313	-0.019369229
286.72	2.3229384e-05	-5.8428176	-0.019244432
287.36	2.2484975e-05	-5.8428495	-0.019398798
288	2.2395894e-05	-5.842873	-0.019356606
288.64	2.2551878e-05	-5.842827	-0.019340305
289.28	2.1969798e-05	-5.8428547	-0.019221222
289.92	2.2198006e-05	-5.8428784	-0.019247439
290.56	2.2269142e-05	-5.8427901	-0.019300469
291.2	2.2286975e-05	-5.8428875	-0.019411684
291.84	2.2596809e-05	-5.842813	-0.01931176
292.48	2.23539e-05	-5.842831	-0.019246251
293.12	2.2793421e-05	-5.8428451	-0.019403096
293.76	2.2587153e-05	-5.8428636	-0.019324098
294.4	2.2376211e-05	-5.8428172	-0.019354841
295.04	2.2477892e-05	-5.8428224	-0.019242274
295.68	2.244832e-05	-5.8428506	-0.019287474
296.32	2.2404665e-05	-5.8428972	-0.019312016
296.96	2.2612253e-05	-5.8428788	-0.019321923
297.6	2.2361019e-05	-5.8428457	-0.019318327
298.24	2.2518107e-05	-5.8428036	-0.019260624
298.88	2.2349474e-05	-5.8428774	-0.019311469
299.52	2.3056952e-05	-5.8428873	-0.019321238
300.16	2.26201e-05	-5.8428729	-0.019363919
300.8	2.2696863e-05	-5.8429012	-0.019302955
301.44	2.3002512e-05	-5.8428694	-0.019240476
302.08	2.2060039e-05	-5.842813	-0.019332178
302.72	2.2209595e-05	-5.8428087	-0.019309991
303.36	2.2141986e-05	-5.8428225	-0.019304355
304	2.2345281e-05	-5.8428643	-0.019265109
304.64	2.228268e-05	-5.8428498	-0.019326924
305.28	2.2832821e-05	-5.8428546	-0.01934728
305.92	2.2817368e-05	-5.8428312	-0.0193348
306.56	2.2749526e-05	-5.8427615	-0.019320837
307.2	2.2331797e-05	-5.8428265	-0.019301573
307.84	2.2004263e-05	-5.8427801	-0.019210654
308.48	2.2240697e-05	-5.8428411	-0.01926047
309.12	2.236206e-05	-5.8428274	-0.019446349
309.76	2.214866e-05	-5.8427946	-0.019244561
310.4	2.2288759e-05	-5.8428409	-0.01925853
311.04	2.2389599e-05	-5.8428359	-0.019286737
311.68	2.2973194e-05	-5.8428361	-0.019261366
312.32	2.2769702e-05	-5.8428172	-0.019368274
312.96	2.2492167e-05	-5.8428728	-0.019332988
313.6	2.3014194e-05	-5.8428272	-0.019294829
314.24	2.199057e-05	-5.8428406	-0.019263962
314.88	2.206063e-05	-5.8428271	-0.019262077
315.52	2.2183591e-05	-5.8427994	-0.019330364
316.16	2.2355578e-05	-5.8427948	-0.019399562
316.8	2.204638e-05	-5.8428034	-0.019230335
317.44	2.2615671e-05	-5.8427663	-0.019223089
318.08	2.2783882e-05	-5.8428498	-0.019264702
318.72	2.2263847e-05	-5.8428352	-0.019343383
319.36	2.3018334e-05	-5.8428548	-0.019319611
320	2.2721921e-05	-5.8428596	-0.01931826
320.64	2.2568535e-05	-5.8428878	-0.01947254
321.28	2.1912846e-05	-5.8428223	-0.019228147
321.92	2.2119864e-05	-5.8427947	-0.019349836
322.56	2.2501149e-05	-5.8428181	-0.019242434
323.2	2.2442284e-05	-5.842799	-0.019297262
323.84	2.2573385e-05	-5.8427475	-0.019247365
324.48	2.2717533e-05	-5.8428962	-0.01939783
325.12	2.2721037e-05	-5.8428915	-0.01937927
325.76	2.2701768e-05	-5.8428452	-0.019284651
326.4	2.2438311e-05	-5.8428268	-0.019275604
327.04	2.2041556e-05	-5.8428315	-0.019282709
327.68	2.2046281e-05	-5.8428318	-0.019418742
328.32	2.187606e-05	-5.8428782	-0.019328276
328.96	2.2621741e-05	-5.8428554	-0.019300277
329.6	2.2608328e-05	-5.8428968	-0.01929021
330.24	2.2769096e-05	-5.842836	-0.019300522
330.88	2.2585562e-05	-5.8428681	-0.019377094
331.52	2.2880837e-05	-5.8428173	-0.019280655
332.16	2.2764041e-05	-5.8427942	-0.019270122
332.8	2.2647233e-05	-5.8428504	-0.019338286
333.44	2.2042219e-05	-5.842799	-0.019396661
334.08	2.2225693e-05	-5.8428692	-0.019297382
334.72	2.1933656e-05	-5.8428549	-0.019314658
335.36	2.2342954e-05	-5.8428783	-0.019283666
336	2.2456429e-05	-5.8428733	-0.019238999
336.64	2.2590406e-05	-5.8428404	-0.019351665
337.28	2.2896191e-05	-5.8428731	-0.019303206
337.92	2.3036892e-05	-5.8428733	-0.019375655
338.56	2.2511668e-05	-5.8428545	-0.019357888
339.2	2.1857018e-05	-5.8427753	-0.019362347
339.84	2.2081213e-05	-5.8428131	-0.019296359
340.48	2.2214758e-05	-5.8428134	-0.019428403
341.12	2.2370746e-05	-5.8428693	-0.019353435
341.76	2.240234e-05	-5.8427713	-0.019279273
342.4	2.2717984e-05	-5.8428176	-0.019290443
343.04	2.2721374e-05	-5.8428777	-0.019373562
343.68	2.282154e-05	-5.8428312	-0.019366476
344.32	2.2401531e-05	-5.8428495	-0.019258971
344.96	2.2507431e-05	-5.842822	-0.019247001
345.6	2.218408e-05	-5.8428965	-0.019277712
346.24	2.1940101e-05	-5.8428315	-0.019361064
346.88	2.2704719e-05	-5.8428278	-0.019308426
347.52	2.2472048e-05	-5.8428228	-0.019361255
348.16	2.2471848e-05	-5.8428086	-0.019257286
348.8	2.2638107e-05	-5.8428222	-0.019362798
349.44	2.3037981e-05	-5.8428501	-0.019292452
350.08	2.2868104e-05	-5.8427847	-0.019280284
350.72	2.28973e-05	-5.8428546	-0.019356905
351.36	2.2645273e-05	-5.8428687	-0.019312034
352	2.2178544e-05	-5.8428454	-0.019396082
352.64	2.2281122e-05	-5.8428412	-0.019265421
353.28	2.2577636e-05	-5.8428323	-0.019344771
353.92	2.2183054e-05	-5.8428644	-0.019300042
354.56	2.2106554e-05	-5.8428406	-0.019410432
355.2	2.2750409e-05	-5.8428315	-0.019251162
355.84	2.279921e-05	-5.8427661	-0.019242264
356.48	2.2799826e-05	-5.8428405	-0.019208236
357.12	2.2525767e-05	-5.8428636	-0.019353871
357.76	2.2520962e-05	-5.84285	-0.019290079
358.4	2.2134978e-05	-5.8428408	-0.019314934
359.04	2.2067265e-05	-5.8428271	-0.019266249
359.68	2.2148803e-05	-5.842804	-0.019311206
360.32	2.23885e-05	-5.842846	-0.019398988
360.96	2.2311375e-05	-5.8428548	-0.019338149
361.6	2.2976719e-05	-5.8428271	-0.019325899
362.24	2.2840093e-05	-5.8428266	-0.01934598
362.88	2.3000135e-05	-5.8428127	-0.019337916
363.52	2.277288e-05	-5.8428034	-0.019258219
364.16	2.2692353e-05	-5.8428968	-0.019317407
364.8	2.2109312e-05	-5.8428176	-0.019347207
365.44	2.2324273e-05	-5.8427995	-0.01934845
366.08	2.1739693e-05	-5.8428827	-0.019349001
366.72	2.2515363e-05	-5.8428553	-0.019299254
367.36	2.2617245e-05	-5.842841	-0.019350561
368	2.2680006e-05	-5.8428778	-0.019372457
368.64	2.2595816e-05	-5.8428263	-0.019409042
369.28	2.2453023e-05	-5.8427796	-0.019200146
369.92	2.2526479e-05	-5.8428358	-0.019308921
370.56	2.2248459e-05	-5.8428313	-0.019296583
371.2	2.2443227e-05	-5.8428691	-0.019312711
371.84	2.2271807e-05	-5.8427437	-0.01925972
372.48	2.1942793e-05	-5.8427945	-0.019382462
373.12	2.225733e-05	-5.842855	-0.019336086
373.76	2.2435406e-05	-5.8428501	-0.019366615
374.4	2.2487891e-05	-5.8428078	-0.01925622
375.04	2.2736149e-05	-5.8428869	-0.019303157
375.68	2.276258e-05	-5.8428079	-0.019310684
376.32	2.2529762e-05	-5.8428033	-0.019288612
376.96	2.2424164e-05	-5.8428688	-0.019404229
377.6	2.2220986e-05	-5.8428086	-0.019355645
378.24	2.2011023e-05	-5.8428132	-0.019272852
378.88	2.2056889e-05	-5.8429062	-0.019383515
379.52	2.2351536e-05	-5.8427806	-0.019331442
380.16	2.2296721e-05	-5.8428405	-0.019349306
380.8	2.2889271e-05	-5.8427988	-0.019274686
381.44	2.2731658e-05	-5.8428264	-0.019337563
382.08	2.2804282e-05	-5.8427847	-0.019229602
382.72	2.245093e-05	-5.8428405	-0.019197517
383.36	2.2676901e-05	-5.8427854	-0.01925922
384	2.2340895e-05	-5.8428273	-0.019389778
384.64	2.1999027e-05	-5.842855	-0.019264094
385.28	2.2037143e-05	-5.8428782	-0.019343155
385.92	2.1927439e-05	-5.8427847	-0.019258815
386.56	2.2300113e-05	-5.8428498	-0.01923429
387.2	2.2941845e-05	-5.842864	-0.019263059
387.84	2.2635122e-05	-5.8428588	-0.019216332
388.48	2.2863183e-05	-5.8428127	-0.019266671
389.12	2.2515139e-05	-5.8427802	-0.019301202
389.76	2.2144084e-05	-5.8428036	-0.01931138
390.4	2.216982e-05	-5.84279	-0.019299284
391.04	2.1836811e-05	-5.8428595	-0.019335241
391.68	2.2340409e-05	-5.8428924	-0.019305758
392.32	2.2502462e-05	-5.8428503	-0.019391293
392.96	2.2791976e-05	-5.8428176	-0.019266035
393.6	2.2369199e-05	-5.8428029	-0.019358443
394.24	2.2736696e-05	-5.8428218	-0.019486072
394.88	2.2425405e-05	-5.8428542	-0.019329052
395.52	2.2506018e-05	-5.8427989	-0.019357275
396.16	2.2294118e-05	-5.8427898	-0.019258936
396.8	2.2194629e-05	-5.8428319	-0.019270814
397.44	2.1994475e-05	-5.8427899	-0.019251422
398.08	2.2241255e-05	-5.8428086	-0.0193244
398.72	2.2199899e-05	-5.8427942	-0.019401303
399.36	2.2606932e-05	-5.8427941	-0.019328658
400	2.2470345e-05	-5.8428727	-0.019388751
400.64	2.2674586e-05	-5.8427984	-0.019251214
401.28	2.2553101e-05	-5.8428357	-0.019264358
401.92	2.2355945e-05	-5.8428081	-0.019302567
402.56	2.2178667e-05	-5.8428874	-0.019322589
403.2	2.1976578e-05	-5.8428178	-0.019266083
403.84	2.1828017e-05	-5.8428316	-0.01928088
404.48	2.2193827e-05	-5.8428503	-0.019315434
405.12	2.2714556e-05	-5.8428039	-0.019324816
405.76	2.2747963e-05	-5.8429012	-0.019406388
406.4	2.2869676e-05	-5.8428126	-0.019319179
407.04	2.3099833e-05	-5.8428547	-0.01925002
407.68	2.2557475e-05	-5.842873	-0.01945819
408.32	2.2214185e-05	-5.8428266	-0.019349703
408.96	2.2030133e-05	-5.8427571	-0.01930527
409.6	2.2010401e-05	-5.8428318	-0.019163434
410.24	2.2460063e-05	-5.842902	-0.019332974
410.88	2.2132254e-05	-5.8428689	-0.01935771
411.52	2.2209919e-05	-5.842808	-0.019410328
412.16	2.2098143e-05	-5.8428586	-0.019345587
412.8	2.2733939e-05	-5.8427985	-0.019263606
413.44	2.3085568e-05	-5.8428314	-0.019294081
414.08	2.2661928e-05	-5.8428267	-0.019383621
414.72	2.2640542e-05	-5.8428271	-0.019197799
415.36	2.2318118e-05	-5.8428179	-0.019250756
416	2.19615e-05	-5.8428504	-0.019339404
416.64	2.1898645e-05	-5.842813	-0.019273657
417.28	2.2462893e-05	-5.8428179	-0.019287531
417.92	2.2559526e-05	-5.8428408	-0.019388496
418.56	2.2762758e-05	-5.8427848	-0.019228791
419.2	2.2805846e-05	-5.8428544	-0.019350099
419.84	2.2948973e-05	-5.8427895	-0.019336496
420.48	2.2851648e-05	-5.8429153	-0.019277368
421.12	2.2648524e-05	-5.842883	-0.019305426
421.76	2.2075963e-05	-5.8428177	-0.01938056
422.4	2.2154451e-05	-5.8427668	-0.01923381
423.04	2.2085734e-05	-5.8428318	-0.019395878
423.68	2.2275468e-05	-5.842827	-0.019203433
424.32	2.2488928e-05	-5.8427988	-0.019348981
424.96	2.2873783e-05	-5.8428593	-0.019302537
425.6	2.2888595e-05	-5.8428777	-0.019285354
426.24	2.2941867e-05	-5.8428918	-0.019329892
426.88	2.2337592e-05	-5.8428358	-0.019233666
427.52	2.267255e-05	-5.8428412	-0.019320583
428.16	2.1765741e-05	-5.8428268	-0.019358511
428.8	2.2253171e-05	-5.8428181	-0.019403178
429.44	2.2089902e-05	-5.8428318	-0.019310155
430.08	2.2412602e-05	-5.8428085	-0.019276653
430.72	2.2483477e-05	-5.8428685	-0.019272947
431.36	2.2986612e-05	-5.842864	-0.019275897
432	2.309125e-05	-5.8428128	-0.019354715
432.64	2.3196876e-05	-5.8428084	-0.019302822
433.28	2.2240678e-05	-5.8428915	-0.019366591
433.92	2.2270954e-05	-5.8428409	-0.019314094
434.56	2.2066593e-05	-5.8428178	-0.019209325
435.2	2.2112542e-05	-5.8428366	-0.019400407
435.84	2.2163109e-05	-5.8428737	-0.019304455
436.48	2.2663562e-05	-5.842897	-0.019344133
437.12	2.2444825e-05	-5.8427847	-0.019261681
437.76	2.2898609e-05	-5.8427755	-0.01931402
438.4	2.2438803e-05	-5.8428028	-0.019255971
439.04	2.2488133e-05	-5.8428356	-0.019332611
439.68	2.2487902e-05	-5.8428081	-0.019251608
440.32	2.264213e-05	-5.8428459	-0.019350238
440.96	2.2258339e-05	-5.8428134	-0.019225344
441.6	2.2563199e-05	-5.8428975	-0.019396579
442.24	2.2097735e-05	-5.8428317	-0.019424419
442.88	2.2510428e-05	-5.8428178	-0.019313296
443.52	2.2386329e-05	-5.8428079	-0.019250509
444.16	2.2736347e-05	-5.8428544	-0.019384676
444.8	2.3297487e-05	-5.8428734	-0.019315072
445.44	2.2896243e-05	-5.8428454	-0.019224967
446.08	2.2403941e-05	-5.8428127	-0.019325829
446.72	2.2365149e-05	-5.8428457	-0.019305627
447.36	2.2097127e-05	-5.8428133	-0.019263111
448	2.2102799e-05	-5.8428552	-0.019259541
448.64	2.2345143e-05	-5.8428041	-0.019277279
449.28	2.2318829e-05	-5.8427989	-0.019311123
449.92	2.2499571e-05	-5.8428218	-0.019361967
450.56	2.2904644e-05	-5.8428126	-0.01927511
451.2	2.2822667e-05	-5.8428218	-0.019263199
451.84	2.2681349e-05	-5.8428871	-0.019214166
452.48	2.2549914e-05	-5.8428409	-0.019343398
453.12	2.2335704e-05	-5.8428411	-0.019349378
453.76	2.2192198e-05	-5.8428506	-0.019324342
454.4	2.199496e-05	-5.8428318	-0.019367682
455.04	2.2025565e-05	-5.8428362	-0.01941826
455.68	2.189282e-05	-5.8428449	-0.01933424
456.32	2.3180628e-05	-5.8428643	-0.019376057
456.96	2.2622457e-05	-5.8428077	-0.019236854
457.6	2.2538139e-05	-5.8428913	-0.019275876
458.24	2.2590298e-05	-5.8428219	-0.019224567
458.88	2.2231368e-05	-5.8428081	-0.019292797
459.52	2.2231182e-05	-5.8428132	-0.019312805
460.16	2.2192768e-05	-5.842846	-0.019343637
460.8	2.1898224e-05	-5.8428596	-0.019399801
461.44	2.2081536e-05	-5.8428548	-0.019189028
462.08	2.2180208e-05	-5.8427893	-0.019300658
462.72	2.2868184e-05	-5.8428267	-0.01927332
463.36	2.2801559e-05	-5.8428636	-0.019269858
464	2.2791509e-05	-5.8428404	-0.019365141
464.64	2.2714227e-05	-5.8428547	-0.019281017
465.28	2.2458464e-05	-5.8428317	-0.019292556
465.92	2.2193291e-05	-5.8428551	-0.019325872
466.56	2.1863631e-05	-5.8428642	-0.019307116
467.2	2.1948927e-05	-5.8428224	-0.019343643
467.84	2.2231163e-05	-5.842827	-0.019344677
468.48	2.2499888e-05	-5.8428733	-0.019317088
469.12	2.2748401e-05	-5.8428126	-0.019242974
469.76	2.2597677e-05	-5.8428588	-0.01929469
470.4	2.3147972e-05	-5.8428734	-0.019318446
471.04	2.2422594e-05	-5.8428684	-0.019206746
471.68	2.2474665e-05	-5.8428318	-0.019395155
472.32	2.1897523e-05	-5.8427944	-0.019302415
472.96	2.2080273e-05	-5.842804	-0.019257382
473.6	2.1712408e-05	-5.8428547	-0.019398845
474.24	2.2374979e-05	-5.8428131	-0.019247603
474.88	2.2471908e-05	-5.8428545	-0.019248846
475.52	2.3094065e-05	-5.8428315	-0.019343962
476.16	2.2927613e-05	-5.8428405	-0.019363489
476.8	2.259522e-05	-5.8428497	-0.019304261
477.44	2.24906e-05	-5.8428221	-0.019316836
478.08	2.2736866e-05	-5.8428553	-0.019234937
478.72	2.2066216e-05	-5.8428644	-0.019323635
479.36	2.1891088e-05	-5.842841	-0.019312874
480	2.2202203e-05	-5.8428086	-0.019219002
480.64	2.2582458e-05	-5.8427946	-0.019344668
481.28	2.2835498e-05	-5.8428548	-0.019289058
481.92	2.2552493e-05	-5.8428123	-0.019364054
482.56	2.2837027e-05	-5.8428125	-0.019275151
483.2	2.3065993e-05	-5.8427478	-0.019279273
483.84	2.2426721e-05	-5.8428639	-0.01935499
484.48	2.1939952e-05	-5.8428686	-0.019273246
485.12	2.2194091e-05	-5.842832	-0.019221578
485.76	2.1896868e-05	-5.8428875	-0.019328085
486.4	2.2279327e-05	-5.8427621	-0.019259432
487.04	2.2267906e-05	-5.8427756	-0.01937334
487.68	2.2405002e-05	-5.8427706	-0.019311859
488.32	2.2949764e-05	-5.8427987	-0.019271114
488.96	2.2943627e-05	-5.8428452	-0.019275655
489.6	2.3056955e-05	-5.8428083	-0.019344972
490.24	2.2754015e-05	-5.8428968	-0.019262682
490.88	2.2236978e-05	-5.8428363	-0.019299635
491.52	2.2505978e-05	-5.8428555	-0.019311783
492.16	2.1579332e-05	-5.8428267	-0.019320184
492.8	2.2364596e-05	-5.8428366	-0.019277515
493.44	2.2427213e-05	-5.842892	-0.019322401
494.08	2.2485544e-05	-5.8428637	-0.019236599
494.72	2.2873876e-05	-5.8429242	-0.019249845
495.36	2.2754643e-05	-5.8427845	-0.019313392
496	2.2511024e-05	-5.8428357	-0.019337294
496.64	2.2677633e-05	-5.8428503	-0.01929852
497.28	2.212102e-05	-5.8427991	-0.019320665
497.92	2.2178225e-05	-5.8428646	-0.019280341
498.56	2.2044911e-05	-5.8427947	-0.019271258
499.2	2.2273323e-05	-5.8428783	-0.019343194
499.84	2.2770765e-05	-5.8428178	-0.019406598
