0	2.9365888e-05	-5.8435825	-0.0050865935
0.64	2.9471434e-05	-5.8435685	-0.0051585971
1.28	2.978602e-05	-5.8435311	-0.0051616682
1.92	2.965019e-05	-5.8435396	-0.0051742326
2.56	3.0336228e-05	-5.8435584	-0.0051544235
3.2	3.0730436e-05	-5.8435865	-0.0051628832
3.84	3.0031476e-05	-5.843586	-0.005204768
4.48	2.9659256e-05	-5.8435537	-0.0050659456
5.12	3.0065273e-05	-5.8436059	-0.0051860049
5.76	2.9461606e-05	-5.8435546	-0.0052380134
6.4	2.932143e-05	-5.8435732	-0.0051583971
7.04	2.9626751e-05	-5.8435547	-0.0051714947
7.68	3.0227213e-05	-5.843564	-0.0051438064
8.32	3.0133728e-05	-5.8435865	-0.00509971
8.96	3.0629269e-05	-5.8435865	-0.0050806015
9.6	3.1059452e-05	-5.8435636	-0.0050731864
10.24	2.9958135e-05	-5.8435581	-0.0051419297
10.88	3.0410781e-05	-5.8436056	-0.0051158653
11.52	2.933748e-05	-5.8435913	-0.0050684562
12.16	2.9046891e-05	-5.843624	-0.0051447476
12.8	2.9659389e-05	-5.8435781	-0.0052573333
13.44	2.9393389e-05	-5.8436102	-0.0051645653
14.08	3.0286767e-05	-5.8435826	-0.0051848622
14.72	3.0150583e-05	-5.8435958	-0.0052441617
15.36	3.0733326e-05	-5.843554	-0.0051703376
16	3.0220725e-05	-5.8436372	-0.0050756532
16.64	3.0073124e-05	-5.8435769	-0.0051638972
17.28	3.0246784e-05	-5.843587	-0.0051757688
17.92	2.9493847e-05	-5.8436333	-0.0051840748
18.56	2.9513226e-05	-5.84355	-0.0051640126
19.2	2.922357e-05	-5.8435265	-0.0050768886
19.84	2.9430524e-05	-5.843559	-0.0051964476
20.48	2.950828e-05	-5.8436468	-0.005268972
21.12	3.0094666e-05	-5.8436189	-0.0051635721
21.76	3.0319872e-05	-5.8435955	-0.0051554937
22.4	3.077421e-05	-5.8436192	-0.0051385163
23.04	3.0442373e-05	-5.8435867	-0.0051518631
23.68	3.0023418e-05	-5.8435822	-0.0051922163
24.32	2.9377561e-05	-5.8435217	-0.0050891154
24.96	2.9550423e-05	-5.8435501	-0.0050951854
25.6	2.9529372e-05	-5.8435966	-0.0052358214
26.24	2.9621831e-05	-5.8436335	-0.0051525242
26.88	3.0158036e-05	-5.8436892	-0.0051083368
27.52	3.0181677e-05	-5.8435491	-0.0051994616
28.16	3.0941352e-05	-5.8435728	-0.0051338454
28.8	3.0984094e-05	-5.8435822	-0.0051916155
29.44	2.9596379e-05	-5.8435999	-0.0050825541
30.08	2.9833694e-05	-5.843652	-0.0051140424
30.72	2.9321282e-05	-5.8436567	-0.0052504288
31.36	2.9549312e-05	-5.8435873	-0.0051168899
32	2.9324361e-05	-5.8435451	-0.0050408952
32.64	2.9289174e-05	-5.8435772	-0.0052828016
33.28	3.0294457e-05	-5.8435032	-0.0052198762
33.92	3.0723031e-05	-5.8435449	-0.005178651
34.56	3.0151625e-05	-5.843558	-0.0052450121
35.2	3.0695724e-05	-5.8436192	-0.0052688978
35.84	2.9475766e-05	-5.8436138	-0.0052175683
36.48	3.0094243e-05	-5.8436104	-0.0051981666
37.12	2.9601383e-05	-5.8436383	-0.0051985376
37.76	2.8932577e-05	-5.8435961	-0.005160066
38.4	2.9274331e-05	-5.8436056	-0.0051267711
39.04	2.9378881e-05	-5.8436284	-0.0051905646
39.68	2.9956588e-05	-5.8435912	-0.0051214231
40.32	3.0470565e-05	-5.8435725	-0.0051464371
40.96	3.0371067e-05	-5.8435861	-0.0051717824
41.6	3.0675381e-05	-5.8435587	-0.0051947108
42.24	3.0448467e-05	-5.8436241	-0.0050889693
42.88	2.9930079e-05	-5.8436475	-0.0053171288
43.52	2.9426879e-05	-5.8435545	-0.0051085352
44.16	2.9119557e-05	-5.8436102	-0.0051335272
44.8	2.9442867e-05	-5.8436289	-0.0051827945
45.44	2.9519529e-05	-5.8436192	-0.0051648464
46.08	2.9859314e-05	-5.8435445	-0.0050584302
46.72	3.0632937e-05	-5.8436006	-0.0051195881
47.36	3.0226538e-05	-5.8436419	-0.0052281539
48	3.0367664e-05	-5.843591	-0.0051953477
48.64	3.0031612e-05	-5.8435401	-0.0051063097
49.28	2.9248203e-05	-5.8435353	-0.0053489186
49.92	2.9950358e-05	-5.8436201	-0.0053032853
50.56	2.9472894e-05	-5.843564	-0.0052563241
51.2	3.0010145e-05	-5.8435828	-0.0052097908
51.84	3.0237091e-05	-5.843629	-0.0053072366
52.48	3.0191142e-05	-5.8436191	-0.005259089
53.12	3.0161375e-05	-5.8435768	-0.005166546
53.76	3.0523298e-05	-5.8435957	-0.0051028267
54.4	3.0180537e-05	-5.8436329	-0.005130993
55.04	3.034295e-05	-5.8436382	-0.0053223937
55.68	2.9580735e-05	-5.843559	-0.0051716076
56.32	2.9310458e-05	-5.843587	-0.0051184242
56.96	2.9694614e-05	-5.8436525	-0.0051764276
57.6	2.9103979e-05	-5.8435725	-0.0050282222
58.24	2.9943514e-05	-5.843638	-0.0050540081
58.88	3.0027444e-05	-5.8436421	-0.0051021861
59.52	3.0403142e-05	-5.843577	-0.0051763917
60.16	3.0400446e-05	-5.8436421	-0.0051996734
60.8	3.046734e-05	-5.8435262	-0.0052066004
61.44	3.0083871e-05	-5.8435962	-0.0050629109
62.08	2.9707804e-05	-5.8435453	-0.0051445251
62.72	2.9708526e-05	-5.843527	-0.0051158556
63.36	2.9260125e-05	-5.8436428	-0.0052892881
64	3.0411618e-05	-5.8436482	-0.005155692
64.64	2.9754972e-05	-5.8435725	-0.0052662291
65.28	3.0129822e-05	-5.8435816	-0.0051551743
65.92	3.0421114e-05	-5.8435769	-0.0051546889
66.56	3.0976397e-05	-5.8435961	-0.0052032141
67.2	3.0316563e-05	-5.8435354	-0.0051688987
67.84	2.958249e-05	-5.8435819	-0.0051875598
68.48	2.9928539e-05	-5.8435781	-0.0051518694
69.12	2.9476165e-05	-5.8436292	-0.0051491427
69.76	2.9385771e-05	-5.8435546	-0.0050384604
70.4	3.0147713e-05	-5.8436107	-0.0051473036
71.04	3.0243582e-05	-5.8435869	-0.0052230449
71.68	3.0094072e-05	-5.8435955	-0.0050863151
72.32	3.0179383e-05	-5.8436743	-0.005157216
72.96	3.024399e-05	-5.8436093	-0.005153655
73.6	3.0526765e-05	-5.8436473	-0.0051694087
74.24	3.0201725e-05	-5.8435918	-0.0051048484
74.88	2.9908358e-05	-5.8435921	-0.0052383371
75.52	2.9521953e-05	-5.8435734	-0.0051658976
76.16	2.9216005e-05	-5.8436056	-0.0050966112
76.8	2.9685386e-05	-5.8436009	-0.0051050291
77.44	3.002767e-05	-5.8435542	-0.0051376605
78.08	2.9850785e-05	-5.8436139	-0.0051969556
78.72	3.0436557e-05	-5.8435397	-0.0051946094
79.36	3.0724044e-05	-5.8435494	-0.0051808202
80	3.0433767e-05	-5.8435728	-0.0051879897
80.64	2.965362e-05	-5.843582	-0.0052042613
81.28	2.9691754e-05	-5.8435919	-0.0053159146
81.92	2.9399808e-05	-5.843643	-0.0052030172
82.56	2.945051e-05	-5.8435313	-0.0051724974
83.2	2.9776843e-05	-5.8435497	-0.0052263032
83.84	3.0388542e-05	-5.8435683	-0.0051897205
84.48	3.0335067e-05	-5.8435585	-0.0051338063
85.12	3.0682354e-05	-5.8436005	-0.0051908267
85.76	3.0233459e-05	-5.8436933	-0.0050887072
86.4	3.0297736e-05	-5.8435729	-0.005179797
87.04	2.9067389e-05	-5.8435909	-0.0050801259
87.68	2.947687e-05	-5.8435499	-0.0051432771
88.32	2.9499677e-05	-5.8437035	-0.0050556747
88.96	2.9709383e-05	-5.8435779	-0.0051418215
89.6	2.9620948e-05	-5.8436191	-0.0051567327
90.24	3.0218345e-05	-5.8436006	-0.0052697154
90.88	3.0032826e-05	-5.8435907	-0.0052137436
91.52	3.0781388e-05	-5.8434982	-0.0051502377
92.16	3.0149058e-05	-5.8436328	-0.0051750332
92.8	2.9767328e-05	-5.843619	-0.0051079468
93.44	2.9943368e-05	-5.8436012	-0.0052199094
94.08	2.9473189e-05	-5.8435732	-0.0051571227
94.72	2.9680226e-05	-5.8435549	-0.0051022953
95.36	2.998961e-05	-5.8435781	-0.0052133014
96	2.9446633e-05	-5.843577	-0.0050967258
96.64	3.0521112e-05	-5.8435449	-0.00525292
97.28	3.0136705e-05	-5.8435441	-0.0053167718
97.92	3.034718e-05	-5.8435768	-0.0051732976
98.56	2.9686044e-05	-5.8436044	-0.0052246115
99.2	2.9964837e-05	-5.8436286	-0.005137483
99.84	2.9415463e-05	-5.8436008	-0.0051433284
100.48	2.9261454e-05	-5.8436011	-0.0052242657
101.12	2.9428976e-05	-5.8436152	-0.0052033994
101.76	2.9912134e-05	-5.8435921	-0.0050858074
102.4	3.0201048e-05	-5.8436196	-0.0051729736
103.04	3.0321373e-05	-5.8436097	-0.0051091825
103.68	2.9955732e-05	-5.8436089	-0.0050598212
104.32	3.0487672e-05	-5.8435769	-0.005226313
104.96	3.0311826e-05	-5.8436097	-0.0052705569
105.6	2.9944706e-05	-5.8436007	-0.0051962851
106.24	2.9851588e-05	-5.8436199	-0.0052040611
106.88	2.9442413e-05	-5.8436013	-0.005221333
107.52	2.9643185e-05	-5.8436107	-0.005211361
108.16	2.9721381e-05	-5.8435685	-0.0050266954
108.8	3.0332112e-05	-5.843615	-0.0051706767
109.44	3.0245835e-05	-5.8435585	-0.0052748912
110.08	2.9934381e-05	-5.8435904	-0.0053276047
110.72	3.0392006e-05	-5.8435909	-0.0053423962
111.36	2.9893327e-05	-5.8435815	-0.0051324414
112	3.0066694e-05	-5.8435311	-0.0052459502
112.64	2.9409576e-05	-5.843531	-0.0051686439
113.28	3.0046225e-05	-5.8435552	-0.0051237771
113.92	2.9795703e-05	-5.8435363	-0.00507359
114.56	2.9476406e-05	-5.8435589	-0.0051697062
115.2	2.9996228e-05	-5.8435215	-0.0051606903
115.84	3.0298233e-05	-5.8435818	-0.0051358274
116.48	3.1191327e-05	-5.8436522	-0.0052264488
117.12	3.0225095e-05	-5.843549	-0.0050888988
117.76	3.0064521e-05	-5.8436097	-0.0051592638
118.4	2.9868613e-05	-5.843559	-0.0051615095
119.04	2.992923e-05	-5.8435967	-0.0052367997
119.68	2.9677913e-05	-5.8436293	-0.0051342301
120.32	2.9127098e-05	-5.8435868	-0.0050895104
120.96	3.0048676e-05	-5.8436012	-0.0051569946
121.6	3.0205604e-05	-5.8435542	-0.0051344169
122.24	3.0587895e-05	-5.8436145	-0.0051838463
122.88	3.0678692e-05	-5.8435493	-0.0050874553
123.52	3.0666744e-05	-5.8436936	-0.0051730364
124.16	2.953498e-05	-5.8435675	-0.0052052804
124.8	2.9400677e-05	-5.8435401	-0.0052454811
125.44	2.9434416e-05	-5.8435824	-0.0052060345
126.08	2.9337277e-05	-5.8436011	-0.005195121
126.72	2.9454562e-05	-5.8435824	-0.0052133417
127.36	2.9465766e-05	-5.8435632	-0.0051851141
128	3.0138641e-05	-5.8435447	-0.0051711055
128.64	3.0344973e-05	-5.8436002	-0.005153837
129.28	2.9814195e-05	-5.8435066	-0.005135526
129.92	2.9999953e-05	-5.8435581	-0.005215944
130.56	2.9998025e-05	-5.8435773	-0.0051938466
131.2	2.9964198e-05	-5.8435825	-0.005108235
131.84	2.925203e-05	-5.8435962	-0.0051062845
132.48	3.0162086e-05	-5.8435973	-0.0052229232
133.12	2.9464467e-05	-5.8435777	-0.0052059601
133.76	3.0001221e-05	-5.8435359	-0.0051579167
134.4	3.0682312e-05	-5.8436057	-0.0051178781
135.04	3.0915292e-05	-5.8436148	-0.0051418369
135.68	3.0260677e-05	-5.843614	-0.0051531422
136.32	3.0165923e-05	-5.8436048	-0.0052166879
136.96	2.9891653e-05	-5.8435958	-0.0051637462
137.6	2.987868e-05	-5.8435592	-0.0050822912
138.24	2.9463346e-05	-5.8435639	-0.0051963987
138.88	2.9433175e-05	-5.843657	-0.0050688596
139.52	2.959871e-05	-5.8436383	-0.005149304
140.16	2.966933e-05	-5.8436006	-0.0051413619
140.8	3.0198309e-05	-5.843568	-0.0052088702
141.44	3.0555021e-05	-5.8436329	-0.0051881134
142.08	3.0846811e-05	-5.8436657	-0.0052730715
142.72	3.065827e-05	-5.8435496	-0.0052242395
143.36	2.9955308e-05	-5.8435308	-0.0051382964
144	2.9447706e-05	-5.8435868	-0.005195038
144.64	2.9642171e-05	-5.8435502	-0.0052788071
145.28	2.9673531e-05	-5.84362	-0.005254033
145.92	2.9659855e-05	-5.8435871	-0.0051385651
146.56	2.9963447e-05	-5.8435589	-0.0051841624
147.2	3.0668029e-05	-5.8436195	-0.0052481166
147.84	3.0540452e-05	-5.8436329	-0.0051404838
148.48	3.0519306e-05	-5.8436515	-0.0052377694
149.12	3.037655e-05	-5.8435773	-0.0052165862
149.76	2.972716e-05	-5.8436284	-0.0052680296
150.4	2.9258991e-05	-5.8436285	-0.0050997045
151.04	2.9607757e-05	-5.8436432	-0.0051965151
151.68	2.8594908e-05	-5.8436189	-0.0052175945
152.32	2.9539617e-05	-5.8436473	-0.0050964274
152.96	2.9856501e-05	-5.8435912	-0.005114008
153.6	3.0345744e-05	-5.8436377	-0.0051594897
154.24	3.0284089e-05	-5.8435954	-0.0051342454
154.88	3.0111546e-05	-5.8435766	-0.0051374371
155.52	3.0106801e-05	-5.843605	-0.0050807378
156.16	2.9799697e-05	-5.843596	-0.0051727338
156.8	2.9059044e-05	-5.8435866	-0.0052363844
157.44	2.948458e-05	-5.8435408	-0.005074325
158.08	2.9338982e-05	-5.8435638	-0.0051818937
158.72	2.9380421e-05	-5.8436379	-0.005128463
159.36	2.9845594e-05	-5.8435586	-0.005311969
160	3.0650416e-05	-5.8435262	-0.0050370921
160.64	3.0319224e-05	-5.8436093	-0.0051297564
161.28	3.0491483e-05	-5.8435352	-0.0051126484
161.92	3.0189164e-05	-5.8435261	-0.0050522088
162.56	2.9395355e-05	-5.8435865	-0.0051001204
163.2	2.981023e-05	-5.8435735	-0.0051250884
163.84	2.9126271e-05	-5.8436335	-0.0053235864
164.48	2.9377619e-05	-5.8436289	-0.0052606926
165.12	3.0260598e-05	-5.8436153	-0.0050707119
165.76	3.0276404e-05	-5.8436379	-0.0051544554
166.4	3.0036068e-05	-5.8436232	-0.0051791
167.04	3.022084e-05	-5.8436232	-0.0052437456
167.68	2.9908544e-05	-5.8435533	-0.005205826
168.32	2.9877244e-05	-5.8435492	-0.0051569462
168.96	2.9974849e-05	-5.843643	-0.0051997456
169.6	2.9612828e-05	-5.8436152	-0.0051483098
170.24	2.9976546e-05	-5.8435971	-0.0052332489
170.88	2.9503182e-05	-5.843615	-0.0051408546
171.52	3.0016428e-05	-5.8436056	-0.0050037058
172.16	3.0683742e-05	-5.8435731	-0.0052354871
172.8	3.0301859e-05	-5.8435909	-0.0052623985
173.44	3.0396917e-05	-5.8436095	-0.0053039606
174.08	3.0073643e-05	-5.8436373	-0.0052635696
174.72	3.0365285e-05	-5.8436614	-0.0051475599
175.36	2.9950809e-05	-5.8435174	-0.005140367
176	2.9376726e-05	-5.8436242	-0.0051225554
176.64	2.9337341e-05	-5.8435685	-0.00522991
177.28	2.9577192e-05	-5.8435964	-0.0052588642
177.92	2.9988283e-05	-5.8435777	-0.0051417752
178.56	2.9841745e-05	-5.8435629	-0.0050630786
179.2	3.0501176e-05	-5.8435492	-0.0051907887
179.84	3.0712207e-05	-5.8436051	-0.0050958877
180.48	3.0693603e-05	-5.8436333	-0.0051661687
181.12	2.9583389e-05	-5.8436421	-0.0052588704
181.76	2.9771614e-05	-5.8435685	-0.0051537596
182.4	2.9303143e-05	-5.8435591	-0.0050651085
183.04	2.9433382e-05	-5.8435732	-0.0051028399
183.68	2.9821615e-05	-5.8436291	-0.0051108881
184.32	3.0031702e-05	-5.8435962	-0.0052117157
184.96	2.9760558e-05	-5.8436139	-0.005084355
185.6	3.0629211e-05	-5.8435772	-0.0052331481
186.24	3.0172257e-05	-5.8435953	-0.0051883151
186.88	3.0626796e-05	-5.8435589	-0.0051843578
187.52	2.9430053e-05	-5.8435583	-0.0051792898
188.16	2.9463405e-05	-5.843624	-0.0051706085
188.8	2.9970436e-05	-5.8436016	-0.0051977187
189.44	2.9613006e-05	-5.8436059	-0.0052041871
190.08	2.9548187e-05	-5.8435823	-0.0050403041
190.72	3.0008078e-05	-5.8435961	-0.0051002207
191.36	2.979006e-05	-5.8435954	-0.0052103694
192	3.067387e-05	-5.8435726	-0.0051873684
192.64	3.0518635e-05	-5.843605	-0.0052897976
193.28	3.0537559e-05	-5.8436147	-0.0052228914
193.92	3.0257314e-05	-5.8435824	-0.0051698386
194.56	2.9511835e-05	-5.8435822	-0.0052722996
195.2	2.909264e-05	-5.8435682	-0.0051205717
195.84	2.9296885e-05	-5.843601	-0.0052004541
196.48	2.9552663e-05	-5.8435962	-0.0052211375
197.12	3.00344e-05	-5.8435775	-0.0051163977
197.76	3.0506149e-05	-5.8436007	-0.005214891
198.4	3.0902744e-05	-5.8436193	-0.0052200517
199.04	3.0136263e-05	-5.8435628	-0.0052678224
199.68	3.0392014e-05	-5.843596	-0.005186416
200.32	3.0125804e-05	-5.8436196	-0.005133746
200.96	2.9712687e-05	-5.8436151	-0.005149421
201.6	2.9050032e-05	-5.8435589	-0.0051568341
202.24	2.9638854e-05	-5.8436152	-0.0050379364
202.88	2.958538e-05	-5.8436334	-0.0052311792
203.52	2.9957848e-05	-5.8436052	-0.0052557042
204.16	3.0670545e-05	-5.8436007	-0.0052305546
204.8	2.9914036e-05	-5.8436741	-0.0051210521
205.44	3.0165579e-05	-5.8435815	-0.0052127034
206.08	3.0191444e-05	-5.8435866	-0.0051861329
206.72	2.976514e-05	-5.8435495	-0.0051421933
207.36	2.9608495e-05	-5.8435825	-0.0051563391
208	2.8968024e-05	-5.84361	-0.0052368137
208.64	2.9358382e-05	-5.8435823	-0.0051545232
209.28	2.9378585e-05	-5.8435401	-0.0051752612
209.92	2.9526726e-05	-5.8436094	-0.0052136271
210.56	3.0445115e-05	-5.843619	-0.0051927223
211.2	2.9977236e-05	-5.8436137	-0.0051254145
211.84	3.0088438e-05	-5.8435674	-0.0051835829
212.48	3.0410861e-05	-5.8436148	-0.0051582379
213.12	2.9583677e-05	-5.8436006	-0.0052430972
213.76	2.934878e-05	-5.8435498	-0.0051505537
214.4	2.9771856e-05	-5.8435643	-0.0051000446
215.04	2.9894853e-05	-5.8435875	-0.0051824677
215.68	2.9723874e-05	-5.8436334	-0.0051408244
216.32	2.980413e-05	-5.8435723	-0.0050661368
216.96	2.9915627e-05	-5.8436091	-0.0051737123
217.6	3.0398015e-05	-5.8436513	-0.0051356128
218.24	2.9862198e-05	-5.8436044	-0.0051251955
218.88	3.0173345e-05	-5.8436193	-0.0052875874
219.52	2.989175e-05	-5.8435871	-0.0051858432
220.16	2.9313086e-05	-5.8436243	-0.0051863369
220.8	2.9586723e-05	-5.8435874	-0.0052868292
221.44	2.9378466e-05	-5.8436009	-0.0051689661
222.08	2.983533e-05	-5.8436008	-0.0051492404
222.72	2.9909629e-05	-5.843577	-0.0051042271
223.36	3.0228373e-05	-5.8436373	-0.0050759496
224	3.0779126e-05	-5.8435912	-0.0051688497
224.64	3.048343e-05	-5.8436005	-0.0052582173
225.28	2.9459907e-05	-5.843535	-0.0051981993
225.92	2.9469479e-05	-5.8436379	-0.0051777367
226.56	3.0095358e-05	-5.843546	-0.0052237476
227.2	2.9513603e-05	-5.8435733	-0.0051804042
227.84	2.9535132e-05	-5.8435498	-0.0051207849
228.48	2.9921767e-05	-5.8436426	-0.0051807325
229.12	3.0795236e-05	-5.843601	-0.0051941082
229.76	3.0802808e-05	-5.8436518	-0.005207751
230.4	3.0078985e-05	-5.8435859	-0.0051121894
231.04	3.0208499e-05	-5.8435585	-0.0052059759
231.68	2.9836636e-05	-5.8436285	-0.0050652526
232.32	2.9690422e-05	-5.8436196	-0.0052999813
232.96	2.8967669e-05	-5.8435867	-0.0050407368
233.6	2.9603829e-05	-5.8436059	-0.0052715465
234.24	2.9490101e-05	-5.8436055	-0.0052195561
234.88	2.9796917e-05	-5.8436005	-0.005180761
235.52	3.0169294e-05	-5.8435863	-0.0051056376
236.16	3.0141946e-05	-5.8436046	-0.0051444289
236.8	3.0153911e-05	-5.8436186	-0.0053300806
237.44	3.040636e-05	-5.8436286	-0.0051685012
238.08	2.9613603e-05	-5.8436377	-0.005212606
238.72	2.9749768e-05	-5.8435873	-0.0052283659
239.36	2.9701542e-05	-5.8435735	-0.0053119442
240	2.9329221e-05	-5.8435824	-0.0053075173
240.64	2.9693726e-05	-5.843573	-0.005236683
241.28	3.0353956e-05	-5.8435312	-0.0050943505
241.92	3.0575399e-05	-5.8436006	-0.005169346
242.56	2.9748924e-05	-5.8436041	-0.0051802622
243.2	3.0647205e-05	-5.8435401	-0.0050959295
243.84	2.9747318e-05	-5.8435164	-0.0051199551
244.48	2.9778556e-05	-5.8435775	-0.0052109788
245.12	2.9840062e-05	-5.8436107	-0.0051755653
245.76	2.9622764e-05	-5.8436339	-0.0052996801
246.4	2.943893e-05	-5.8436382	-0.0051608409
247.04	2.9559637e-05	-5.8436286	-0.0051647478
247.68	3.014561e-05	-5.8435727	-0.0051311404
248.32	3.0347388e-05	-5.8435538	-0.0049878019
248.96	2.9705578e-05	-5.8435343	-0.0051537166
249.6	3.0440576e-05	-5.8435957	-0.0051380191
250.24	3.0007707e-05	-5.8436469	-0.0051377424
250.88	2.953886e-05	-5.843568	-0.005205742
251.52	2.9379089e-05	-5.843573	-0.0051284589
252.16	3.024018e-05	-5.8435508	-0.0051679965
252.8	3.0367269e-05	-5.8435973	-0.0051314047
253.44	3.0075823e-05	-5.8436198	-0.005223415
254.08	2.9892033e-05	-5.843605	-0.0052826729
254.72	3.0392391e-05	-5.8435631	-0.005156431
255.36	3.0496097e-05	-5.8435119	-0.0050258975
256	3.076958e-05	-5.8436473	-0.0052182798
256.64	2.9836709e-05	-5.8435073	-0.0051726642
257.28	2.9896024e-05	-5.8435545	-0.0050063297
257.92	3.0082343e-05	-5.8436063	-0.0052730091
258.56	2.9806198e-05	-5.8436341	-0.005220488
259.2	2.9494376e-05	-5.8435684	-0.0051279047
259.84	2.9618808e-05	-5.8435913	-0.005163588
260.48	3.0107364e-05	-5.8436423	-0.0052522953
261.12	3.05206e-05	-5.8436563	-0.005190635
261.76	3.0923506e-05	-5.8436007	-0.0052166421
262.4	3.0396362e-05	-5.8435772	-0.0050569961
263.04	3.0566726e-05	-5.8436012	-0.0050493544
263.68	2.9560119e-05	-5.8435822	-0.0052833783
264.32	2.9643816e-05	-5.8436106	-0.0051587016
264.96	2.8916123e-05	-5.8436332	-0.0051607296
265.6	3.0246391e-05	-5.8435272	-0.0050688385
266.24	3.0146943e-05	-5.8436103	-0.005262363
266.88	2.9499552e-05	-5.8435672	-0.0051743914
267.52	3.0073714e-05	-5.8435767	-0.0050780214
268.16	2.9742455e-05	-5.8435902	-0.0052205959
268.8	3.0241061e-05	-5.8435818	-0.0051340794
269.44	3.0982098e-05	-5.8435738	-0.0052168519
270.08	2.9892136e-05	-5.8435268	-0.0051864781
270.72	2.9237426e-05	-5.8436056	-0.0051702148
271.36	2.9276962e-05	-5.8435405	-0.0052184388
272	2.9821144e-05	-5.8436012	-0.0051890979
272.64	3.0300418e-05	-5.8435313	-0.0052041815
273.28	3.0326461e-05	-5.8435865	-0.0050916262
273.92	3.0304825e-05	-5.8435954	-0.0051899013
274.56	3.0485042e-05	-5.8435863	-0.0051935065
275.2	2.9982385e-05	-5.8435583	-0.0050916652
275.84	3.0158162e-05	-5.8435451	-0.0052720264
276.48	2.945698e-05	-5.8436334	-0.005300001
277.12	2.9405622e-05	-5.8436291	-0.0051203671
277.76	2.9797475e-05	-5.8436433	-0.0052130294
278.4	3.0039422e-05	-5.8436013	-0.0050948072
279.04	2.996378e-05	-5.843596	-0.0051056873
279.68	3.0647535e-05	-5.8435682	-0.0051175979
280.32	3.0129811e-05	-5.8436185	-0.0051389949
280.96	3.0417196e-05	-5.8436421	-0.0050879051
281.6	3.0346886e-05	-5.843596	-0.0053173274
282.24	2.9032537e-05	-5.8435581	-0.0050699117
282.88	2.9589837e-05	-5.8436057	-0.0052360682
283.52	2.9669424e-05	-5.843634	-0.0052609668
284.16	2.9479611e-05	-5.8435825	-0.0051182613
284.8	2.9482454e-05	-5.8436053	-0.0051551964
285.44	2.996189e-05	-5.8435726	-0.0051698838
286.08	3.0794105e-05	-5.8436241	-0.0052641631
286.72	3.0373096e-05	-5.8436001	-0.0052128296
287.36	3.091781e-05	-5.8435869	-0.0052435398
288	3.0050523e-05	-5.8435865	-0.0052029951
288.64	3.0166375e-05	-5.8435267	-0.0051057797
289.28	2.9263349e-05	-5.8435356	-0.005248427
289.92	2.9271031e-05	-5.8435963	-0.0051710185
290.56	2.95643e-05	-5.8435267	-0.0052395851
291.2	2.9778873e-05	-5.8435916	-0.0051402376
291.84	3.0280529e-05	-5.8435775	-0.0052958232
292.48	3.0328843e-05	-5.8435584	-0.0052057142
293.12	3.0147989e-05	-5.8435581	-0.005059513
293.76	3.0728732e-05	-5.8435496	-0.0051483819
294.4	2.9989102e-05	-5.8436051	-0.0051545145
295.04	2.9847748e-05	-5.8435823	-0.0051941702
295.68	2.9247178e-05	-5.8436334	-0.0052393973
296.32	2.976958e-05	-5.8435829	-0.0051509921
296.96	3.0096758e-05	-5.8435644	-0.0052119843
297.6	2.9888347e-05	-5.8435497	-0.0051350551
298.24	3.0241809e-05	-5.8436239	-0.005207812
298.88	3.0543111e-05	-5.8436469	-0.0052248144
299.52	3.0591338e-05	-5.8435771	-0.0052145441
300.16	3.0445163e-05	-5.8436284	-0.0051151719
300.8	3.0296948e-05	-5.8436102	-0.0051831745
301.44	3.0427328e-05	-5.8435923	-0.0051909844
302.08	2.9660084e-05	-5.8436013	-0.0051171701
302.72	2.9822473e-05	-5.843569	-0.0050764832
303.36	2.9748157e-05	-5.8435919	-0.0052382236
304	2.9595938e-05	-5.8435865	-0.0051856123
304.64	2.9994576e-05	-5.8436096	-0.0051607603
305.28	3.0146364e-05	-5.8435721	-0.0051060817
305.92	3.0525024e-05	-5.8435771	-0.0050621147
306.56	3.0017418e-05	-5.8435583	-0.0050681817
307.2	2.9486692e-05	-5.8435816	-0.0051125702
307.84	2.9409312e-05	-5.8435867	-0.0051533369
308.48	2.9107e-05	-5.8436705	-0.00516698
309.12	2.9170615e-05	-5.8436101	-0.0052665583
309.76	2.9852258e-05	-5.8435779	-0.0052050894
310.4	2.988239e-05	-5.8436379	-0.0051523086
311.04	3.0279197e-05	-5.8435772	-0.0050362736
311.68	3.0907512e-05	-5.843624	-0.0051457455
312.32	3.0133988e-05	-5.8435674	-0.0052097176
312.96	3.0174554e-05	-5.843605	-0.0051522123
313.6	2.9569091e-05	-5.8436283	-0.0051653784
314.24	3.027122e-05	-5.8435644	-0.005051637
314.88	2.9633984e-05	-5.8435594	-0.0051087332
315.52	2.9213462e-05	-5.8435962	-0.0051916546
316.16	2.9610166e-05	-5.8435729	-0.0051227248
316.8	2.99045e-05	-5.843568	-0.0051417125
317.44	3.037733e-05	-5.8436052	-0.0050872964
318.08	3.0863917e-05	-5.8436053	-0.0051719706
318.72	3.0494486e-05	-5.8436097	-0.0051782562
319.36	2.9971993e-05	-5.8435863	-0.0051822075
320	2.9949413e-05	-5.8435962	-0.005240442
320.64	2.9537705e-05	-5.8436056	-0.0051845834
321.28	2.9226815e-05	-5.8436474	-0.0051626652
321.92	2.972065e-05	-5.8435362	-0.0050949181
322.56	2.943946e-05	-5.8436006	-0.0051283777
323.2	2.9607335e-05	-5.8435583	-0.0052162362
323.84	3.0404734e-05	-5.8435633	-0.0051616837
324.48	3.0267672e-05	-5.8435722	-0.0051137489
325.12	3.0716243e-05	-5.8435914	-0.0050983839
325.76	2.9829909e-05	-5.8436049	-0.0052570174
326.4	2.9551665e-05	-5.8436145	-0.0051490792
327.04	2.9760149e-05	-5.8435919	-0.0052267515
327.68	2.9826552e-05	-5.8436015	-0.0051943762
328.32	2.969263e-05	-5.8436152	-0.0052129088
328.96	3.0252588e-05	-5.8435781	-0.0051927784
329.6	2.9971513e-05	-5.8436052	-0.0050796479
330.24	3.0291767e-05	-5.8435631	-0.0051641416
330.88	3.0958469e-05	-5.8435543	-0.005245095
331.52	3.0425685e-05	-5.8436423	-0.005246801
332.16	2.9939334e-05	-5.8435818	-0.004995216
332.8	3.0132369e-05	-5.8436151	-0.0051774186
333.44	2.9514497e-05	-5.8435731	-0.0052172439
334.08	2.937502e-05	-5.8435778	-0.0053116832
334.72	2.9101736e-05	-5.8436006	-0.0051387897
335.36	2.9896725e-05	-5.8436195	-0.0053046106
336	3.0315887e-05	-5.8435822	-0.0052278785
336.64	3.0611616e-05	-5.8435308	-0.0052214693
337.28	3.003793e-05	-5.8436185	-0.0050735924
337.92	3.0472191e-05	-5.8435633	-0.0050990426
338.56	2.9478013e-05	-5.8435628	-0.0050808202
339.2	2.9653485e-05	-5.8435728	-0.0051339554
339.84	2.9441122e-05	-5.8435545	-0.0051678726
340.48	2.9853534e-05	-5.8436062	-0.0052106976
341.12	2.9423392e-05	-5.8435776	-0.0051387295
341.76	2.991324e-05	-5.8436055	-0.0052411953
342.4	2.9869058e-05	-5.8436142	-0.0051103808
343.04	3.0426404e-05	-5.8436329	-0.005289829
343.68	3.0188364e-05	-5.8436047	-0.0052685677
344.32	3.0211353e-05	-5.8435352	-0.0051567286
344.96	2.9684775e-05	-5.8436096	-0.005058885
345.6	2.9900487e-05	-5.8435871	-0.0051497101
346.24	2.9719048e-05	-5.8435966	-0.0052525221
346.88	2.9797403e-05	-5.8435642	-0.0051070171
347.52	2.9729799e-05	-5.8435732	-0.0052342105
348.16	2.9611346e-05	-5.8435772	-0.0050539479
348.8	3.0226356e-05	-5.8435912	-0.0051532942
349.44	3.0214105e-05	-5.8436699	-0.0052190518
350.08	3.0114606e-05	-5.8435674	-0.0051936056
350.72	2.9904564e-05	-5.8435489	-0.0052777857
351.36	3.0089355e-05	-5.8435542	-0.0052126519
352	2.9502602e-05	-5.8435822	-0.0051552787
352.64	2.9659981e-05	-5.8436478	-0.0051922036
353.28	2.9259402e-05	-5.8436428	-0.0052440854
353.92	2.9364233e-05	-5.8435356	-0.0050856699
354.56	2.9459697e-05	-5.8435677	-0.005086955
355.2	3.0317483e-05	-5.8435633	-0.0052272561
355.84	3.0531116e-05	-5.8435864	-0.0052474811
356.48	3.0990281e-05	-5.8435822	-0.0051661447
357.12	3.01228e-05	-5.8436003	-0.0051958751
357.76	3.0163656e-05	-5.843587	-0.0052558511
358.4	2.967829e-05	-5.8435824	-0.0051751985
359.04	2.9216608e-05	-5.8436195	-0.0053180702
359.68	2.9329215e-05	-5.8435917	-0.0051243567
360.32	2.9593837e-05	-5.8435776	-0.005184071
360.96	3.0222209e-05	-5.8435777	-0.0052063354
361.6	3.0364788e-05	-5.8436563	-0.0051114822
362.24	3.0802983e-05	-5.8435913	-0.0052030717
362.88	3.0213278e-05	-5.8436141	-0.005138527
363.52	2.9936156e-05	-5.8436049	-0.0050968034
364.16	3.0383307e-05	-5.8435547	-0.0051994688
364.8	2.9228409e-05	-5.8435588	-0.0050311888
365.44	2.946857e-05	-5.8435732	-0.0052498019
366.08	2.9248311e-05	-5.8435962	-0.0053403854
366.72	2.9611442e-05	-5.8436101	-0.0051219728
367.36	3.0157454e-05	-5.8435915	-0.0052701298
368	3.0295857e-05	-5.8435492	-0.0050616919
368.64	3.0191175e-05	-5.8435907	-0.0052188931
369.28	2.9962122e-05	-5.8435999	-0.0052000984
369.92	3.0218522e-05	-5.8436471	-0.0051940661
370.56	2.9782691e-05	-5.8435868	-0.0052781367
371.2	2.9502888e-05	-5.8436103	-0.005155257
371.84	2.9293154e-05	-5.8436475	-0.0052524712
372.48	2.9203314e-05	-5.8435635	-0.0051390371
373.12	2.9994897e-05	-5.8435964	-0.0053015432
373.76	3.0076972e-05	-5.8435726	-0.0051520169
374.4	3.0269727e-05	-5.8435724	-0.0051177587
375.04	3.0222206e-05	-5.8435582	-0.0050986962
375.68	3.0292393e-05	-5.8435538	-0.0051647687
376.32	3.0241954e-05	-5.8435915	-0.0051831008
376.96	2.9623101e-05	-5.8435868	-0.0051849388
377.6	2.9603626e-05	-5.8436197	-0.0052190523
378.24	2.9431e-05	-5.8435685	-0.0051816997
378.88	2.9673914e-05	-5.8435964	-0.0052022451
379.52	2.976497e-05	-5.8435914	-0.0052277663
380.16	2.9715478e-05	-5.8435582	-0.0051609763
380.8	3.0020996e-05	-5.8435674	-0.0051262222
381.44	3.0747052e-05	-5.8436052	-0.005108847
382.08	3.042395e-05	-5.8435819	-0.0052020602
382.72	3.0376759e-05	-5.8435777	-0.0051619661
383.36	2.9725815e-05	-5.8436241	-0.0052513024
384	2.9229808e-05	-5.8435636	-0.0051690676
384.64	2.9441996e-05	-5.8435825	-0.0052920377
385.28	2.9533881e-05	-5.8436335	-0.0052336302
385.92	2.9896072e-05	-5.8435961	-0.0051634908
386.56	3.0133242e-05	-5.8436377	-0.0051177989
387.2	3.0212057e-05	-5.8435397	-0.0052197973
387.84	2.9815611e-05	-5.8435811	-0.0051852737
388.48	3.0582276e-05	-5.8436054	-0.0051571061
389.12	2.9706961e-05	-5.8435818	-0.005120652
389.76	2.9295319e-05	-5.8436005	-0.005087334
390.4	2.974445e-05	-5.8436199	-0.0051982626
391.04	3.0095014e-05	-5.8436436	-0.0052647065
391.68	2.9876957e-05	-5.8436524	-0.0052100518
392.32	3.0115504e-05	-5.843587	-0.0051489203
392.96	3.0029431e-05	-5.8435631	-0.0051165471
393.6	3.0192144e-05	-5.8435954	-0.0051779506
394.24	3.0424876e-05	-5.8436608	-0.0053195407
394.88	2.9833738e-05	-5.8436559	-0.0052376288
395.52	2.9478279e-05	-5.843577	-0.0051062912
396.16	2.9501174e-05	-5.8435868	-0.0052085548
396.8	2.8927449e-05	-5.843647	-0.0051243444
397.44	2.9416136e-05	-5.8435964	-0.0052562851
398.08	2.9433502e-05	-5.8435542	-0.0051551834
398.72	3.0386492e-05	-5.8435918	-0.0052010883
399.36	3.0176095e-05	-5.8436516	-0.0052423981
400	3.0229786e-05	-5.8435769	-0.0051956122
400.64	3.0047895e-05	-5.8435814	-0.0051666787
401.28	3.0527668e-05	-5.843559	-0.0052612816
401.92	2.9860351e-05	-5.8435635	-0.0052417781
402.56	2.9953967e-05	-5.8436059	-0.0051362143
403.2	2.9097784e-05	-5.8435449	-0.0051609067
403.84	3.0003151e-05	-5.8435643	-0.005178901
404.48	2.9776748e-05	-5.8435963	-0.0051541269
405.12	3.0289643e-05	-5.8436474	-0.0052795106
405.76	3.0193467e-05	-5.843512	-0.0052325598
406.4	3.0023709e-05	-5.8435627	-0.0052302822
407.04	3.0456938e-05	-5.8435586	-0.0051341706
407.68	3.0124349e-05	-5.8436284	-0.0051661429
408.32	2.9965263e-05	-5.8435823	-0.0051335808
408.96	2.9190964e-05	-5.8435588	-0.0051448035
409.6	2.9326522e-05	-5.843587	-0.0051849867
410.24	2.9741246e-05	-5.8436478	-0.0051879749
410.88	2.968653e-05	-5.8436101	-0.0051287191
411.52	3.0243831e-05	-5.8435729	-0.0051612747
412.16	3.0863747e-05	-5.8435637	-0.0051532514
412.8	3.0572409e-05	-5.8436283	-0.0051548165
413.44	2.9987957e-05	-5.8436139	-0.0051248053
414.08	2.9536879e-05	-5.8436093	-0.0051427905
414.72	2.9857158e-05	-5.8435963	-0.0050965974
415.36	2.9600073e-05	-5.8435825	-0.0051789538
416	2.9363305e-05	-5.8435313	-0.0050964502
416.64	2.9373199e-05	-5.8436148	-0.0051236268
417.28	3.0009437e-05	-5.8435871	-0.0051965638
417.92	2.9983685e-05	-5.8436051	-0.0051723727
418.56	3.0395214e-05	-5.843619	-0.0052029409
419.2	3.0355997e-05	-5.8435816	-0.0052076525
419.84	3.0060629e-05	-5.8434652	-0.0051167461
420.48	3.0251084e-05	-5.8435868	-0.0051296154
421.12	2.9641491e-05	-5.8435961	-0.0051799556
421.76	2.9330957e-05	-5.8435543	-0.0052117661
422.4	2.9959279e-05	-5.8435505	-0.0052325566
423.04	2.9520182e-05	-5.8435824	-0.0052555823
423.68	2.944326e-05	-5.8435772	-0.0051495533
424.32	2.9776086e-05	-5.8435723	-0.0052314372
424.96	3.0329185e-05	-5.8436096	-0.0051302334
425.6	2.9957928e-05	-5.8435952	-0.0052216387
426.24	3.0132657e-05	-5.8436096	-0.0051141456
426.88	2.970039e-05	-5.843698	-0.0052815571
427.52	2.9672868e-05	-5.8436334	-0.0051924474
428.16	2.9704954e-05	-5.8436198	-0.0052377605
428.8	2.9551804e-05	-5.8435593	-0.0051879811
429.44	2.9560076e-05	-5.8435963	-0.0051298619
430.08	2.9849857e-05	-5.8436147	-0.0051725241
430.72	3.0241881e-05	-5.8435634	-0.0052179579
431.36	3.0119637e-05	-5.8435582	-0.0051392258
432	3.0013078e-05	-5.8436046	-0.0052067586
432.64	3.0797606e-05	-5.843601	-0.00508732
433.28	3.0070339e-05	-5.8435822	-0.0050598319
433.92	2.9875761e-05	-5.8435593	-0.0051424148
434.56	2.9291154e-05	-5.8436009	-0.0052751299
435.2	2.9608033e-05	-5.8435314	-0.0051637505
435.84	3.0128307e-05	-5.8435781	-0.0051620996
436.48	3.0315185e-05	-5.8436243	-0.0052621534
437.12	2.9822035e-05	-5.8436187	-0.0053829389
437.76	3.0692667e-05	-5.8435541	-0.0052113901
438.4	3.0438843e-05	-5.843526	-0.0051013777
439.04	3.0216692e-05	-5.8436285	-0.0051832799
439.68	3.0306331e-05	-5.8435965	-0.0051107935
440.32	2.9378354e-05	-5.84361	-0.005228666
440.96	2.971359e-05	-5.8435827	-0.0050965384
441.6	2.9825618e-05	-5.8435502	-0.0050387616
442.24	2.9745367e-05	-5.8435358	-0.0050585757
442.88	3.0252681e-05	-5.8436474	-0.0052090341
443.52	3.016045e-05	-5.8436236	-0.0051970309
444.16	3.0167383e-05	-5.8436419	-0.0052963432
444.8	2.9997105e-05	-5.8436418	-0.0051472177
445.44	3.008408e-05	-5.8435818	-0.0052531385
446.08	3.0153869e-05	-5.8435825	-0.0051534518
446.72	2.9359844e-05	-5.843545	-0.0050050538
447.36	2.9944174e-05	-5.8435458	-0.0051721337
448	2.9928604e-05	-5.8435875	-0.0051992618
448.64	3.0121264e-05	-5.8435873	-0.0052633179
449.28	2.9370361e-05	-5.8435953	-0.0051469114
449.92	2.9942766e-05	-5.8435349	-0.0051563961
450.56	3.0800279e-05	-5.8435774	-0.0051096579
451.2	2.9649633e-05	-5.8435624	-0.0051881584
451.84	2.9869657e-05	-5.8435072	-0.0052127407
452.48	2.9570278e-05	-5.8436052	-0.0053288612
453.12	2.9428173e-05	-5.8435544	-0.0051759782
453.76	2.9690405e-05	-5.8435781	-0.0051658627
454.4	2.9723567e-05	-5.8435919	-0.0051058409
455.04	3.0107772e-05	-5.8435546	-0.0051635734
455.68	3.0360003e-05	-5.8436009	-0.0052738393
456.32	3.0661895e-05	-5.8436333	-0.0051494333
456.96	3.038037e-05	-5.8435631	-0.0051145483
457.6	3.0079712e-05	-5.8436048	-0.0051696929
458.24	3.0646175e-05	-5.8435872	-0.0050943702
458.88	2.9833431e-05	-5.8436241	-0.0052296115
459.52	2.9681744e-05	-5.8435918	-0.0050775468
460.16	2.9261888e-05	-5.8436102	-0.005135083
460.8	2.9235785e-05	-5.8436007	-0.0051871369
461.44	2.9784431e-05	-5.8436008	-0.0051703738
462.08	3.0102073e-05	-5.8436052	-0.0052025288
462.72	3.0372192e-05	-5.8436051	-0.0053363521
463.36	3.0134911e-05	-5.8435861	-0.0051315824
464	3.051311e-05	-5.8435727	-0.0051044438
464.64	3.0053368e-05	-5.8436285	-0.0052523826
465.28	3.0234189e-05	-5.843606	-0.0052457896
465.92	2.9706878e-05	-5.8435779	-0.0051530047
466.56	2.9540438e-05	-5.8435872	-0.0051782752
467.2	2.9419835e-05	-5.8436287	-0.0051875217
467.84	3.0238291e-05	-5.843643	-0.0051907973
468.48	3.0402759e-05	-5.8435449	-0.0051240185
469.12	3.0490432e-05	-5.8435912	-0.00516838
469.76	3.0137695e-05	-5.8435768	-0.0051570543
470.4	3.0118357e-05	-5.8436236	-0.0051818514
471.04	2.9846987e-05	-5.8435773	-0.0052117724
471.68	2.9284409e-05	-5.8435726	-0.0051742369
472.32	2.9455385e-05	-5.8435917	-0.0050662861
472.96	2.9800332e-05	-5.8435781	-0.0051343577
473.6	2.9165282e-05	-5.8435958	-0.0051094758
474.24	2.9870225e-05	-5.8435728	-0.0051547281
474.88	3.0340542e-05	-5.8436378	-0.0050798048
475.52	3.0895261e-05	-5.8436008	-0.0053001749
476.16	3.0413401e-05	-5.8435492	-0.0051287382
476.8	3.006294e-05	-5.8436421	-0.0051667836
477.44	2.9991344e-05	-5.8436426	-0.0051122111
478.08	3.0115863e-05	-5.8435502	-0.0052504415
478.72	2.9376203e-05	-5.8436103	-0.0052764376
479.36	2.9500564e-05	-5.8436569	-0.0051383145
480	2.9450594e-05	-5.8435914	-0.0052117359
480.64	2.9908841e-05	-5.8435867	-0.0052282554
481.28	2.9519159e-05	-5.8435858	-0.0051807757
481.92	3.0271899e-05	-5.8436048	-0.0051628925
482.56	3.0273971e-05	-5.8435676	-0.0051793301
483.2	3.0575293e-05	-5.8435729	-0.0052839756
483.84	2.9906067e-05	-5.8435868	-0.0051766021
484.48	2.9786681e-05	-5.8435918	-0.0051473409
485.12	2.9474622e-05	-5.8435499	-0.0052398312
485.76	2.9482736e-05	-5.8435778	-0.0052541703
486.4	2.9906374e-05	-5.8436383	-0.0051996176
487.04	2.95358e-05	-5.8435769	-0.0052421499
487.68	3.0750305e-05	-5.8436102	-0.0051008255
488.32	3.0612758e-05	-5.8436005	-0.0051408307
488.96	2.9901801e-05	-5.8436231	-0.0051549121
489.6	3.0269907e-05	-5.8435867	-0.0051337254
490.24	2.9918847e-05	-5.8436287	-0.0051366843
490.88	2.968648e-05	-5.8436429	-0.0052238909
491.52	2.9137778e-05	-5.843624	-0.0051229244
492.16	2.9418276e-05	-5.8435544	-0.0051831669
492.8	2.957259e-05	-5.8436426	-0.0052797776
493.44	2.9793236e-05	-5.8436236	-0.0051710394
494.08	3.0263364e-05	-5.8436143	-0.0052242835
494.72	3.0232707e-05	-5.8435583	-0.0052288034
495.36	3.0174395e-05	-5.8436048	-0.0051407243
496	3.0108415e-05	-5.8435913	-0.0051352269
496.64	2.9671301e-05	-5.8436007	-0.005221592
497.28	2.9836146e-05	-5.8435687	-0.0052016431
497.92	2.9768306e-05	-5.8435967	-0.0052814422
498.56	2.9400689e-05	-5.8435637	-0.0051916629
499.2	2.9383262e-05	-5.8435911	-0.0051328085
499.84	3.0525429e-05	-5.8436289	-0.0052270631
