0	2.2256289e-05	-5.8473753	-0.020645304
0.64	2.239691e-05	-5.8473567	-0.020627313
1.28	2.2537701e-05	-5.8473611	-0.020705858
1.92	2.2316774e-05	-5.847407	-0.020640197
2.56	2.2798105e-05	-5.8473606	-0.020638737
3.2	2.2760273e-05	-5.8473372	-0.020741674
3.84	2.2526566e-05	-5.847365	-0.020550399
4.48	2.2600086e-05	-5.847426	-0.020726851
5.12	2.2116718e-05	-5.8474492	-0.020541495
5.76	2.2449406e-05	-5.8473429	-0.020691533
6.4	2.2062113e-05	-5.8473379	-0.020660762
7.04	2.2043218e-05	-5.8474075	-0.020621211
7.68	2.240942e-05	-5.8474121	-0.020585283
8.32	2.2549022e-05	-5.8473606	-0.020641618
8.96	2.3193114e-05	-5.8474446	-0.02063537
9.6	2.2462676e-05	-5.8473508	-0.020677717
10.24	2.228095e-05	-5.8474579	-0.020685716
10.88	2.2258729e-05	-5.847342	-0.020610048
11.52	2.1952783e-05	-5.8473329	-0.020659246
12.16	2.2355471e-05	-5.8473987	-0.020623198
12.8	2.2149605e-05	-5.847445	-0.020631612
13.44	2.214676e-05	-5.8473563	-0.020701811
14.08	2.2486971e-05	-5.8473609	-0.020602269
14.72	2.2594072e-05	-5.847328	-0.020776113
15.36	2.2778254e-05	-5.847393	-0.020676243
16	2.2555166e-05	-5.8474347	-0.020617918
16.64	2.2816916e-05	-5.8473562	-0.020570102
17.28	2.2694242e-05	-5.8473844	-0.020633055
17.92	2.2279174e-05	-5.847389	-0.020596519
18.56	2.2116228e-05	-5.8474263	-0.02060608
19.2	2.177377e-05	-5.8473748	-0.020724045
19.84	2.2459105e-05	-5.8473938	-0.020733345
20.48	2.2483864e-05	-5.8473748	-0.020657335
21.12	2.2842028e-05	-5.8473747	-0.02058043
21.76	2.2831255e-05	-5.8473745	-0.020675758
22.4	2.257252e-05	-5.8473835	-0.020608068
23.04	2.2463554e-05	-5.8474024	-0.020757641
23.68	2.2321901e-05	-5.8473841	-0.020602077
24.32	2.2383512e-05	-5.8474031	-0.020722346
24.96	2.1918369e-05	-5.8474587	-0.020616091
25.6	2.209383e-05	-5.8474774	-0.020670877
26.24	2.2406081e-05	-5.8473704	-0.020689553
26.88	2.2445913e-05	-5.8473886	-0.020588503
27.52	2.2819923e-05	-5.8473607	-0.02065238
28.16	2.274674e-05	-5.8473837	-0.020696492
28.8	2.2986655e-05	-5.8474491	-0.020623124
29.44	2.2475568e-05	-5.8473559	-0.020752395
30.08	2.2341437e-05	-5.8473516	-0.020687118
30.72	2.2062724e-05	-5.847375	-0.020721293
31.36	2.197152e-05	-5.8473937	-0.020636463
32	2.1993316e-05	-5.8473843	-0.020599771
32.64	2.2658873e-05	-5.8473799	-0.020675173
33.28	2.2598963e-05	-5.8473515	-0.020541335
33.92	2.2724514e-05	-5.8473559	-0.020654624
34.56	2.3084697e-05	-5.8473654	-0.020683584
35.2	2.3027737e-05	-5.8474027	-0.020567092
35.84	2.2405834e-05	-5.8473792	-0.020718136
36.48	2.2347992e-05	-5.8473703	-0.020693044
37.12	2.2349438e-05	-5.8473939	-0.020653291
37.76	2.2110379e-05	-5.8473613	-0.02062137
38.4	2.2468298e-05	-5.8473521	-0.0206254
39.04	2.2538193e-05	-5.8474263	-0.020684073
39.68	2.2484023e-05	-5.8474258	-0.020662634
40.32	2.2811205e-05	-5.8473978	-0.020686823
40.96	2.2692005e-05	-5.8473882	-0.02062499
41.6	2.2808386e-05	-5.8473327	-0.02063613
42.24	2.2662634e-05	-5.8473749	-0.020712219
42.88	2.242714e-05	-5.8474123	-0.020631612
43.52	2.2258939e-05	-5.8473752	-0.020683948
44.16	2.2327898e-05	-5.8473289	-0.020675551
44.8	2.2260353e-05	-5.8473751	-0.020792201
45.44	2.2346453e-05	-5.8473748	-0.020691682
46.08	2.2522035e-05	-5.8474071	-0.02065066
46.72	2.2884717e-05	-5.8474164	-0.020595414
47.36	2.2885156e-05	-5.8474117	-0.020666576
48	2.3059432e-05	-5.8473981	-0.02067079
48.64	2.2294176e-05	-5.8474164	-0.020671245
49.28	2.239499e-05	-5.8473704	-0.020685322
49.92	2.2172164e-05	-5.8473566	-0.020642634
50.56	2.2129379e-05	-5.847431	-0.020664207
51.2	2.2069569e-05	-5.8473982	-0.020548404
51.84	2.2351086e-05	-5.8473701	-0.020657128
52.48	2.3180014e-05	-5.8474216	-0.020645603
53.12	2.2738651e-05	-5.8473883	-0.020747354
53.76	2.3319484e-05	-5.8473936	-0.020717435
54.4	2.2745595e-05	-5.8474118	-0.020650842
55.04	2.267796e-05	-5.8474122	-0.020609301
55.68	2.211173e-05	-5.8473656	-0.020569575
56.32	2.2255958e-05	-5.8474358	-0.020692831
56.96	2.2258717e-05	-5.8473939	-0.02073394
57.6	2.2195401e-05	-5.847375	-0.020573125
58.24	2.2378367e-05	-5.8473841	-0.020665019
58.88	2.2297905e-05	-5.8474115	-0.020593684
59.52	2.2812603e-05	-5.8474303	-0.02061148
60.16	2.293501e-05	-5.8473978	-0.020662239
60.8	2.2854512e-05	-5.8474399	-0.020562672
61.44	2.2786329e-05	-5.8473472	-0.020574788
62.08	2.2165716e-05	-5.8474075	-0.020719325
62.72	2.1797233e-05	-5.8474074	-0.020724755
63.36	2.2008304e-05	-5.8474169	-0.020685813
64	2.2189101e-05	-5.8473796	-0.020665914
64.64	2.2220914e-05	-5.8473606	-0.020719423
65.28	2.2528617e-05	-5.8473744	-0.020576913
65.92	2.3110372e-05	-5.8474073	-0.020631211
66.56	2.2652672e-05	-5.8473743	-0.020713738
67.2	2.261654e-05	-5.8474164	-0.020682636
67.84	2.2225106e-05	-5.8474026	-0.020603241
68.48	2.228622e-05	-5.8473891	-0.020633923
69.12	2.2071111e-05	-5.8473937	-0.020639277
69.76	2.1784418e-05	-5.8473562	-0.020586834
70.4	2.2721059e-05	-5.8473429	-0.020541302
71.04	2.2569036e-05	-5.8474074	-0.020611958
71.68	2.2918893e-05	-5.8474305	-0.020655834
72.32	2.2539226e-05	-5.8474114	-0.020667125
72.96	2.2339698e-05	-5.8473461	-0.02069376
73.6	2.2887963e-05	-5.8473796	-0.020678136
74.24	2.2892464e-05	-5.847366	-0.020632221
74.88	2.193757e-05	-5.8474074	-0.020601864
75.52	2.2044734e-05	-5.8474263	-0.020576181
76.16	2.2172023e-05	-5.8473891	-0.020735636
76.8	2.1931447e-05	-5.8473932	-0.020550106
77.44	2.2764643e-05	-5.8473889	-0.020704923
78.08	2.25076e-05	-5.8473836	-0.020746312
78.72	2.2628922e-05	-5.8473742	-0.020699139
79.36	2.2447048e-05	-5.8473602	-0.020551212
80	2.2813068e-05	-5.8473656	-0.020670175
80.64	2.2186363e-05	-5.8473701	-0.020666241
81.28	2.1851092e-05	-5.8474027	-0.020732579
81.92	2.2071518e-05	-5.8473612	-0.020649951
82.56	2.2406827e-05	-5.8473753	-0.020623358
83.2	2.2038773e-05	-5.8474537	-0.020595371
83.84	2.208517e-05	-5.8473138	-0.020550685
84.48	2.2781449e-05	-5.8473746	-0.020593585
85.12	2.2810142e-05	-5.8473837	-0.020679795
85.76	2.246126e-05	-5.847444	-0.020679855
86.4	2.2484767e-05	-5.8474351	-0.02062969
87.04	2.2400106e-05	-5.8473238	-0.020641422
87.68	2.2370914e-05	-5.8473288	-0.020700867
88.32	2.1930048e-05	-5.8474216	-0.020597408
88.96	2.1884417e-05	-5.8473842	-0.020559006
89.6	2.1952547e-05	-5.8473559	-0.020687265
90.24	2.2546512e-05	-5.8474072	-0.020624074
90.88	2.3269829e-05	-5.847347	-0.020685513
91.52	2.300443e-05	-5.8474164	-0.020698777
92.16	2.2695653e-05	-5.8474163	-0.02057206
92.8	2.265655e-05	-5.8474353	-0.02061698
93.44	2.2183831e-05	-5.8473191	-0.020623137
94.08	2.2039318e-05	-5.8474402	-0.02065355
94.72	2.2093214e-05	-5.8473752	-0.020635394
95.36	2.2531359e-05	-5.8474033	-0.020677915
96	2.2597049e-05	-5.8473146	-0.020525909
96.64	2.2753381e-05	-5.8473561	-0.020540997
97.28	2.2877746e-05	-5.8473745	-0.020731914
97.92	2.2621529e-05	-5.8474208	-0.020625701
98.56	2.2637684e-05	-5.8473512	-0.020670109
99.2	2.2690877e-05	-5.8474401	-0.020682886
99.84	2.2317655e-05	-5.8473937	-0.020611123
100.48	2.2414337e-05	-5.8474499	-0.020695215
101.12	2.1874859e-05	-5.8473749	-0.020641952
101.76	2.184957e-05	-5.8473793	-0.020628433
102.4	2.2573525e-05	-5.8473889	-0.020664002
103.04	2.2455647e-05	-5.8474162	-0.020560711
103.68	2.2644598e-05	-5.847365	-0.020549137
104.32	2.2722379e-05	-5.8473837	-0.020676446
104.96	2.2456545e-05	-5.8473325	-0.02056921
105.6	2.231385e-05	-5.847384	-0.020729119
106.24	2.2454522e-05	-5.8474078	-0.020683672
106.88	2.2173533e-05	-5.8473706	-0.020639849
107.52	2.1549676e-05	-5.847356	-0.020604395
108.16	2.2364802e-05	-5.8473798	-0.020595892
108.8	2.2329884e-05	-5.8473793	-0.020597663
109.44	2.2958099e-05	-5.8473841	-0.020570268
110.08	2.2569578e-05	-5.8473742	-0.020607683
110.72	2.2819468e-05	-5.8473745	-0.020668873
111.36	2.2432851e-05	-5.8473883	-0.020573735
112	2.2365763e-05	-5.8473981	-0.020702213
112.64	2.2630273e-05	-5.8473894	-0.020644736
113.28	2.2258726e-05	-5.8474079	-0.020646753
113.92	2.2381386e-05	-5.8473986	-0.020596621
114.56	2.1872844e-05	-5.8473932	-0.020687546
115.2	2.262201e-05	-5.8473981	-0.020685374
115.84	2.2967081e-05	-5.8473376	-0.02071913
116.48	2.2841518e-05	-5.8473838	-0.020506078
117.12	2.2837202e-05	-5.8474303	-0.020676962
117.76	2.2512163e-05	-5.8473931	-0.020631578
118.4	2.2466353e-05	-5.8473703	-0.020607776
119.04	2.2148699e-05	-5.8473751	-0.020622654
119.68	2.1969362e-05	-5.8474123	-0.020663178
120.32	2.1988744e-05	-5.8474261	-0.020709491
120.96	2.2622244e-05	-5.8474403	-0.020684931
121.6	2.2371647e-05	-5.8473978	-0.020573811
122.24	2.2829376e-05	-5.8473886	-0.020647886
122.88	2.2546671e-05	-5.8473881	-0.020539537
123.52	2.2542004e-05	-5.8473324	-0.020694353
124.16	2.249844e-05	-5.847342	-0.020639242
124.8	2.2286377e-05	-5.8473748	-0.020705254
125.44	2.2215701e-05	-5.8473658	-0.020637128
126.08	2.2237595e-05	-5.8473846	-0.020559245
126.72	2.1765223e-05	-5.8474213	-0.02072732
127.36	2.2153691e-05	-5.8474027	-0.020757515
128	2.2403132e-05	-5.8474489	-0.020683178
128.64	2.2787992e-05	-5.8473326	-0.020510001
129.28	2.2959913e-05	-5.8473746	-0.020674231
129.92	2.2845187e-05	-5.8474351	-0.020800171
130.56	2.2474451e-05	-5.8473839	-0.020659503
131.2	2.2214631e-05	-5.8473563	-0.020656902
131.84	2.2023544e-05	-5.8473564	-0.020673447
132.48	2.2086888e-05	-5.8473892	-0.020619642
133.12	2.2348473e-05	-5.8474404	-0.020672055
133.76	2.2075794e-05	-5.8473886	-0.020689409
134.4	2.2117115e-05	-5.8473788	-0.020539053
135.04	2.2932731e-05	-5.8473746	-0.020676974
135.68	2.3001449e-05	-5.8473792	-0.020718711
136.32	2.2567325e-05	-5.847393	-0.020650218
136.96	2.2206073e-05	-5.8473791	-0.020678769
137.6	2.2677004e-05	-5.84738	-0.02063859
138.24	2.2043022e-05	-5.8473984	-0.020613274
138.88	2.2057922e-05	-5.8473984	-0.020668666
139.52	2.215467e-05	-5.8473285	-0.020561637
140.16	2.2500812e-05	-5.8473703	-0.020644453
140.8	2.2420362e-05	-5.8473651	-0.020577554
141.44	2.2977633e-05	-5.8474025	-0.020634881
142.08	2.2982472e-05	-5.8473885	-0.02069891
142.72	2.2707745e-05	-5.847356	-0.020682727
143.36	2.2276321e-05	-5.8474444	-0.020745922
144	2.218742e-05	-5.8473843	-0.020697909
144.64	2.2528962e-05	-5.8473849	-0.020721068
145.28	2.2211756e-05	-5.8474125	-0.02060055
145.92	2.2016251e-05	-5.8474539	-0.020664428
146.56	2.2263843e-05	-5.8473839	-0.020735424
147.2	2.263714e-05	-5.8473559	-0.020684212
147.84	2.3140019e-05	-5.8473887	-0.020605802
148.48	2.31715e-05	-5.8474306	-0.02056588
149.12	2.2934665e-05	-5.8474586	-0.020733154
149.76	2.2705642e-05	-5.8473565	-0.020610179
150.4	2.2330758e-05	-5.847324	-0.020654642
151.04	2.2419422e-05	-5.847422	-0.020675407
151.68	2.2024162e-05	-5.8473983	-0.020614437
152.32	2.2224641e-05	-5.847361	-0.020650867
152.96	2.2664667e-05	-5.8473517	-0.020658223
153.6	2.2903303e-05	-5.8473841	-0.020714748
154.24	2.287062e-05	-5.8473931	-0.02061193
154.88	2.2970952e-05	-5.8474397	-0.020694328
155.52	2.2706191e-05	-5.8473747	-0.020701352
156.16	2.2081794e-05	-5.8473838	-0.020646862
156.8	2.2274951e-05	-5.8473659	-0.020669488
157.44	2.1951051e-05	-5.847389	-0.020640026
158.08	2.2326954e-05	-5.8474451	-0.020791649
158.72	2.2451214e-05	-5.847403	-0.020646031
159.36	2.2658949e-05	-5.8473656	-0.020526714
160	2.2829151e-05	-5.847356	-0.020589475
160.64	2.3231566e-05	-5.8473888	-0.020562273
161.28	2.2784389e-05	-5.8473606	-0.020602673
161.92	2.2727609e-05	-5.8473655	-0.020755548
162.56	2.1849106e-05	-5.8474023	-0.020722543
163.2	2.2195375e-05	-5.8474634	-0.020629522
163.84	2.1824883e-05	-5.8473563	-0.020644998
164.48	2.2205117e-05	-5.8473426	-0.020587499
165.12	2.2266553e-05	-5.8473842	-0.020658286
165.76	2.2634612e-05	-5.8474167	-0.020800421
166.4	2.2618293e-05	-5.8473837	-0.020797287
167.04	2.2779344e-05	-5.8473883	-0.02065656
167.68	2.2709969e-05	-5.8473977	-0.020622408
168.32	2.287365e-05	-5.8474122	-0.020658739
168.96	2.2142983e-05	-5.8473608	-0.020533081
169.6	2.2535237e-05	-5.8474034	-0.02068715
170.24	2.1958519e-05	-5.8474262	-0.020673436
170.88	2.1686818e-05	-5.8474444	-0.020590253
171.52	2.2671674e-05	-5.8473752	-0.020692387
172.16	2.2135026e-05	-5.847444	-0.02070207
172.8	2.2705819e-05	-5.847407	-0.020598089
173.44	2.2942216e-05	-5.8473978	-0.020631413
174.08	2.3037556e-05	-5.8474074	-0.020610373
174.72	2.2554828e-05	-5.8473096	-0.020675264
175.36	2.2146926e-05	-5.8473608	-0.020684319
176	2.1865553e-05	-5.8473842	-0.020618501
176.64	2.1893167e-05	-5.8474029	-0.020668783
177.28	2.2106604e-05	-5.8473378	-0.020611024
177.92	2.2628404e-05	-5.8474217	-0.020561888
178.56	2.2461315e-05	-5.8474163	-0.020627032
179.2	2.3116969e-05	-5.8474073	-0.020683016
179.84	2.2579466e-05	-5.8474207	-0.020730315
180.48	2.2683283e-05	-5.8473606	-0.020613303
181.12	2.23338e-05	-5.8473746	-0.020663852
181.76	2.2048027e-05	-5.8473887	-0.020650751
182.4	2.1805393e-05	-5.8473841	-0.020597644
183.04	2.2293267e-05	-5.8473661	-0.02068489
183.68	2.1937269e-05	-5.847426	-0.020671171
184.32	2.2575875e-05	-5.8474122	-0.020725124
184.96	2.2759782e-05	-5.8473887	-0.020548332
185.6	2.2949113e-05	-5.8474258	-0.020772199
186.24	2.2446493e-05	-5.8474066	-0.020696022
186.88	2.2480161e-05	-5.847379	-0.020520721
187.52	2.2142423e-05	-5.8473745	-0.020744911
188.16	2.2141844e-05	-5.8474261	-0.020624484
188.8	2.196399e-05	-5.8473843	-0.020574035
189.44	2.196487e-05	-5.8473983	-0.020682924
190.08	2.2230099e-05	-5.847389	-0.020610437
190.72	2.2440686e-05	-5.8474213	-0.020545496
191.36	2.2744411e-05	-5.8473653	-0.020654952
192	2.2934506e-05	-5.8474118	-0.020725884
192.64	2.2963517e-05	-5.8474258	-0.020637093
193.28	2.2833248e-05	-5.8473841	-0.02060864
193.92	2.2402229e-05	-5.8473655	-0.020716761
194.56	2.2085846e-05	-5.8474121	-0.020692556
195.2	2.190749e-05	-5.8474261	-0.020696786
195.84	2.228912e-05	-5.8474265	-0.020703812
196.48	2.2439327e-05	-5.8474124	-0.020678742
197.12	2.2282237e-05	-5.8473885	-0.020755769
197.76	2.2374541e-05	-5.8473789	-0.020701474
198.4	2.312313e-05	-5.8473561	-0.020594581
199.04	2.2628421e-05	-5.8474301	-0.020575939
199.68	2.2743273e-05	-5.8473747	-0.020707521
200.32	2.2321178e-05	-5.8473748	-0.02070525
200.96	2.2205488e-05	-5.8474402	-0.020662135
201.6	2.2245996e-05	-5.8473614	-0.020622191
202.24	2.2128115e-05	-5.8473286	-0.020653355
202.88	2.2423202e-05	-5.8473891	-0.020674702
203.52	2.2456215e-05	-5.8474444	-0.020687143
204.16	2.2644428e-05	-5.8474582	-0.020582522
204.8	2.2333996e-05	-5.8474065	-0.020670148
205.44	2.2941642e-05	-5.8473653	-0.020624972
206.08	2.2549315e-05	-5.8473839	-0.020671934
206.72	2.272497e-05	-5.8474032	-0.020767706
207.36	2.2270398e-05	-5.8473938	-0.020638391
208	2.2083792e-05	-5.8473938	-0.02066041
208.64	2.1606344e-05	-5.8473886	-0.020724818
209.28	2.2273042e-05	-5.8473656	-0.02062606
209.92	2.2231779e-05	-5.8473557	-0.020469631
210.56	2.2606219e-05	-5.8474115	-0.020647628
211.2	2.2599877e-05	-5.847416	-0.020728018
211.84	2.30411e-05	-5.8473608	-0.020678965
212.48	2.2569396e-05	-5.8472724	-0.020607496
213.12	2.2316983e-05	-5.8473749	-0.020605916
213.76	2.2198701e-05	-5.8474124	-0.020581793
214.4	2.1966563e-05	-5.8473844	-0.020701534
215.04	2.2013236e-05	-5.8474075	-0.020559871
215.68	2.2256503e-05	-5.8474492	-0.020599164
216.32	2.2710482e-05	-5.8474399	-0.020755072
216.96	2.3081467e-05	-5.8473747	-0.020660382
217.6	2.275544e-05	-5.8474301	-0.02060442
218.24	2.2590736e-05	-5.8473697	-0.020569833
218.88	2.2219426e-05	-5.8474349	-0.020738878
219.52	2.2669645e-05	-5.8473661	-0.020624438
220.16	2.2262255e-05	-5.8473939	-0.020600862
220.8	2.2153627e-05	-5.8473985	-0.020687828
221.44	2.2723888e-05	-5.847371	-0.02063866
222.08	2.2388079e-05	-5.8473562	-0.020608956
222.72	2.2654953e-05	-5.8473979	-0.020585671
223.36	2.2776154e-05	-5.8474116	-0.020645836
224	2.3080374e-05	-5.8473607	-0.020680135
224.64	2.2738711e-05	-5.8473792	-0.020672294
225.28	2.2746597e-05	-5.8473564	-0.020595549
225.92	2.2235655e-05	-5.8473006	-0.020567185
226.56	2.239807e-05	-5.8474313	-0.020686294
227.2	2.2057114e-05	-5.8474263	-0.020625744
227.84	2.213307e-05	-5.8474075	-0.020571867
228.48	2.2537336e-05	-5.8475098	-0.020784863
229.12	2.2757528e-05	-5.8473933	-0.020660461
229.76	2.2811981e-05	-5.8474302	-0.020646302
230.4	2.3003955e-05	-5.8473793	-0.020766411
231.04	2.2349149e-05	-5.8474022	-0.020626135
231.68	2.273367e-05	-5.8473937	-0.020773849
232.32	2.2381846e-05	-5.847338	-0.020598447
232.96	2.2127894e-05	-5.847324	-0.020647518
233.6	2.2086741e-05	-5.8474031	-0.020541073
234.24	2.2216378e-05	-5.8473657	-0.020721696
234.88	2.2777803e-05	-5.8473983	-0.020689096
235.52	2.2710394e-05	-5.8474443	-0.020722978
236.16	2.29568e-05	-5.8474257	-0.020543741
236.8	2.2425315e-05	-5.8474252	-0.020679995
237.44	2.258702e-05	-5.8474117	-0.020587824
238.08	2.2398836e-05	-5.8473376	-0.020685449
238.72	2.2290731e-05	-5.8473519	-0.020618714
239.36	2.1910977e-05	-5.8473611	-0.020718418
240	2.1920885e-05	-5.8474029	-0.020741436
240.64	2.2157818e-05	-5.8473888	-0.020659758
241.28	2.2765836e-05	-5.8473564	-0.020754954
241.92	2.2461971e-05	-5.8473789	-0.020670671
242.56	2.2870253e-05	-5.8473605	-0.020706328
243.2	2.2755937e-05	-5.8473744	-0.020629445
243.84	2.2342433e-05	-5.8473325	-0.020678747
244.48	2.2493827e-05	-5.8473843	-0.020707671
245.12	2.2145513e-05	-5.8473565	-0.020619101
245.76	2.1993009e-05	-5.8473845	-0.020639964
246.4	2.1705579e-05	-5.8474166	-0.020642062
247.04	2.2338482e-05	-5.8473471	-0.020571535
247.68	2.2651841e-05	-5.8474306	-0.020680544
248.32	2.2975082e-05	-5.8474026	-0.020661734
248.96	2.3084363e-05	-5.8473746	-0.020687257
249.6	2.281512e-05	-5.8473652	-0.020736064
250.24	2.2493798e-05	-5.8473746	-0.020673367
250.88	2.2119973e-05	-5.8473886	-0.020599849
251.52	2.1832997e-05	-5.8474074	-0.020760446
252.16	2.2248041e-05	-5.8473521	-0.020542273
252.8	2.2234128e-05	-5.8473752	-0.020649801
253.44	2.2377784e-05	-5.8473982	-0.020614187
254.08	2.275808e-05	-5.8474028	-0.020739801
254.72	2.2785111e-05	-5.8474163	-0.020650765
255.36	2.2872452e-05	-5.847407	-0.020628421
256	2.2827854e-05	-5.8474164	-0.02070637
256.64	2.2678581e-05	-5.8473935	-0.020625676
257.28	2.228058e-05	-5.8473796	-0.020612573
257.92	2.2018606e-05	-5.8474216	-0.020679066
258.56	2.2028079e-05	-5.8473891	-0.020631844
259.2	2.224634e-05	-5.8473984	-0.020726366
259.84	2.2506305e-05	-5.8474075	-0.02069292
260.48	2.2528705e-05	-5.8473838	-0.020681998
261.12	2.264042e-05	-5.8474301	-0.020736143
261.76	2.3180794e-05	-5.8473887	-0.020583947
262.4	2.25643e-05	-5.8473791	-0.020623611
263.04	2.2708067e-05	-5.8473982	-0.020673553
263.68	2.180416e-05	-5.8474071	-0.020582778
264.32	2.2317302e-05	-5.8474544	-0.020652939
264.96	2.1890677e-05	-5.8473471	-0.020726925
265.6	2.2408674e-05	-5.8473985	-0.020623425
266.24	2.265338e-05	-5.8473751	-0.020621899
266.88	2.3029377e-05	-5.8473703	-0.020580862
267.52	2.3148959e-05	-5.8474213	-0.020725625
268.16	2.2664569e-05	-5.8473743	-0.020699669
268.8	2.2990376e-05	-5.8474167	-0.020726909
269.44	2.2736344e-05	-5.8473937	-0.020646735
270.08	2.2668241e-05	-5.8473987	-0.020625725
270.72	2.1959155e-05	-5.8473425	-0.020581815
271.36	2.2456024e-05	-5.8473616	-0.020659345
272	2.2371013e-05	-5.847417	-0.020580114
272.64	2.2287371e-05	-5.8473699	-0.020678214
273.28	2.2511374e-05	-5.8473557	-0.020725247
273.92	2.2800704e-05	-5.8473465	-0.020711347
274.56	2.2883551e-05	-5.8473606	-0.020750178
275.2	2.2665085e-05	-5.8473793	-0.020714589
275.84	2.274246e-05	-5.8473705	-0.020608604
276.48	2.2230276e-05	-5.8473611	-0.020610852
277.12	2.2339461e-05	-5.8473662	-0.020596281
277.76	2.2012672e-05	-5.8473983	-0.020641832
278.4	2.2062584e-05	-5.8473841	-0.020554443
279.04	2.2391265e-05	-5.8473839	-0.020594568
279.68	2.2794144e-05	-5.8473885	-0.020664802
280.32	2.293679e-05	-5.847407	-0.020716893
280.96	2.2993383e-05	-5.84737	-0.020588477
281.6	2.3107697e-05	-5.8473984	-0.020613304
282.24	2.2532657e-05	-5.8473844	-0.020738608
282.88	2.2376528e-05	-5.8473381	-0.020647229
283.52	2.207485e-05	-5.8473799	-0.020651716
284.16	2.1981417e-05	-5.8473471	-0.020696403
284.8	2.2336877e-05	-5.8474122	-0.02070961
285.44	2.2301877e-05	-5.8473279	-0.020715179
286.08	2.2910262e-05	-5.8473746	-0.020614057
286.72	2.2711138e-05	-5.8474254	-0.020783674
287.36	2.283663e-05	-5.8473931	-0.020752947
288	2.2634831e-05	-5.8473887	-0.020696338
288.64	2.2414072e-05	-5.8474634	-0.020631494
289.28	2.2094616e-05	-5.847431	-0.020672021
289.92	2.1891287e-05	-5.8474216	-0.020531104
290.56	2.1895875e-05	-5.8473191	-0.020584324
291.2	2.2748354e-05	-5.8473893	-0.02057955
291.84	2.2084445e-05	-5.8473834	-0.020674468
292.48	2.286958e-05	-5.8474489	-0.02069217
293.12	2.28897e-05	-5.8473837	-0.020699672
293.76	2.2874562e-05	-5.8474165	-0.020642914
294.4	2.240235e-05	-5.8474258	-0.020785512
295.04	2.2469533e-05	-5.8474264	-0.020642196
295.68	2.1737589e-05	-5.8474167	-0.02070736
296.32	2.2270375e-05	-5.8473894	-0.020630498
296.96	2.1885378e-05	-5.8473935	-0.020647961
297.6	2.2536077e-05	-5.8473471	-0.02067802
298.24	2.2771424e-05	-5.8473979	-0.020729677
298.88	2.3218088e-05	-5.8473794	-0.020597626
299.52	2.2565411e-05	-5.847402	-0.020571693
300.16	2.2832662e-05	-5.8473979	-0.020711061
300.8	2.2612386e-05	-5.8473982	-0.020645234
301.44	2.2607754e-05	-5.847408	-0.020685572
302.08	2.245705e-05	-5.8473896	-0.020740561
302.72	2.1909637e-05	-5.8473751	-0.020637703
303.36	2.2160435e-05	-5.8474076	-0.020560236
304	2.2089125e-05	-5.8473419	-0.020640025
304.64	2.2463871e-05	-5.8473929	-0.020571127
305.28	2.2983529e-05	-5.8473977	-0.020754711
305.92	2.2896288e-05	-5.8474163	-0.020616519
306.56	2.2425956e-05	-5.8473882	-0.020669116
307.2	2.2380954e-05	-5.8473701	-0.020647269
307.84	2.2083992e-05	-5.8473703	-0.020596775
308.48	2.1658918e-05	-5.8473656	-0.020582206
309.12	2.245735e-05	-5.8473617	-0.020667962
309.76	2.2284578e-05	-5.847431	-0.020660463
310.4	2.2385027e-05	-5.8473236	-0.020683592
311.04	2.313014e-05	-5.847347	-0.020524044
311.68	2.2921735e-05	-5.8473604	-0.020737427
312.32	2.3011916e-05	-5.8474257	-0.020553522
312.96	2.2757753e-05	-5.8474165	-0.020567633
313.6	2.2251164e-05	-5.8474398	-0.020658392
314.24	2.1995716e-05	-5.8474308	-0.02062836
314.88	2.1990354e-05	-5.847352	-0.020632049
315.52	2.2171258e-05	-5.8474125	-0.020623697
316.16	2.2619131e-05	-5.847301	-0.020587359
316.8	2.2733361e-05	-5.8474262	-0.020595003
317.44	2.240203e-05	-5.8473184	-0.020708287
318.08	2.2923755e-05	-5.8473465	-0.020570959
318.72	2.2904731e-05	-5.8473977	-0.020740295
319.36	2.2676496e-05	-5.8473234	-0.020626435
320	2.263434e-05	-5.8473658	-0.020685464
320.64	2.2099961e-05	-5.8473704	-0.020581948
321.28	2.1844839e-05	-5.8473751	-0.020566773
321.92	2.2035774e-05	-5.8473798	-0.020718239
322.56	2.2203819e-05	-5.8474029	-0.020617037
323.2	2.2724496e-05	-5.8474122	-0.020642756
323.84	2.2612914e-05	-5.8473883	-0.020713776
324.48	2.2691172e-05	-5.8473788	-0.020565261
325.12	2.3025762e-05	-5.8473466	-0.020635745
325.76	2.2822041e-05	-5.8473794	-0.020686601
326.4	2.2387202e-05	-5.8473889	-0.020656887
327.04	2.217723e-05	-5.8474264	-0.020738478
327.68	2.1702309e-05	-5.847361	-0.020587391
328.32	2.2132623e-05	-5.8473567	-0.020612861
328.96	2.2526019e-05	-5.8473706	-0.020623352
329.6	2.2704392e-05	-5.8474214	-0.020729764
330.24	2.2825828e-05	-5.8473419	-0.020592835
330.88	2.322824e-05	-5.84737	-0.020565701
331.52	2.2698243e-05	-5.8473696	-0.02056435
332.16	2.2221486e-05	-5.8473603	-0.020642347
332.8	2.2468798e-05	-5.8473937	-0.020704212
333.44	2.2169412e-05	-5.8473845	-0.020588462
334.08	2.209751e-05	-5.84738	-0.020686288
334.72	2.1854209e-05	-5.8474354	-0.02073056
335.36	2.2459194e-05	-5.8474263	-0.020645524
336	2.2680155e-05	-5.8473748	-0.020568696
336.64	2.2492325e-05	-5.8473555	-0.02066998
337.28	2.302974e-05	-5.8473931	-0.020753878
337.92	2.2446893e-05	-5.8473415	-0.020588045
338.56	2.2498573e-05	-5.8473793	-0.020651264
339.2	2.2663341e-05	-5.8474172	-0.020654511
339.84	2.1838559e-05	-5.8474447	-0.020686936
340.48	2.2217175e-05	-5.8474126	-0.020734968
341.12	2.2342855e-05	-5.8473335	-0.0206634
341.76	2.2154358e-05	-5.8474026	-0.020668531
342.4	2.2344598e-05	-5.8473558	-0.020566246
343.04	2.290886e-05	-5.8473513	-0.020566777
343.68	2.305728e-05	-5.8473653	-0.020673279
344.32	2.2812463e-05	-5.8474024	-0.020645167
344.96	2.2582934e-05	-5.8474306	-0.020486021
345.6	2.2274889e-05	-5.8474262	-0.020690785
346.24	2.2337077e-05	-5.8473987	-0.020611842
346.88	2.1720213e-05	-5.8473656	-0.020576002
347.52	2.2565958e-05	-5.8473848	-0.020638894
348.16	2.2446028e-05	-5.8473656	-0.020730134
348.8	2.2374732e-05	-5.8474208	-0.020611414
349.44	2.2529077e-05	-5.8473881	-0.020670624
350.08	2.2648431e-05	-5.8473974	-0.02074718
350.72	2.2117132e-05	-5.8474065	-0.020653348
351.36	2.2380978e-05	-5.84737	-0.020666447
352	2.2336039e-05	-5.8473891	-0.020632686
352.64	2.2325949e-05	-5.8473987	-0.020754422
353.28	2.2050125e-05	-5.8473566	-0.020611178
353.92	2.2110904e-05	-5.8474168	-0.020705633
354.56	2.2720536e-05	-5.8473518	-0.020667688
355.2	2.250583e-05	-5.847393	-0.020709471
355.84	2.3144692e-05	-5.8473608	-0.020571403
356.48	2.3064073e-05	-5.847398	-0.020534272
357.12	2.2956626e-05	-5.8473702	-0.020609031
357.76	2.2565756e-05	-5.8474168	-0.020639778
358.4	2.246165e-05	-5.8473613	-0.020557753
359.04	2.204887e-05	-5.8474542	-0.020677534
359.68	2.1842627e-05	-5.8473935	-0.02064707
360.32	2.269386e-05	-5.8474219	-0.020763997
360.96	2.2436592e-05	-5.8473701	-0.020568507
361.6	2.2779028e-05	-5.8473561	-0.020750923
362.24	2.3022571e-05	-5.8473933	-0.020802578
362.88	2.2828592e-05	-5.8473885	-0.020593004
363.52	2.2795377e-05	-5.8474632	-0.020752121
364.16	2.2302809e-05	-5.8474399	-0.020653696
364.8	2.2276432e-05	-5.8473937	-0.020638733
365.44	2.2407782e-05	-5.8473987	-0.02061079
366.08	2.2048188e-05	-5.8473239	-0.020586451
366.72	2.2354079e-05	-5.8474215	-0.020576863
367.36	2.2446955e-05	-5.8474026	-0.0207061
368	2.2487155e-05	-5.8473511	-0.02063073
368.64	2.3123987e-05	-5.847333	-0.020598325
369.28	2.2876698e-05	-5.8473839	-0.020622886
369.92	2.2765914e-05	-5.8473562	-0.020640796
370.56	2.2512439e-05	-5.8473797	-0.020596082
371.2	2.2582275e-05	-5.8473801	-0.020628117
371.84	2.2352346e-05	-5.8474498	-0.020585933
372.48	2.2259772e-05	-5.8473938	-0.020630484
373.12	2.2505521e-05	-5.8474123	-0.020681517
373.76	2.2710465e-05	-5.8474447	-0.020719401
374.4	2.2588539e-05	-5.8473791	-0.020647146
375.04	2.306205e-05	-5.8474213	-0.020693085
375.68	2.257981e-05	-5.8473837	-0.020703294
376.32	2.2224567e-05	-5.847393	-0.020633282
376.96	2.2523445e-05	-5.8473425	-0.020655228
377.6	2.2096218e-05	-5.8473703	-0.02059448
378.24	2.2049303e-05	-5.847389	-0.020699039
378.88	2.2299947e-05	-5.8474216	-0.02069365
379.52	2.2226115e-05	-5.847398	-0.020652622
380.16	2.2291299e-05	-5.8474116	-0.020614847
380.8	2.2717101e-05	-5.8474164	-0.020616919
381.44	2.2735634e-05	-5.8474164	-0.020552021
382.08	2.2735504e-05	-5.84737	-0.020692909
382.72	2.2606781e-05	-5.8473795	-0.020665423
383.36	2.2199433e-05	-5.8474073	-0.020700735
384	2.2478474e-05	-5.8474404	-0.020583987
384.64	2.1905808e-05	-5.8473795	-0.020670163
385.28	2.2002145e-05	-5.8474306	-0.020745537
385.92	2.2274023e-05	-5.8474166	-0.020635683
386.56	2.2415303e-05	-5.8473792	-0.020629033
387.2	2.2481231e-05	-5.8474069	-0.020648737
387.84	2.2416439e-05	-5.8473603	-0.020585719
388.48	2.2792836e-05	-5.847398	-0.020658785
389.12	2.2869092e-05	-5.8473984	-0.02065388
389.76	2.2683799e-05	-5.8474357	-0.020659377
390.4	2.2101887e-05	-5.8473517	-0.02059513
391.04	2.2122609e-05	-5.8474169	-0.020700829
391.68	2.2181131e-05	-5.84744	-0.020630966
392.32	2.2510171e-05	-5.8473703	-0.020589412
392.96	2.262114e-05	-5.8474027	-0.02076304
393.6	2.2753347e-05	-5.8474119	-0.020617388
394.24	2.2710238e-05	-5.8473281	-0.020599383
394.88	2.2764994e-05	-5.8473701	-0.020615141
395.52	2.232092e-05	-5.8473699	-0.020669484
396.16	2.2163586e-05	-5.8473701	-0.020681686
396.8	2.2248507e-05	-5.847389	-0.020738722
397.44	2.2353986e-05	-5.8474403	-0.020625932
398.08	2.2281641e-05	-5.8474169	-0.020591761
398.72	2.2528947e-05	-5.8473936	-0.020682911
399.36	2.2123453e-05	-5.8473743	-0.020557994
400	2.2872137e-05	-5.8474306	-0.020715956
400.64	2.2512403e-05	-5.8473744	-0.020814609
401.28	2.2326967e-05	-5.8474115	-0.020646502
401.92	2.2280232e-05	-5.8474257	-0.020745472
402.56	2.2121488e-05	-5.84737	-0.020638601
403.2	2.252005e-05	-5.8473939	-0.020658275
403.84	2.2294413e-05	-5.8474216	-0.020569265
404.48	2.2417423e-05	-5.8473565	-0.020718535
405.12	2.246901e-05	-5.8473656	-0.02068811
405.76	2.2381867e-05	-5.8473187	-0.020608208
406.4	2.2508791e-05	-5.8474163	-0.020504765
407.04	2.2505969e-05	-5.8473372	-0.020656774
407.68	2.2884868e-05	-5.8473516	-0.020613851
408.32	2.2309871e-05	-5.8474304	-0.020718427
408.96	2.2420448e-05	-5.8474075	-0.020648938
409.6	2.2293071e-05	-5.8473844	-0.020653719
410.24	2.250048e-05	-5.8474683	-0.020623004
410.88	2.2408978e-05	-5.8474402	-0.020660103
411.52	2.2085485e-05	-5.8474024	-0.02056424
412.16	2.2585366e-05	-5.8473887	-0.020701476
412.8	2.2441584e-05	-5.847379	-0.020648888
413.44	2.3011125e-05	-5.8474075	-0.020774015
414.08	2.2500012e-05	-5.8474117	-0.020714705
414.72	2.2456403e-05	-5.8473794	-0.020650494
415.36	2.2230755e-05	-5.8474353	-0.02054839
416	2.2243162e-05	-5.8474122	-0.020697778
416.64	2.2354949e-05	-5.8474496	-0.020631676
417.28	2.2017617e-05	-5.8473933	-0.020669501
417.92	2.230572e-05	-5.8473887	-0.020688248
418.56	2.2799056e-05	-5.847361	-0.020709552
419.2	2.3049963e-05	-5.8473703	-0.020637659
419.84	2.2698146e-05	-5.8473653	-0.020613109
420.48	2.2743171e-05	-5.8473515	-0.020510431
421.12	2.2404501e-05	-5.847384	-0.020664616
421.76	2.2572297e-05	-5.8473937	-0.020613277
422.4	2.2434965e-05	-5.8473473	-0.02059408
423.04	2.2191187e-05	-5.847375	-0.020677622
423.68	2.2546947e-05	-5.8474078	-0.020651965
424.32	2.2575023e-05	-5.8473424	-0.020506172
424.96	2.2866588e-05	-5.8474076	-0.020680941
425.6	2.2713729e-05	-5.847384	-0.020679667
426.24	2.2683484e-05	-5.8474257	-0.020739524
426.88	2.2221124e-05	-5.8474022	-0.020560776
427.52	2.2462724e-05	-5.8474073	-0.020730598
428.16	2.2619226e-05	-5.8473984	-0.020707577
428.8	2.2324949e-05	-5.8473565	-0.020751739
429.44	2.1806993e-05	-5.847356	-0.020706233
430.08	2.2226918e-05	-5.8474586	-0.020548061
430.72	2.2758434e-05	-5.8474403	-0.020555704
431.36	2.236757e-05	-5.8473931	-0.020646828
432	2.2845414e-05	-5.847426	-0.020643358
432.64	2.2219253e-05	-5.8473648	-0.020560892
433.28	2.2827383e-05	-5.847333	-0.020574894
433.92	2.275149e-05	-5.847375	-0.020584444
434.56	2.2512441e-05	-5.8473797	-0.020590033
435.2	2.2081119e-05	-5.8473655	-0.020659666
435.84	2.2330445e-05	-5.8474216	-0.020819241
436.48	2.2370131e-05	-5.8473751	-0.020679938
437.12	2.2499537e-05	-5.8473471	-0.020716234
437.76	2.2172065e-05	-5.8473929	-0.020741501
438.4	2.2154931e-05	-5.8474159	-0.020602465
439.04	2.2425923e-05	-5.8473417	-0.020661152
439.68	2.2434109e-05	-5.847407	-0.020711836
440.32	2.2433058e-05	-5.8474444	-0.020637647
440.96	2.2754451e-05	-5.8474404	-0.020724344
441.6	2.2619755e-05	-5.8474172	-0.020642257
442.24	2.2321003e-05	-5.8474356	-0.020705779
442.88	2.2082086e-05	-5.8473702	-0.020599551
443.52	2.2213332e-05	-5.8473561	-0.02066169
444.16	2.27708e-05	-5.8473702	-0.020634867
444.8	2.2733909e-05	-5.8473653	-0.020682972
445.44	2.2788907e-05	-5.8473839	-0.020590378
446.08	2.2605426e-05	-5.8473095	-0.020643839
446.72	2.2178367e-05	-5.8473744	-0.020619875
447.36	2.2483707e-05	-5.8474169	-0.020702313
448	2.2348169e-05	-5.8474077	-0.020735702
448.64	2.1734881e-05	-5.8474351	-0.020679843
449.28	2.2322913e-05	-5.8474076	-0.020764374
449.92	2.1997763e-05	-5.8473605	-0.02063083
450.56	2.2791481e-05	-5.8474028	-0.020630235
451.2	2.2800759e-05	-5.8473793	-0.02072882
451.84	2.3076418e-05	-5.8473562	-0.020661342
452.48	2.2669985e-05	-5.8473421	-0.020653663
453.12	2.2389214e-05	-5.847384	-0.020582292
453.76	2.2090476e-05	-5.8473422	-0.020640072
454.4	2.2332127e-05	-5.8473706	-0.020656558
455.04	2.2558506e-05	-5.8473615	-0.020740746
455.68	2.2385908e-05	-5.8474123	-0.02067468
456.32	2.2186297e-05	-5.8474304	-0.020585898
456.96	2.2952093e-05	-5.8473843	-0.020673658
457.6	2.2873699e-05	-5.8474165	-0.020618901
458.24	2.292302e-05	-5.8474305	-0.020609132
458.88	2.2372177e-05	-5.8474209	-0.020677865
459.52	2.2706141e-05	-5.8474076	-0.020588813
460.16	2.2325989e-05	-5.8473843	-0.020623349
460.8	2.2583538e-05	-5.8474313	-0.020719377
461.44	2.241161e-05	-5.8474497	-0.020798784
462.08	2.1884668e-05	-5.8473514	-0.020686666
462.72	2.2703987e-05	-5.8473518	-0.020689898
463.36	2.2563315e-05	-5.8474071	-0.020736861
464	2.2723788e-05	-5.8474024	-0.020585187
464.64	2.2708456e-05	-5.8473698	-0.020696024
465.28	2.2652942e-05	-5.8473839	-0.020599027
465.92	2.2358585e-05	-5.8473794	-0.020627339
466.56	2.1958785e-05	-5.8473933	-0.020802615
467.2	2.1822641e-05	-5.847398	-0.020722561
467.84	2.2601978e-05	-5.8474267	-0.020652504
468.48	2.2054884e-05	-5.8473887	-0.020622903
469.12	2.2634777e-05	-5.8473936	-0.020728675
469.76	2.2624319e-05	-5.8473886	-0.020558195
470.4	2.2961215e-05	-5.847398	-0.02067777
471.04	2.2364769e-05	-5.8473974	-0.020575547
471.68	2.228105e-05	-5.8474162	-0.020724282
472.32	2.2345364e-05	-5.8473421	-0.02068433
472.96	2.2471763e-05	-5.8473891	-0.020676095
473.6	2.1944083e-05	-5.8473749	-0.02063551
474.24	2.2044622e-05	-5.8473982	-0.020596661
474.88	2.203299e-05	-5.8473515	-0.020610843
475.52	2.2411112e-05	-5.8473794	-0.020638579
476.16	2.2466858e-05	-5.8473838	-0.020648294
476.8	2.2927356e-05	-5.8474072	-0.020603002
477.44	2.2743856e-05	-5.8473745	-0.020631601
478.08	2.3038038e-05	-5.8473564	-0.02069001
478.72	2.2819419e-05	-5.8473705	-0.020720391
479.36	2.2257252e-05	-5.8473889	-0.020596157
480	2.2290813e-05	-5.8473938	-0.020756402
480.64	2.2456155e-05	-5.847408	-0.020599937
481.28	2.2162645e-05	-5.8474121	-0.020677265
481.92	2.2497876e-05	-5.8473888	-0.020601813
482.56	2.2429745e-05	-5.8474581	-0.020708297
483.2	2.2859426e-05	-5.8474071	-0.020654366
483.84	2.2734826e-05	-5.8473372	-0.020601797
484.48	2.2589668e-05	-5.8473838	-0.020650383
485.12	2.1930131e-05	-5.8473882	-0.020618577
485.76	2.2185221e-05	-5.8473517	-0.020693258
486.4	2.2526847e-05	-5.8473569	-0.020578871
487.04	2.242016e-05	-5.8473987	-0.020574155
487.68	2.2180834e-05	-5.847361	-0.020713661
488.32	2.2448426e-05	-5.8473748	-0.020650914
488.96	2.2898603e-05	-5.8474446	-0.020664082
489.6	2.2668606e-05	-5.8473976	-0.020514643
490.24	2.2869072e-05	-5.8473652	-0.020624417
490.88	2.2695162e-05	-5.8473095	-0.020698758
491.52	2.254873e-05	-5.8474029	-0.020642139
492.16	2.2070277e-05	-5.8473982	-0.020741311
492.8	2.2292838e-05	-5.8474219	-0.020591961
493.44	2.2346021e-05	-5.8474219	-0.020711867
494.08	2.2400214e-05	-5.8474309	-0.020702294
494.72	2.2436376e-05	-5.8473422	-0.020747223
495.36	2.280035e-05	-5.8473607	-0.020529438
496	2.2972572e-05	-5.8473746	-0.020568079
496.64	2.2752504e-05	-5.8474116	-0.020650005
497.28	2.2725049e-05	-5.847398	-0.020769904
497.92	2.227793e-05	-5.8474119	-0.020616078
498.56	2.1821997e-05	-5.8473421	-0.020608164
499.2	2.2345358e-05	-5.8473894	-0.020665983
499.84	2.2050178e-05	-5.8473937	-0.02065317
