0	4.404167e-05	-5.8567874	-0.05393058
0.64	4.4076072e-05	-5.8567638	-0.053825109
1.28	4.4357838e-05	-5.8567354	-0.053767407
1.92	4.4460269e-05	-5.8567765	-0.05399161
2.56	4.5973912e-05	-5.856754	-0.053911943
3.2	4.6193602e-05	-5.8567679	-0.053858888
3.84	4.5520924e-05	-5.8567351	-0.053813537
4.48	4.5803306e-05	-5.8567549	-0.053945924
5.12	4.5030134e-05	-5.8567597	-0.05387896
5.76	4.4860137e-05	-5.8568252	-0.053791021
6.4	4.4788547e-05	-5.8567788	-0.053950435
7.04	4.446553e-05	-5.8567687	-0.05382981
7.68	4.4539977e-05	-5.8567773	-0.053809963
8.32	4.5599222e-05	-5.8567449	-0.053836435
8.96	4.5691393e-05	-5.8567351	-0.053791483
9.6	4.5768031e-05	-5.8567862	-0.053899285
10.24	4.4985645e-05	-5.8567813	-0.053922533
10.88	4.4664914e-05	-5.8567818	-0.053869505
11.52	4.4592773e-05	-5.8567826	-0.053984406
12.16	4.5416013e-05	-5.8567979	-0.053844602
12.8	4.4144979e-05	-5.8567827	-0.05381699
13.44	4.4354143e-05	-5.8567405	-0.053918629
14.08	4.4636858e-05	-5.8567121	-0.053812672
14.72	4.4987794e-05	-5.8567256	-0.053600733
15.36	4.6083175e-05	-5.8566936	-0.05373542
16	4.5899858e-05	-5.8567446	-0.053921967
16.64	4.6034719e-05	-5.8567872	-0.054068758
17.28	4.4896621e-05	-5.8568241	-0.053760734
17.92	4.4210433e-05	-5.8567591	-0.05382283
18.56	4.4676737e-05	-5.8568018	-0.053803945
19.2	4.3993024e-05	-5.8567778	-0.053826513
19.84	4.4241308e-05	-5.8567496	-0.053881114
20.48	4.4472641e-05	-5.856735	-0.053756592
21.12	4.5570261e-05	-5.856819	-0.053803157
21.76	4.5746137e-05	-5.8567537	-0.053782958
22.4	4.5989655e-05	-5.8567773	-0.053892444
23.04	4.5461524e-05	-5.8567309	-0.053819362
23.68	4.5667898e-05	-5.8567367	-0.053778729
24.32	4.3960678e-05	-5.8567404	-0.053888589
24.96	4.398221e-05	-5.8567454	-0.053811726
25.6	4.4713138e-05	-5.8567226	-0.053841303
26.24	4.458591e-05	-5.856773	-0.053859574
26.88	4.4311057e-05	-5.8568184	-0.053792851
27.52	4.5187429e-05	-5.856786	-0.053855371
28.16	4.4639644e-05	-5.8567526	-0.053928662
28.8	4.5322466e-05	-5.8567117	-0.053802867
29.44	4.5003552e-05	-5.8567818	-0.053948523
30.08	4.4427724e-05	-5.8567355	-0.053852683
30.72	4.4890007e-05	-5.8567692	-0.053832075
31.36	4.4269295e-05	-5.8567364	-0.053729256
32	4.4736657e-05	-5.8567784	-0.053881426
32.64	4.4979194e-05	-5.8567174	-0.053790928
33.28	4.5464839e-05	-5.8567729	-0.053834788
33.92	4.6386775e-05	-5.8567638	-0.053826139
34.56	4.5295929e-05	-5.8567719	-0.053770123
35.2	4.568219e-05	-5.8567215	-0.053861672
35.84	4.5340807e-05	-5.8567637	-0.053999939
36.48	4.4096734e-05	-5.8567075	-0.053981497
37.12	4.4389041e-05	-5.8567642	-0.053851499
37.76	4.4053852e-05	-5.8567454	-0.053918171
38.4	4.4932207e-05	-5.8568156	-0.053841708
39.04	4.4992117e-05	-5.8567638	-0.05373876
39.68	4.5866977e-05	-5.8567545	-0.053742803
40.32	4.5137514e-05	-5.8567532	-0.053909481
40.96	4.5878792e-05	-5.8568143	-0.053754545
41.6	4.499933e-05	-5.8567442	-0.053928644
42.24	4.5116605e-05	-5.8567869	-0.053849708
42.88	4.4557356e-05	-5.8567779	-0.053873475
43.52	4.3761678e-05	-5.8567497	-0.053883621
44.16	4.4214515e-05	-5.8567595	-0.053809334
44.8	4.4635733e-05	-5.856792	-0.053868955
45.44	4.4858923e-05	-5.8566844	-0.053776223
46.08	4.4744891e-05	-5.8567532	-0.053986548
46.72	4.5787146e-05	-5.8567817	-0.054013875
47.36	4.5781418e-05	-5.8567027	-0.053777307
48	4.4778594e-05	-5.8567394	-0.053757355
48.64	4.4204096e-05	-5.8567908	-0.053939157
49.28	4.4231828e-05	-5.8567963	-0.053884377
49.92	4.464294e-05	-5.8567134	-0.053749432
50.56	4.4414678e-05	-5.8567457	-0.054005496
51.2	4.5049988e-05	-5.8567922	-0.053988114
51.84	4.5106232e-05	-5.8567124	-0.053900181
52.48	4.530622e-05	-5.8567537	-0.053756225
53.12	4.4868376e-05	-5.8567853	-0.053868705
53.76	4.5961456e-05	-5.8567679	-0.053859551
54.4	4.4901825e-05	-5.8566885	-0.053900966
55.04	4.469807e-05	-5.8567171	-0.053898355
55.68	4.4933236e-05	-5.8566576	-0.053740735
56.32	4.4072453e-05	-5.8567455	-0.053713792
56.96	4.4020299e-05	-5.8567918	-0.053819262
57.6	4.4578595e-05	-5.8567173	-0.053796224
58.24	4.5382909e-05	-5.8568055	-0.053911683
58.88	4.485585e-05	-5.856781	-0.053777625
59.52	4.5256553e-05	-5.8566833	-0.053784947
60.16	4.5955082e-05	-5.8566981	-0.05387432
60.8	4.5251053e-05	-5.8567401	-0.053876797
61.44	4.4442735e-05	-5.8567914	-0.05383288
62.08	4.446377e-05	-5.856769	-0.053866162
62.72	4.3839401e-05	-5.8567734	-0.053938982
63.36	4.4133761e-05	-5.8567827	-0.053799928
64	4.4554948e-05	-5.8567823	-0.053978617
64.64	4.4942865e-05	-5.8567863	-0.053847599
65.28	4.5920609e-05	-5.8567492	-0.05370722
65.92	4.5496958e-05	-5.8567996	-0.05387495
66.56	4.5986123e-05	-5.8568051	-0.053765495
67.2	4.5302856e-05	-5.8566937	-0.0538648
67.84	4.465489e-05	-5.8567453	-0.053882512
68.48	4.3951803e-05	-5.8567919	-0.053828548
69.12	4.4374005e-05	-5.8567507	-0.0539991
69.76	4.4046293e-05	-5.8567873	-0.053784979
70.4	4.4237461e-05	-5.8567633	-0.053920904
71.04	4.5009361e-05	-5.8568049	-0.053812332
71.68	4.6352676e-05	-5.8567309	-0.053715734
72.32	4.5163897e-05	-5.8568039	-0.053831099
72.96	4.5132024e-05	-5.8568276	-0.05374202
73.6	4.5330558e-05	-5.856731	-0.053917835
74.24	4.4857301e-05	-5.8567782	-0.053908861
74.88	4.3676237e-05	-5.856722	-0.05377405
75.52	4.4206385e-05	-5.8567274	-0.054006717
76.16	4.4275439e-05	-5.8567874	-0.053840312
76.8	4.4820559e-05	-5.8568056	-0.054000905
77.44	4.5737533e-05	-5.8567729	-0.053803807
78.08	4.566596e-05	-5.8567116	-0.053838496
78.72	4.6186087e-05	-5.8567351	-0.053719405
79.36	4.5839214e-05	-5.8567678	-0.053778806
80	4.4847855e-05	-5.85674	-0.053688629
80.64	4.4321803e-05	-5.8567591	-0.053885491
81.28	4.4466194e-05	-5.8567275	-0.054026479
81.92	4.4717786e-05	-5.8567605	-0.053771245
82.56	4.4600065e-05	-5.856797	-0.053906406
83.2	4.4816223e-05	-5.8567404	-0.053811721
83.84	4.4753314e-05	-5.8566695	-0.053772169
84.48	4.6484477e-05	-5.85681	-0.053863517
85.12	4.5463221e-05	-5.8567624	-0.053770527
85.76	4.6414862e-05	-5.8567965	-0.053847572
86.4	4.5123893e-05	-5.856731	-0.053860038
87.04	4.4458727e-05	-5.8567315	-0.053831865
87.68	4.3562021e-05	-5.856815	-0.053872514
88.32	4.4246488e-05	-5.8566948	-0.05386813
88.96	4.4017902e-05	-5.8567544	-0.053773064
89.6	4.42152e-05	-5.8567769	-0.05390572
90.24	4.5500931e-05	-5.8567492	-0.053810387
90.88	4.6642868e-05	-5.8567822	-0.053819813
91.52	4.6331197e-05	-5.8567074	-0.053853609
92.16	4.560236e-05	-5.856791	-0.053798882
92.8	4.4139879e-05	-5.856786	-0.054025038
93.44	4.4564735e-05	-5.8567875	-0.054007092
94.08	4.3963311e-05	-5.856741	-0.053735332
94.72	4.4011712e-05	-5.8567875	-0.053849298
95.36	4.4385495e-05	-5.8568059	-0.053851877
96	4.4924159e-05	-5.8567822	-0.053947912
96.64	4.5528596e-05	-5.8567352	-0.053718572
97.28	4.556954e-05	-5.8567811	-0.053923942
97.92	4.5244103e-05	-5.8568181	-0.05396594
98.56	4.5403197e-05	-5.8567817	-0.053984639
99.2	4.4693214e-05	-5.8567169	-0.053858988
99.84	4.4160088e-05	-5.8568103	-0.053964056
100.48	4.3743457e-05	-5.8568198	-0.053955037
101.12	4.4244835e-05	-5.8567086	-0.053777452
101.76	4.51136e-05	-5.8567135	-0.053780248
102.4	4.489292e-05	-5.8567448	-0.053752464
103.04	4.5973445e-05	-5.8567403	-0.053882203
103.68	4.5774038e-05	-5.8567907	-0.053833225
104.32	4.6347613e-05	-5.8567216	-0.053921568
104.96	4.5009998e-05	-5.8567861	-0.053989035
105.6	4.4600929e-05	-5.8567727	-0.053984987
106.24	4.4393925e-05	-5.8567502	-0.05382391
106.88	4.5078089e-05	-5.8567187	-0.05378049
107.52	4.5034715e-05	-5.856672	-0.053806005
108.16	4.467118e-05	-5.8567454	-0.053850173
108.8	4.5518864e-05	-5.8568011	-0.053939463
109.44	4.4958465e-05	-5.8567532	-0.053901221
110.08	4.6450528e-05	-5.8567682	-0.053986489
110.72	4.5078961e-05	-5.8567577	-0.053797797
111.36	4.4642965e-05	-5.8568138	-0.053903563
112	4.4833519e-05	-5.8568103	-0.053805508
112.64	4.4488346e-05	-5.8567549	-0.053816577
113.28	4.4654811e-05	-5.8567741	-0.053744029
113.92	4.4329443e-05	-5.8566851	-0.053960568
114.56	4.4187137e-05	-5.8567959	-0.053930805
115.2	4.4234469e-05	-5.8567485	-0.053819575
115.84	4.562591e-05	-5.8567492	-0.053870929
116.48	4.5668498e-05	-5.8567536	-0.053741179
117.12	4.6021573e-05	-5.8567727	-0.053919208
117.76	4.500794e-05	-5.8567771	-0.054143795
118.4	4.4637048e-05	-5.8567218	-0.053752103
119.04	4.4820241e-05	-5.856746	-0.053856429
119.68	4.4647277e-05	-5.8567647	-0.053855517
120.32	4.4663608e-05	-5.8567272	-0.053822022
120.96	4.4391184e-05	-5.8567309	-0.053923616
121.6	4.4955364e-05	-5.8567026	-0.053829259
122.24	4.5512911e-05	-5.8567862	-0.053726976
122.88	4.5339707e-05	-5.8567393	-0.053767159
123.52	4.54081e-05	-5.8568002	-0.053864896
124.16	4.4626017e-05	-5.8567164	-0.053787403
124.8	4.4184816e-05	-5.8567913	-0.053777829
125.44	4.4649898e-05	-5.8567645	-0.053841444
126.08	4.4021235e-05	-5.8567873	-0.053958261
126.72	4.4564999e-05	-5.8567317	-0.05388118
127.36	4.4146057e-05	-5.8567119	-0.053821025
128	4.464908e-05	-5.8567115	-0.053856869
128.64	4.5644024e-05	-5.8568421	-0.053911743
129.28	4.5511219e-05	-5.8567627	-0.054031149
129.92	4.5926409e-05	-5.8567682	-0.053894962
130.56	4.4377807e-05	-5.8567163	-0.053804648
131.2	4.5093115e-05	-5.8567226	-0.053798649
131.84	4.4645087e-05	-5.8568157	-0.053840709
132.48	4.4362341e-05	-5.8567877	-0.053941755
133.12	4.5137586e-05	-5.856746	-0.053913795
133.76	4.5167065e-05	-5.8568336	-0.053935334
134.4	4.5370655e-05	-5.8567725	-0.053988554
135.04	4.5879188e-05	-5.8567817	-0.053863212
135.68	4.5971763e-05	-5.8567493	-0.053896472
136.32	4.5116314e-05	-5.8568048	-0.053803622
136.96	4.4844435e-05	-5.8568007	-0.053777775
137.6	4.4850872e-05	-5.856755	-0.053868533
138.24	4.4283335e-05	-5.8567689	-0.053918431
138.88	4.5058305e-05	-5.8567743	-0.05389892
139.52	4.4097388e-05	-5.85681	-0.053874303
140.16	4.5296515e-05	-5.8567313	-0.053799634
140.8	4.5768114e-05	-5.8567309	-0.053880281
141.44	4.5892104e-05	-5.8567677	-0.053873762
142.08	4.5708159e-05	-5.8567723	-0.053788789
142.72	4.514772e-05	-5.8567166	-0.053882613
143.36	4.4657837e-05	-5.8567542	-0.053855065
144	4.5300111e-05	-5.8567324	-0.053697788
144.64	4.4258947e-05	-5.8567782	-0.05378837
145.28	4.4688641e-05	-5.8567832	-0.053753881
145.92	4.4122325e-05	-5.856689	-0.053885379
146.56	4.4631077e-05	-5.8567119	-0.05377142
147.2	4.560581e-05	-5.8567213	-0.053899115
147.84	4.5809501e-05	-5.856749	-0.053825095
148.48	4.5260615e-05	-5.8567905	-0.053821876
149.12	4.4717807e-05	-5.856786	-0.053934381
149.76	4.4393094e-05	-5.8568239	-0.053837464
150.4	4.4364308e-05	-5.8567967	-0.053837445
151.04	4.4180149e-05	-5.8567968	-0.053871749
151.68	4.3820744e-05	-5.8568009	-0.05381602
152.32	4.5439022e-05	-5.8567041	-0.053908493
152.96	4.5652306e-05	-5.8567546	-0.053895692
153.6	4.4813526e-05	-5.8567948	-0.053900814
154.24	4.5969422e-05	-5.8567817	-0.05403804
154.88	4.5329566e-05	-5.8567441	-0.053704791
155.52	4.501331e-05	-5.8567678	-0.053898829
156.16	4.435963e-05	-5.8566937	-0.053671589
156.8	4.350133e-05	-5.8567354	-0.053937735
157.44	4.4493061e-05	-5.8567646	-0.053879345
158.08	4.4678504e-05	-5.856811	-0.053921983
158.72	4.4989013e-05	-5.8567361	-0.053846319
159.36	4.5371755e-05	-5.8567682	-0.053819467
160	4.5811013e-05	-5.8567632	-0.053937997
160.64	4.4941557e-05	-5.8567667	-0.053863263
161.28	4.598706e-05	-5.8567262	-0.053777657
161.92	4.4550108e-05	-5.8568047	-0.053831955
162.56	4.5278079e-05	-5.8567924	-0.053964921
163.2	4.4964238e-05	-5.8567742	-0.053803912
163.84	4.439181e-05	-5.8567692	-0.053871729
164.48	4.4173768e-05	-5.8568197	-0.053787969
165.12	4.4888577e-05	-5.8567219	-0.05389126
165.76	4.5356759e-05	-5.8567215	-0.053950807
166.4	4.5309305e-05	-5.8567579	-0.053804915
167.04	4.5126749e-05	-5.8567529	-0.053793265
167.68	4.5753552e-05	-5.8567539	-0.053917651
168.32	4.4798148e-05	-5.856805	-0.053931584
168.96	4.4564309e-05	-5.8567918	-0.053957745
169.6	4.4386147e-05	-5.8567644	-0.053833231
170.24	4.4608392e-05	-5.8567787	-0.053850376
170.88	4.4580987e-05	-5.8567317	-0.053825605
171.52	4.4698424e-05	-5.85681	-0.053891335
172.16	4.6073308e-05	-5.8566663	-0.053765395
172.8	4.5575662e-05	-5.8567814	-0.053801577
173.44	4.5436569e-05	-5.8567021	-0.053973511
174.08	4.5592227e-05	-5.8568609	-0.053979535
174.72	4.5626906e-05	-5.8568106	-0.053851948
175.36	4.446648e-05	-5.8567593	-0.053803646
176	4.3783243e-05	-5.8567546	-0.053807298
176.64	4.3843722e-05	-5.8567035	-0.053912279
177.28	4.4006136e-05	-5.8567217	-0.053981627
177.92	4.4971847e-05	-5.8566752	-0.053812096
178.56	4.597164e-05	-5.8567032	-0.053830516
179.2	4.5853045e-05	-5.8568002	-0.053896832
179.84	4.5489423e-05	-5.8568231	-0.05390508
180.48	4.5389207e-05	-5.8568189	-0.053856201
181.12	4.466019e-05	-5.8567355	-0.053938117
181.76	4.4827741e-05	-5.856718	-0.05388508
182.4	4.4341353e-05	-5.8567692	-0.053739011
183.04	4.3466859e-05	-5.8567077	-0.053949848
183.68	4.4066109e-05	-5.8567495	-0.053848501
184.32	4.6115645e-05	-5.8567413	-0.053824826
184.96	4.5230802e-05	-5.8567442	-0.053875419
185.6	4.6970768e-05	-5.8567129	-0.053862721
186.24	4.5679564e-05	-5.856721	-0.053907329
186.88	4.4994724e-05	-5.8568141	-0.053827231
187.52	4.3812186e-05	-5.8567859	-0.053859086
188.16	4.3867623e-05	-5.8567171	-0.053829927
188.8	4.4224296e-05	-5.8567505	-0.053688022
189.44	4.3884568e-05	-5.8567593	-0.053894321
190.08	4.4764721e-05	-5.8568059	-0.05395315
190.72	4.5327586e-05	-5.8567543	-0.053843721
191.36	4.5021456e-05	-5.8567578	-0.053841399
192	4.5570778e-05	-5.8567347	-0.05373596
192.64	4.5177672e-05	-5.8567531	-0.053792025
193.28	4.5339682e-05	-5.8568006	-0.054019172
193.92	4.479542e-05	-5.8568243	-0.053895077
194.56	4.4050217e-05	-5.8567779	-0.054012484
195.2	4.3402542e-05	-5.8567357	-0.053761239
195.84	4.4456603e-05	-5.8567922	-0.053840546
196.48	4.4721109e-05	-5.8567406	-0.053816854
197.12	4.5682629e-05	-5.8567359	-0.053941068
197.76	4.5659322e-05	-5.8567723	-0.053808103
198.4	4.5794111e-05	-5.8567954	-0.053869715
199.04	4.5184272e-05	-5.8567858	-0.053926606
199.68	4.4846214e-05	-5.8567537	-0.053941946
200.32	4.4312771e-05	-5.8567774	-0.053850841
200.96	4.4363643e-05	-5.8567968	-0.054082389
201.6	4.4424137e-05	-5.8567227	-0.053783581
202.24	4.4546678e-05	-5.8568016	-0.053836795
202.88	4.5131143e-05	-5.8567408	-0.053816741
203.52	4.5496213e-05	-5.8567356	-0.053857493
204.16	4.5254388e-05	-5.8567393	-0.053789658
204.8	4.6509512e-05	-5.8568008	-0.053912365
205.44	4.5979345e-05	-5.8567263	-0.053919005
206.08	4.5035938e-05	-5.8567401	-0.053843378
206.72	4.4622953e-05	-5.856736	-0.053790222
207.36	4.4072338e-05	-5.8567594	-0.05381022
208	4.3467778e-05	-5.8568101	-0.053923424
208.64	4.5050542e-05	-5.8567787	-0.053788484
209.28	4.5113564e-05	-5.8567128	-0.053934488
209.92	4.5546613e-05	-5.8567775	-0.053899269
210.56	4.5551147e-05	-5.8567582	-0.053976964
211.2	4.7035939e-05	-5.8567548	-0.053992966
211.84	4.5093179e-05	-5.8568232	-0.053921695
212.48	4.425942e-05	-5.8567907	-0.05383583
213.12	4.4129138e-05	-5.8567589	-0.053740466
213.76	4.3655204e-05	-5.856773	-0.053737156
214.4	4.415005e-05	-5.8566991	-0.053985655
215.04	4.4234595e-05	-5.8567963	-0.05379646
215.68	4.4818166e-05	-5.8567217	-0.053790877
216.32	4.5509024e-05	-5.8567494	-0.053892579
216.96	4.5649364e-05	-5.8567675	-0.053923965
217.6	4.5693892e-05	-5.8567396	-0.053757017
218.24	4.5145432e-05	-5.8567815	-0.053903692
218.88	4.4767596e-05	-5.856782	-0.053838066
219.52	4.4420581e-05	-5.8567174	-0.0537296
220.16	4.4215601e-05	-5.8566991	-0.053852547
220.8	4.4332529e-05	-5.856755	-0.053758306
221.44	4.4311591e-05	-5.8567777	-0.053835374
222.08	4.5175257e-05	-5.8567544	-0.053817053
222.72	4.5173114e-05	-5.8567582	-0.05376147
223.36	4.5148273e-05	-5.8567391	-0.05396508
224	4.5740737e-05	-5.8567444	-0.053824365
224.64	4.5416785e-05	-5.85674	-0.053857817
225.28	4.5135073e-05	-5.8567733	-0.053796193
225.92	4.4169199e-05	-5.8567824	-0.053886337
226.56	4.3454487e-05	-5.8567077	-0.053984113
227.2	4.4254555e-05	-5.8567688	-0.053912291
227.84	4.4745576e-05	-5.8567873	-0.05380098
228.48	4.5648825e-05	-5.8567826	-0.053931857
229.12	4.5564694e-05	-5.8568189	-0.053845179
229.76	4.5477649e-05	-5.8567905	-0.053977065
230.4	4.5411865e-05	-5.8567534	-0.053940509
231.04	4.6173301e-05	-5.8567642	-0.053728542
231.68	4.50356e-05	-5.8567361	-0.053793953
232.32	4.4205124e-05	-5.8567361	-0.053831569
232.96	4.3728787e-05	-5.8567639	-0.053830978
233.6	4.4259887e-05	-5.8567967	-0.053759516
234.24	4.4470103e-05	-5.856852	-0.05395783
234.88	4.5478788e-05	-5.8567637	-0.053808486
235.52	4.5734989e-05	-5.8567213	-0.053970693
236.16	4.5235946e-05	-5.8567623	-0.053942168
236.8	4.5891164e-05	-5.8567353	-0.053820771
237.44	4.5868974e-05	-5.8567082	-0.053899746
238.08	4.40191e-05	-5.8567585	-0.053899524
238.72	4.3966145e-05	-5.8568057	-0.053802075
239.36	4.4132862e-05	-5.8567364	-0.053883851
240	4.504983e-05	-5.8568067	-0.053793882
240.64	4.4479267e-05	-5.856796	-0.05389144
241.28	4.5312001e-05	-5.8566983	-0.053921091
241.92	4.6587871e-05	-5.8567499	-0.053840709
242.56	4.6139175e-05	-5.8567586	-0.053878694
243.2	4.5308433e-05	-5.8567395	-0.053742992
243.84	4.5061735e-05	-5.856768	-0.053784695
244.48	4.4135848e-05	-5.8567773	-0.053952529
245.12	4.4341021e-05	-5.8567364	-0.053930665
245.76	4.398478e-05	-5.8567315	-0.053899448
246.4	4.4071351e-05	-5.8567824	-0.053777357
247.04	4.3785761e-05	-5.8567627	-0.053830282
247.68	4.4573394e-05	-5.8567858	-0.053725075
248.32	4.5232921e-05	-5.8567485	-0.053665445
248.96	4.5779575e-05	-5.8567675	-0.053825451
249.6	4.6253081e-05	-5.8568382	-0.054082285
250.24	4.4609135e-05	-5.8567956	-0.053822151
250.88	4.3992491e-05	-5.8568146	-0.053873164
251.52	4.4393028e-05	-5.8568435	-0.05392948
252.16	4.4228174e-05	-5.8567271	-0.053988843
252.8	4.4625274e-05	-5.8566758	-0.053835768
253.44	4.4613302e-05	-5.8567773	-0.053850791
254.08	4.5542385e-05	-5.8568145	-0.053781362
254.72	4.5278065e-05	-5.8567764	-0.053641937
255.36	4.5450952e-05	-5.8567719	-0.053974238
256	4.5819242e-05	-5.8567356	-0.053851877
256.64	4.4884648e-05	-5.8567263	-0.053803286
257.28	4.4763428e-05	-5.8568108	-0.053961169
257.92	4.5069661e-05	-5.8567745	-0.053893513
258.56	4.4364482e-05	-5.8567737	-0.053935447
259.2	4.485819e-05	-5.8567736	-0.053866386
259.84	4.4418513e-05	-5.8568001	-0.053752155
260.48	4.4844103e-05	-5.8567671	-0.053920211
261.12	4.5546098e-05	-5.8568278	-0.053815208
261.76	4.5971277e-05	-5.856726	-0.053730542
262.4	4.4701289e-05	-5.8567998	-0.053869449
263.04	4.4004758e-05	-5.8567396	-0.053922552
263.68	4.4625011e-05	-5.8567457	-0.053818973
264.32	4.3355667e-05	-5.8568332	-0.053801605
264.96	4.5072641e-05	-5.8567092	-0.053872613
265.6	4.457151e-05	-5.8567546	-0.053846325
266.24	4.4544144e-05	-5.8568373	-0.053871158
266.88	4.4900023e-05	-5.8568276	-0.05406575
267.52	4.5736575e-05	-5.8568419	-0.053961411
268.16	4.6303283e-05	-5.8567263	-0.053765178
268.8	4.5921283e-05	-5.856736	-0.053807853
269.44	4.4800925e-05	-5.8566893	-0.053891616
270.08	4.414322e-05	-5.8566988	-0.05401714
270.72	4.4385414e-05	-5.8567134	-0.05373825
271.36	4.4704135e-05	-5.8567972	-0.053748663
272	4.4276168e-05	-5.8567495	-0.053786644
272.64	4.4847554e-05	-5.8567444	-0.053746459
273.28	4.5006884e-05	-5.8567159	-0.053740616
273.92	4.5491479e-05	-5.8566835	-0.053891794
274.56	4.5479757e-05	-5.8567396	-0.053839047
275.2	4.5645153e-05	-5.8568056	-0.053780931
275.84	4.4416271e-05	-5.8567262	-0.053946896
276.48	4.3171132e-05	-5.856777	-0.053897007
277.12	4.4287964e-05	-5.8567365	-0.053849768
277.76	4.4214025e-05	-5.8567594	-0.053915378
278.4	4.4386782e-05	-5.8567495	-0.053753062
279.04	4.5462254e-05	-5.8567031	-0.053794454
279.68	4.5879337e-05	-5.8567865	-0.053809149
280.32	4.5398884e-05	-5.8567485	-0.053784504
280.96	4.5921831e-05	-5.8567354	-0.053817756
281.6	4.5193236e-05	-5.856796	-0.053823919
282.24	4.4893675e-05	-5.8567548	-0.05389579
282.88	4.4575242e-05	-5.8567692	-0.053890564
283.52	4.4128267e-05	-5.8567457	-0.05401222
284.16	4.4712685e-05	-5.8567552	-0.053784484
284.8	4.4257759e-05	-5.8567772	-0.053792793
285.44	4.5461731e-05	-5.8567123	-0.053894154
286.08	4.5437784e-05	-5.8568372	-0.053819227
286.72	4.5806949e-05	-5.8567443	-0.053873198
287.36	4.5512895e-05	-5.8567351	-0.05378564
288	4.5062233e-05	-5.856782	-0.053855313
288.64	4.3927475e-05	-5.85674	-0.053783468
289.28	4.4554006e-05	-5.8568529	-0.05387749
289.92	4.4120454e-05	-5.8567178	-0.053887639
290.56	4.4793082e-05	-5.8567552	-0.053972501
291.2	4.5804473e-05	-5.8567879	-0.053843179
291.84	4.5465086e-05	-5.8567634	-0.053923422
292.48	4.6344793e-05	-5.8567217	-0.053903819
293.12	4.5176096e-05	-5.8567623	-0.053771294
293.76	4.5219283e-05	-5.8566976	-0.053865277
294.4	4.4578799e-05	-5.8567211	-0.053806028
295.04	4.4150101e-05	-5.8567915	-0.053689114
295.68	4.4279484e-05	-5.8567504	-0.053725336
296.32	4.4639487e-05	-5.8567741	-0.053822174
296.96	4.407269e-05	-5.8568102	-0.054002573
297.6	4.4948218e-05	-5.8567358	-0.053829297
298.24	4.6080312e-05	-5.8567685	-0.053823179
298.88	4.51508e-05	-5.8567669	-0.053787946
299.52	4.6361069e-05	-5.8567448	-0.053800789
300.16	4.5758569e-05	-5.8567355	-0.053810143
300.8	4.481871e-05	-5.8567216	-0.053760028
301.44	4.4522203e-05	-5.8567641	-0.053802474
302.08	4.3438037e-05	-5.8567496	-0.053914512
302.72	4.417344e-05	-5.8567689	-0.053867033
303.36	4.3953962e-05	-5.8568006	-0.053841259
304	4.4161258e-05	-5.8568278	-0.053850274
304.64	4.5366542e-05	-5.8567676	-0.05380353
305.28	4.4930871e-05	-5.8567992	-0.054079083
305.92	4.531138e-05	-5.8567066	-0.053898796
306.56	4.5403331e-05	-5.8568283	-0.053798696
307.2	4.5061322e-05	-5.8568011	-0.053861308
307.84	4.434515e-05	-5.8567594	-0.053875582
308.48	4.4037703e-05	-5.8567411	-0.053773654
309.12	4.4958733e-05	-5.8567697	-0.053939732
309.76	4.4180272e-05	-5.8567821	-0.05396453
310.4	4.5983573e-05	-5.8567643	-0.053837603
311.04	4.5897273e-05	-5.8567819	-0.053815624
311.68	4.6161425e-05	-5.8567864	-0.053866226
312.32	4.5998801e-05	-5.8567679	-0.053738658
312.96	4.5645002e-05	-5.8567869	-0.053807069
313.6	4.4721573e-05	-5.8567405	-0.053802202
314.24	4.4526643e-05	-5.856704	-0.053804259
314.88	4.422893e-05	-5.8568063	-0.053808327
315.52	4.3951379e-05	-5.8567778	-0.053933463
316.16	4.4983119e-05	-5.8567548	-0.054019242
316.8	4.4754354e-05	-5.8567861	-0.053707731
317.44	4.628571e-05	-5.856745	-0.053935472
318.08	4.6345902e-05	-5.8567122	-0.053735833
318.72	4.5370145e-05	-5.8568046	-0.053747194
319.36	4.4823274e-05	-5.8567724	-0.053903082
320	4.4644093e-05	-5.856722	-0.05373889
320.64	4.4008641e-05	-5.8567593	-0.053797618
321.28	4.4769282e-05	-5.8567324	-0.0537941
321.92	4.4277428e-05	-5.8567408	-0.054002512
322.56	4.4962059e-05	-5.8567406	-0.053787665
323.2	4.520371e-05	-5.8567073	-0.053881367
323.84	4.5498995e-05	-5.8567953	-0.053739518
324.48	4.4925075e-05	-5.8567341	-0.053914126
325.12	4.5672781e-05	-5.8567818	-0.053847967
325.76	4.6298632e-05	-5.8567832	-0.053877223
326.4	4.4261563e-05	-5.856731	-0.053738124
327.04	4.412827e-05	-5.8567548	-0.053972301
327.68	4.3642957e-05	-5.8567312	-0.053861141
328.32	4.3662081e-05	-5.8566936	-0.053799581
328.96	4.4276377e-05	-5.8567399	-0.053964402
329.6	4.5297525e-05	-5.8567399	-0.053821784
330.24	4.6044542e-05	-5.8567772	-0.053840762
330.88	4.4562771e-05	-5.8567524	-0.053839594
331.52	4.4637873e-05	-5.8567391	-0.053787845
332.16	4.5217297e-05	-5.8566847	-0.053747831
332.8	4.385973e-05	-5.8567214	-0.053749576
333.44	4.3525282e-05	-5.8567356	-0.05372843
334.08	4.4436131e-05	-5.856797	-0.053912261
334.72	4.4625973e-05	-5.8567921	-0.053980898
335.36	4.5173646e-05	-5.8567964	-0.053797359
336	4.5160682e-05	-5.8567351	-0.05385961
336.64	4.6038459e-05	-5.8568005	-0.053913674
337.28	4.5825916e-05	-5.8567584	-0.053857312
337.92	4.4823434e-05	-5.8567346	-0.054027242
338.56	4.5503119e-05	-5.8567594	-0.05386377
339.2	4.3959602e-05	-5.8567216	-0.053922083
339.84	4.4128563e-05	-5.8568014	-0.053759623
340.48	4.4202296e-05	-5.856755	-0.053823184
341.12	4.4153292e-05	-5.8567962	-0.053737325
341.76	4.5400437e-05	-5.8567686	-0.053748532
342.4	4.6228096e-05	-5.8567127	-0.053937991
343.04	4.5753432e-05	-5.8567908	-0.053899213
343.68	4.5850964e-05	-5.8567352	-0.05377023
344.32	4.5794162e-05	-5.8567962	-0.053699344
344.96	4.4219181e-05	-5.8567444	-0.053787721
345.6	4.4503795e-05	-5.8567641	-0.053857049
346.24	4.4472022e-05	-5.8567366	-0.053833113
346.88	4.3800911e-05	-5.856801	-0.053926099
347.52	4.428193e-05	-5.8567311	-0.05396462
348.16	4.5551457e-05	-5.8567873	-0.053977731
348.8	4.5823163e-05	-5.856768	-0.053752141
349.44	4.5787684e-05	-5.8567675	-0.053819434
350.08	4.5462899e-05	-5.8568092	-0.0537835
350.72	4.4680985e-05	-5.8567533	-0.053849082
351.36	4.4555888e-05	-5.8567356	-0.053930912
352	4.4332294e-05	-5.8567827	-0.053910435
352.64	4.4273573e-05	-5.8567644	-0.053809036
353.28	4.440587e-05	-5.8567783	-0.053986475
353.92	4.4478695e-05	-5.8567451	-0.05382734
354.56	4.6032706e-05	-5.8567876	-0.053798393
355.2	4.5375535e-05	-5.8567722	-0.053838185
355.84	4.5762432e-05	-5.8568233	-0.053866751
356.48	4.511305e-05	-5.8567577	-0.053758209
357.12	4.5231187e-05	-5.8567167	-0.053944563
357.76	4.4872599e-05	-5.8568011	-0.053924011
358.4	4.3810511e-05	-5.8568056	-0.053856637
359.04	4.4213323e-05	-5.8568016	-0.054075444
359.68	4.5111435e-05	-5.8567929	-0.053771811
360.32	4.5164457e-05	-5.8567968	-0.053840208
360.96	4.4975118e-05	-5.8567677	-0.053780803
361.6	4.5174042e-05	-5.8567578	-0.053912458
362.24	4.575017e-05	-5.856721	-0.053871539
362.88	4.5787051e-05	-5.8567679	-0.053803679
363.52	4.4751301e-05	-5.8568048	-0.053873412
364.16	4.4977624e-05	-5.8567502	-0.053852283
364.8	4.3568459e-05	-5.856717	-0.053884794
365.44	4.4609839e-05	-5.8567043	-0.053796166
366.08	4.4508597e-05	-5.8566992	-0.05381575
366.72	4.4986025e-05	-5.8567965	-0.053807927
367.36	4.5864442e-05	-5.8567406	-0.053988081
368	4.563281e-05	-5.8567397	-0.053897644
368.64	4.6356562e-05	-5.8567634	-0.054025359
369.28	4.5358489e-05	-5.8568047	-0.053954378
369.92	4.5060378e-05	-5.8568007	-0.053946423
370.56	4.4643519e-05	-5.8567687	-0.053807282
371.2	4.4410336e-05	-5.8567133	-0.053956643
371.84	4.4065153e-05	-5.8567875	-0.053973253
372.48	4.5350261e-05	-5.8567417	-0.053829337
373.12	4.5626374e-05	-5.8567272	-0.053959193
373.76	4.4758692e-05	-5.8567486	-0.053838008
374.4	4.6603136e-05	-5.8567266	-0.053783293
375.04	4.5136693e-05	-5.8567809	-0.053863844
375.68	4.6047727e-05	-5.8567916	-0.053889437
376.32	4.525342e-05	-5.8567963	-0.053821675
376.96	4.3842151e-05	-5.8567587	-0.053702832
377.6	4.4067602e-05	-5.8567456	-0.053818192
378.24	4.3362738e-05	-5.8567682	-0.053843895
378.88	4.4808816e-05	-5.8567597	-0.05391002
379.52	4.431736e-05	-5.8567816	-0.053955631
380.16	4.5421008e-05	-5.8567677	-0.053834576
380.8	4.5656608e-05	-5.8568139	-0.05373068
381.44	4.5780986e-05	-5.856749	-0.0538826
382.08	4.5832797e-05	-5.8567775	-0.053838877
382.72	4.5496714e-05	-5.8567642	-0.053832386
383.36	4.450149e-05	-5.8567501	-0.053873595
384	4.352838e-05	-5.8567078	-0.053834918
384.64	4.4129808e-05	-5.8567875	-0.05387934
385.28	4.4852031e-05	-5.8567876	-0.053730029
385.92	4.5052399e-05	-5.8568008	-0.053776289
386.56	4.5428269e-05	-5.8568375	-0.053740108
387.2	4.4938551e-05	-5.8567806	-0.053909736
387.84	4.6043947e-05	-5.8567538	-0.053834998
388.48	4.6253828e-05	-5.8567408	-0.053876821
389.12	4.5230349e-05	-5.8566896	-0.05387417
389.76	4.4222078e-05	-5.8567453	-0.05383264
390.4	4.3922686e-05	-5.8567502	-0.053808219
391.04	4.3900754e-05	-5.8568337	-0.053881729
391.68	4.4918293e-05	-5.8567363	-0.053875871
392.32	4.5245745e-05	-5.8568054	-0.054009701
392.96	4.6438397e-05	-5.8566802	-0.05398596
393.6	4.4962935e-05	-5.8567899	-0.053795956
394.24	4.6114161e-05	-5.8567866	-0.053850074
394.88	4.5044202e-05	-5.8567072	-0.053870213
395.52	4.4564339e-05	-5.8566984	-0.053822156
396.16	4.4107919e-05	-5.8568197	-0.053988803
396.8	4.4156146e-05	-5.8567318	-0.053760857
397.44	4.4509014e-05	-5.8567319	-0.053745997
398.08	4.4436681e-05	-5.8567311	-0.053930667
398.72	4.5059301e-05	-5.8567679	-0.053819153
399.36	4.5173993e-05	-5.8568323	-0.053835507
400	4.5303459e-05	-5.8567251	-0.053812225
400.64	4.5645217e-05	-5.8567723	-0.053802632
401.28	4.593763e-05	-5.8567734	-0.053789541
401.92	4.5039081e-05	-5.8567688	-0.05388246
402.56	4.356762e-05	-5.8566704	-0.053844957
403.2	4.4448387e-05	-5.8568157	-0.053905736
403.84	4.4423839e-05	-5.8567178	-0.05394173
404.48	4.4479549e-05	-5.8567589	-0.053795812
405.12	4.5274396e-05	-5.8567773	-0.053969518
405.76	4.5706689e-05	-5.8567212	-0.053888245
406.4	4.5411073e-05	-5.8567346	-0.053900177
407.04	4.5373011e-05	-5.8567814	-0.053819696
407.68	4.520728e-05	-5.8567215	-0.053931944
408.32	4.5095514e-05	-5.8567224	-0.053672721
408.96	4.3461581e-05	-5.8567774	-0.053817554
409.6	4.4169796e-05	-5.8567504	-0.053839052
410.24	4.3706882e-05	-5.8567309	-0.053759728
410.88	4.4664327e-05	-5.8567124	-0.053858093
411.52	4.533966e-05	-5.856782	-0.053886435
412.16	4.5371672e-05	-5.8567999	-0.053883333
412.8	4.5481152e-05	-5.8567207	-0.053790524
413.44	4.4927254e-05	-5.8567345	-0.053970713
414.08	4.509658e-05	-5.8567727	-0.053972885
414.72	4.4788247e-05	-5.8567547	-0.053965822
415.36	4.3704207e-05	-5.8568055	-0.053950442
416	4.4563382e-05	-5.8567694	-0.05380949
416.64	4.3798035e-05	-5.8567961	-0.053836328
417.28	4.4806192e-05	-5.8568195	-0.054015444
417.92	4.4448332e-05	-5.8567298	-0.053839475
418.56	4.5840055e-05	-5.8567631	-0.053815344
419.2	4.6404519e-05	-5.8567682	-0.053868054
419.84	4.476282e-05	-5.8567298	-0.053773297
420.48	4.5467916e-05	-5.8568058	-0.053905212
421.12	4.4825702e-05	-5.85682	-0.053849402
421.76	4.5014364e-05	-5.8567232	-0.053821472
422.4	4.4134523e-05	-5.8568061	-0.05385403
423.04	4.4154867e-05	-5.8567498	-0.053925551
423.68	4.55442e-05	-5.8566759	-0.053989947
424.32	4.5427237e-05	-5.8567679	-0.053868994
424.96	4.6492992e-05	-5.8567357	-0.053767156
425.6	4.642375e-05	-5.8567728	-0.053808049
426.24	4.5988238e-05	-5.8567916	-0.053757924
426.88	4.4534713e-05	-5.8567678	-0.053883654
427.52	4.4384571e-05	-5.8567825	-0.053916609
428.16	4.4255941e-05	-5.8567597	-0.05386446
428.8	4.4161175e-05	-5.8567643	-0.053847193
429.44	4.4809335e-05	-5.8568155	-0.053823723
430.08	4.4892864e-05	-5.8568146	-0.053788773
430.72	4.5748072e-05	-5.8567122	-0.053843969
431.36	4.5993194e-05	-5.8567538	-0.053894703
432	4.5170636e-05	-5.8568182	-0.053738479
432.64	4.5309142e-05	-5.8568283	-0.05385764
433.28	4.4904696e-05	-5.8567451	-0.053870043
433.92	4.4021086e-05	-5.8568102	-0.053958192
434.56	4.3550015e-05	-5.8567869	-0.054025879
435.2	4.4281345e-05	-5.8567689	-0.053797616
435.84	4.3837064e-05	-5.8568144	-0.05376948
436.48	4.5371586e-05	-5.8567638	-0.053887926
437.12	4.5038722e-05	-5.8567207	-0.053777503
437.76	4.5259125e-05	-5.8567902	-0.053806263
438.4	4.5877828e-05	-5.856712	-0.053821785
439.04	4.562833e-05	-5.8567636	-0.053898076
439.68	4.4953772e-05	-5.8567685	-0.053897644
440.32	4.4294762e-05	-5.8567594	-0.05387994
440.96	4.3776885e-05	-5.856736	-0.053840951
441.6	4.4530108e-05	-5.8567644	-0.053890453
442.24	4.4495624e-05	-5.8567497	-0.053656293
442.88	4.4993971e-05	-5.8567679	-0.053796768
443.52	4.5572563e-05	-5.8567584	-0.05379961
444.16	4.5683339e-05	-5.8567954	-0.053869593
444.8	4.5523129e-05	-5.8567304	-0.053956968
445.44	4.5637338e-05	-5.8567776	-0.053998828
446.08	4.4996267e-05	-5.8567547	-0.053820194
446.72	4.4591062e-05	-5.8567504	-0.053772334
447.36	4.3389262e-05	-5.856703	-0.053815065
448	4.4101709e-05	-5.8567825	-0.053836907
448.64	4.433849e-05	-5.8567681	-0.053804163
449.28	4.5306845e-05	-5.8567588	-0.05385522
449.92	4.5147731e-05	-5.8567719	-0.053777532
450.56	4.56102e-05	-5.8567116	-0.053798383
451.2	4.6188079e-05	-5.8567683	-0.053810511
451.84	4.5131277e-05	-5.8567354	-0.053783503
452.48	4.5120661e-05	-5.8567456	-0.053798932
453.12	4.4109409e-05	-5.8567593	-0.053840446
453.76	4.3970508e-05	-5.8567454	-0.053968258
454.4	4.4628546e-05	-5.8568155	-0.053843064
455.04	4.4777933e-05	-5.8567173	-0.05388607
455.68	4.5311078e-05	-5.8568239	-0.053848307
456.32	4.6210773e-05	-5.8567496	-0.053872076
456.96	4.5927589e-05	-5.856791	-0.053995605
457.6	4.6222018e-05	-5.8567359	-0.053851766
458.24	4.5622412e-05	-5.8567547	-0.053955896
458.88	4.4440655e-05	-5.8567637	-0.053968155
459.52	4.4526505e-05	-5.8567319	-0.053918688
460.16	4.3841809e-05	-5.8567174	-0.053772768
460.8	4.4261859e-05	-5.8567545	-0.053880942
461.44	4.4917833e-05	-5.8567869	-0.053743461
462.08	4.5687431e-05	-5.8567589	-0.053911593
462.72	4.5762392e-05	-5.8567491	-0.053729877
463.36	4.5396073e-05	-5.8567998	-0.053841039
464	4.4680123e-05	-5.8567345	-0.053859599
464.64	4.5225543e-05	-5.8567592	-0.053990805
465.28	4.479757e-05	-5.856741	-0.053990229
465.92	4.3986041e-05	-5.8568012	-0.053770539
466.56	4.4021848e-05	-5.8567501	-0.053707664
467.2	4.4280548e-05	-5.8566986	-0.053796275
467.84	4.4176538e-05	-5.8568232	-0.053630637
468.48	4.479938e-05	-5.8567903	-0.053903749
469.12	4.5814e-05	-5.8567723	-0.053829656
469.76	4.559828e-05	-5.8568187	-0.053839255
470.4	4.5784203e-05	-5.8566381	-0.053842829
471.04	4.4626937e-05	-5.8567588	-0.053925196
471.68	4.4420275e-05	-5.856685	-0.053852969
472.32	4.4385319e-05	-5.8567784	-0.053805266
472.96	4.3738186e-05	-5.8568799	-0.054028251
473.6	4.4967767e-05	-5.8567595	-0.05383375
474.24	4.548343e-05	-5.8567406	-0.053954281
474.88	4.5309283e-05	-5.8567722	-0.053835208
475.52	4.5127536e-05	-5.8566926	-0.053727836
476.16	4.5728907e-05	-5.8568096	-0.053874691
476.8	4.4682019e-05	-5.8567487	-0.054048262
477.44	4.4435135e-05	-5.856782	-0.053903486
478.08	4.4902053e-05	-5.8568065	-0.053752989
478.72	4.4240262e-05	-5.8567039	-0.053835372
479.36	4.4117171e-05	-5.8567733	-0.053844191
480	4.4162041e-05	-5.8567075	-0.053953656
480.64	4.5126401e-05	-5.8567447	-0.053887755
481.28	4.5824572e-05	-5.8567819	-0.053722113
481.92	4.5773146e-05	-5.8568373	-0.053965176
482.56	4.5073302e-05	-5.8567114	-0.053893501
483.2	4.530854e-05	-5.8568053	-0.053739338
483.84	4.4642519e-05	-5.8567032	-0.053902249
484.48	4.483395e-05	-5.8567692	-0.053880917
485.12	4.5073772e-05	-5.8567698	-0.053740872
485.76	4.4436335e-05	-5.8567503	-0.053893752
486.4	4.4601994e-05	-5.8566939	-0.053789693
487.04	4.5453606e-05	-5.8567961	-0.053791245
487.68	4.5684726e-05	-5.8567444	-0.053854735
488.32	4.5998592e-05	-5.8567584	-0.053838208
488.96	4.5330398e-05	-5.8568093	-0.053839911
489.6	4.5075874e-05	-5.8566936	-0.053748553
490.24	4.5629068e-05	-5.8567276	-0.053993263
490.88	4.4028926e-05	-5.8567128	-0.05382674
491.52	4.4315751e-05	-5.8567505	-0.053873569
492.16	4.4286182e-05	-5.8567175	-0.05382843
492.8	4.5517969e-05	-5.8567505	-0.053801552
493.44	4.5116251e-05	-5.8567631	-0.053877432
494.08	4.4788211e-05	-5.8567574	-0.053873206
494.72	4.5439648e-05	-5.8567997	-0.053769292
495.36	4.4989267e-05	-5.8568136	-0.053688925
496	4.600191e-05	-5.8566993	-0.053796096
496.64	4.4520589e-05	-5.8567964	-0.054008767
497.28	4.4229003e-05	-5.8567643	-0.053763738
497.92	4.4007554e-05	-5.8567828	-0.053755617
498.56	4.4550668e-05	-5.8567689	-0.053871354
499.2	4.4976206e-05	-5.8567824	-0.053817965
499.84	4.456952e-05	-5.856767	-0.054003752
