0	4.3559523e-05	-5.8392316	0.010318844
0.64	4.4434638e-05	-5.839181	0.010455117
1.28	4.411231e-05	-5.8392591	0.010295017
1.92	4.4692897e-05	-5.839203	0.010466412
2.56	4.5486775e-05	-5.8392309	0.010368231
3.2	4.604683e-05	-5.8392777	0.010346464
3.84	4.5909105e-05	-5.839222	0.010282784
4.48	4.5843445e-05	-5.839218	0.010278311
5.12	4.4792021e-05	-5.8392319	0.010361905
5.76	4.3706243e-05	-5.8392408	0.010363732
6.4	4.3664525e-05	-5.8391945	0.010430707
7.04	4.454949e-05	-5.8392276	0.010359064
7.68	4.3824047e-05	-5.839254	0.010354805
8.32	4.4070415e-05	-5.8392162	0.010433047
8.96	4.6536492e-05	-5.8391388	0.010388408
9.6	4.6161e-05	-5.839208	0.010302109
10.24	4.5287879e-05	-5.8392262	0.010378101
10.88	4.5204421e-05	-5.8392548	0.010348526
11.52	4.4910822e-05	-5.8391996	0.010519643
12.16	4.4906732e-05	-5.8392374	0.010266402
12.8	4.4273031e-05	-5.8392834	0.010185911
13.44	4.476674e-05	-5.8392556	0.010412271
14.08	4.4785414e-05	-5.8391944	0.010406594
14.72	4.5536264e-05	-5.8391663	0.010481423
15.36	4.5071747e-05	-5.8392071	0.01041628
16	4.6190668e-05	-5.8391988	0.010269562
16.64	4.4346981e-05	-5.8392114	0.010424819
17.28	4.5270294e-05	-5.8392503	0.010444687
17.92	4.4885543e-05	-5.8392136	0.010236179
18.56	4.4843062e-05	-5.83927	0.010528623
19.2	4.3781567e-05	-5.839176	0.010302562
19.84	4.4455516e-05	-5.8392552	0.010355984
20.48	4.4925326e-05	-5.8392176	0.010261152
21.12	4.5309051e-05	-5.83918	0.010453117
21.76	4.5785604e-05	-5.8391984	0.010381442
22.4	4.6308901e-05	-5.839199	0.010372577
23.04	4.5277913e-05	-5.8392589	0.01034766
23.68	4.4592382e-05	-5.8393196	0.01014065
24.32	4.433075e-05	-5.8391713	0.010303371
24.96	4.475379e-05	-5.8391722	0.010322077
25.6	4.4524754e-05	-5.8392092	0.010337066
26.24	4.4048612e-05	-5.8391803	0.010276573
26.88	4.5093598e-05	-5.8392595	0.010338605
27.52	4.4361476e-05	-5.8391789	0.010404559
28.16	4.5982293e-05	-5.8392079	0.010362548
28.8	4.5527663e-05	-5.8392308	0.010318521
29.44	4.5133556e-05	-5.8391706	0.010387459
30.08	4.5291226e-05	-5.8391902	0.010376179
30.72	4.4865916e-05	-5.8392138	0.010427627
31.36	4.4815594e-05	-5.8391909	0.010365367
32	4.5065498e-05	-5.8391911	0.010475667
32.64	4.4471966e-05	-5.839241	0.010317164
33.28	4.4811206e-05	-5.8392126	0.010343732
33.92	4.612437e-05	-5.8391526	0.010251248
34.56	4.5925399e-05	-5.8392172	0.010356788
35.2	4.6240615e-05	-5.8392223	0.010331444
35.84	4.4922177e-05	-5.8391798	0.010429758
36.48	4.4683012e-05	-5.8392176	0.010342242
37.12	4.474564e-05	-5.8392742	0.01032744
37.76	4.393219e-05	-5.8392552	0.010282077
38.4	4.3867695e-05	-5.8393014	0.010269081
39.04	4.5003578e-05	-5.8391996	0.010388615
39.68	4.540858e-05	-5.8392503	0.010358454
40.32	4.6430996e-05	-5.8391714	0.010344504
40.96	4.4937668e-05	-5.8391882	0.01035274
41.6	4.5806676e-05	-5.8392359	0.010344532
42.24	4.4893628e-05	-5.8392031	0.010426895
42.88	4.4520353e-05	-5.8392129	0.010426857
43.52	4.4116113e-05	-5.8391482	0.010294435
44.16	4.3779371e-05	-5.8392551	0.010166226
44.8	4.3475616e-05	-5.8391894	0.01040393
45.44	4.4022482e-05	-5.8392589	0.010527991
46.08	4.5938841e-05	-5.8391622	0.010236312
46.72	4.5373849e-05	-5.8392726	0.010336174
47.36	4.5038283e-05	-5.8392302	0.010343405
48	4.5154147e-05	-5.8392074	0.010302951
48.64	4.4760182e-05	-5.8392078	0.010371017
49.28	4.4809787e-05	-5.8392413	0.010366883
49.92	4.4096085e-05	-5.8392459	0.010435342
50.56	4.4347597e-05	-5.8391998	0.01034495
51.2	4.437063e-05	-5.8393065	0.010383105
51.84	4.4194105e-05	-5.8392497	0.010343562
52.48	4.4996105e-05	-5.8392589	0.01028483
53.12	4.6158248e-05	-5.8391803	0.010377039
53.76	4.5981253e-05	-5.8392311	0.010369173
54.4	4.5195729e-05	-5.8392215	0.010468237
55.04	4.5435297e-05	-5.8392179	0.010467396
55.68	4.4427227e-05	-5.8392364	0.010446048
56.32	4.4241673e-05	-5.8391252	0.010362301
56.96	4.361457e-05	-5.8392503	0.010367747
57.6	4.4840823e-05	-5.8391999	0.010332608
58.24	4.5062919e-05	-5.8392411	0.010338823
58.88	4.514979e-05	-5.8391891	0.010294669
59.52	4.5606847e-05	-5.8392215	0.010466771
60.16	4.5755002e-05	-5.8392123	0.010216248
60.8	4.4742025e-05	-5.8392071	0.010294764
61.44	4.442098e-05	-5.8391472	0.010385481
62.08	4.4889968e-05	-5.8391998	0.010491437
62.72	4.4369488e-05	-5.8391905	0.01046205
63.36	4.3998729e-05	-5.8391157	0.010316821
64	4.4282825e-05	-5.8392737	0.010329927
64.64	4.5681717e-05	-5.839209	0.010366932
65.28	4.6047806e-05	-5.8391992	0.01032261
65.92	4.5915435e-05	-5.839259	0.010332632
66.56	4.5288883e-05	-5.839263	0.010482955
67.2	4.5672685e-05	-5.8392314	0.010296071
67.84	4.4099841e-05	-5.839161	0.010410916
68.48	4.4768351e-05	-5.8391579	0.010329008
69.12	4.4032909e-05	-5.839246	0.010302959
69.76	4.4777739e-05	-5.8391769	0.010463323
70.4	4.4637875e-05	-5.8392274	0.010350141
71.04	4.5086524e-05	-5.8392316	0.010300013
71.68	4.6208198e-05	-5.8392318	0.010339707
72.32	4.5845706e-05	-5.8392589	0.010396099
72.96	4.5545405e-05	-5.839175	0.010422285
73.6	4.4873491e-05	-5.8391796	0.01050183
74.24	4.4264974e-05	-5.8392078	0.010421241
74.88	4.3804507e-05	-5.8392965	0.01042474
75.52	4.457018e-05	-5.8392186	0.01030277
76.16	4.355653e-05	-5.8392268	0.010230299
76.8	4.3496035e-05	-5.8392958	0.010330633
77.44	4.5260482e-05	-5.8392967	0.010265974
78.08	4.4928151e-05	-5.839184	0.010422777
78.72	4.6214173e-05	-5.8392127	0.010294978
79.36	4.6353509e-05	-5.8391619	0.01040944
80	4.5150454e-05	-5.839208	0.010473395
80.64	4.5715967e-05	-5.8392699	0.010275453
81.28	4.4917959e-05	-5.8392512	0.010361689
81.92	4.3863999e-05	-5.8392225	0.010272003
82.56	4.4570891e-05	-5.8392137	0.010504022
83.2	4.4793463e-05	-5.8392226	0.010273584
83.84	4.5187408e-05	-5.8392081	0.010300583
84.48	4.5251798e-05	-5.8392819	0.010318232
85.12	4.4958672e-05	-5.8392255	0.010430061
85.76	4.4759428e-05	-5.8392209	0.010521489
86.4	4.5441422e-05	-5.8391618	0.010416571
87.04	4.4669397e-05	-5.8392271	0.010394551
87.68	4.4403195e-05	-5.8391763	0.01037961
88.32	4.4192582e-05	-5.8392135	0.010303604
88.96	4.4321789e-05	-5.8392459	0.010329208
89.6	4.5300312e-05	-5.8392276	0.0103305
90.24	4.5471567e-05	-5.8392455	0.010436166
90.88	4.4950249e-05	-5.8391653	0.010425282
91.52	4.5729472e-05	-5.8391984	0.010362374
92.16	4.5571945e-05	-5.8392498	0.010408506
92.8	4.5567929e-05	-5.8391994	0.010508228
93.44	4.4501299e-05	-5.8391294	0.010262548
94.08	4.4169858e-05	-5.8392413	0.010251997
94.72	4.419293e-05	-5.8392461	0.010300212
95.36	4.4305752e-05	-5.8392412	0.010332412
96	4.4956803e-05	-5.8391666	0.010381655
96.64	4.4713469e-05	-5.8391563	0.01047872
97.28	4.5181997e-05	-5.8391841	0.010452956
97.92	4.6449743e-05	-5.8392317	0.010320498
98.56	4.5575218e-05	-5.8392545	0.010441261
99.2	4.4554657e-05	-5.8391938	0.010370074
99.84	4.4796899e-05	-5.8392647	0.010312499
100.48	4.3416885e-05	-5.8391708	0.010304721
101.12	4.4181764e-05	-5.8392461	0.010372009
101.76	4.459877e-05	-5.8391576	0.010475373
102.4	4.4873241e-05	-5.8392315	0.010238284
103.04	4.5286549e-05	-5.8392451	0.010325082
103.68	4.6157081e-05	-5.8392082	0.010396177
104.32	4.588304e-05	-5.8392172	0.010332039
104.96	4.5684592e-05	-5.8392733	0.010348627
105.6	4.484286e-05	-5.8392547	0.010323938
106.24	4.4720468e-05	-5.8392089	0.010403874
106.88	4.441655e-05	-5.8392231	0.010456361
107.52	4.4448162e-05	-5.8392137	0.010372787
108.16	4.4263834e-05	-5.8392688	0.010228208
108.8	4.5203609e-05	-5.8391573	0.01041972
109.44	4.5656285e-05	-5.8392267	0.010220141
110.08	4.528583e-05	-5.8392398	0.010315601
110.72	4.515358e-05	-5.8392165	0.010512087
111.36	4.5151478e-05	-5.8391659	0.010245675
112	4.4414082e-05	-5.8392219	0.010346618
112.64	4.4052654e-05	-5.8392037	0.010295789
113.28	4.4154214e-05	-5.8392135	0.010354743
113.92	4.446922e-05	-5.8392184	0.010521927
114.56	4.4570538e-05	-5.839269	0.010387816
115.2	4.5476076e-05	-5.8391806	0.01034812
115.84	4.5541806e-05	-5.8392683	0.010470082
116.48	4.4943963e-05	-5.8391836	0.01042741
117.12	4.5535529e-05	-5.8392402	0.010404328
117.76	4.4665705e-05	-5.8392214	0.01031469
118.4	4.4089712e-05	-5.8393054	0.010321339
119.04	4.4635848e-05	-5.8392602	0.010408406
119.68	4.438842e-05	-5.8392138	0.010440068
120.32	4.485791e-05	-5.8392326	0.010451052
120.96	4.3990369e-05	-5.8392264	0.010310648
121.6	4.4908168e-05	-5.8391614	0.010517083
122.24	4.5799217e-05	-5.839236	0.010259164
122.88	4.5876071e-05	-5.8392124	0.010406323
123.52	4.5635426e-05	-5.839245	0.010304843
124.16	4.4914574e-05	-5.8392078	0.010265891
124.8	4.4428175e-05	-5.8392269	0.01053719
125.44	4.4332183e-05	-5.8391995	0.010330304
126.08	4.3650118e-05	-5.8392084	0.010486428
126.72	4.4726802e-05	-5.8392371	0.010364269
127.36	4.4111574e-05	-5.8392171	0.010274077
128	4.5397461e-05	-5.8392408	0.010290993
128.64	4.5915996e-05	-5.8392406	0.010447973
129.28	4.558115e-05	-5.8391843	0.010578314
129.92	4.4789994e-05	-5.8392164	0.010276376
130.56	4.4840109e-05	-5.8391753	0.01036395
131.2	4.4751976e-05	-5.8392505	0.010329496
131.84	4.4354635e-05	-5.8392508	0.010436638
132.48	4.348758e-05	-5.8391431	0.010282765
133.12	4.4345789e-05	-5.8392365	0.010477463
133.76	4.4644929e-05	-5.8391617	0.010432606
134.4	4.5579388e-05	-5.8392269	0.010372014
135.04	4.5981661e-05	-5.8391848	0.010417379
135.68	4.5152468e-05	-5.8392536	0.010288253
136.32	4.5711961e-05	-5.8392593	0.010339638
136.96	4.6099958e-05	-5.8392791	0.010287991
137.6	4.4498722e-05	-5.839176	0.010299577
138.24	4.4350068e-05	-5.8392182	0.0103878
138.88	4.3662873e-05	-5.8391107	0.010500378
139.52	4.5075131e-05	-5.8392372	0.010285055
140.16	4.5312411e-05	-5.8392227	0.010481734
140.8	4.5559214e-05	-5.8392314	0.010388426
141.44	4.4842516e-05	-5.8392348	0.010359507
142.08	4.5770306e-05	-5.8392032	0.010410037
142.72	4.5469862e-05	-5.8392452	0.010388005
143.36	4.4682171e-05	-5.8391615	0.010457926
144	4.3953132e-05	-5.8392453	0.010411003
144.64	4.3570109e-05	-5.8392315	0.010340541
145.28	4.3633519e-05	-5.8392222	0.01032751
145.92	4.4437461e-05	-5.8391806	0.010207844
146.56	4.5310421e-05	-5.8392552	0.010503568
147.2	4.5673821e-05	-5.8392454	0.010317654
147.84	4.592122e-05	-5.8392544	0.010364494
148.48	4.5968575e-05	-5.8392685	0.010337709
149.12	4.4485212e-05	-5.8391932	0.010343618
149.76	4.4821963e-05	-5.8392269	0.010289578
150.4	4.5062923e-05	-5.8392279	0.010346455
151.04	4.4362246e-05	-5.8391672	0.010352316
151.68	4.4689509e-05	-5.8392325	0.010262552
152.32	4.5194839e-05	-5.8392185	0.010450818
152.96	4.4732908e-05	-5.8392033	0.010409511
153.6	4.5156064e-05	-5.8391843	0.010355338
154.24	4.559225e-05	-5.8392634	0.010355228
154.88	4.4797425e-05	-5.8392488	0.010427713
155.52	4.530402e-05	-5.8392685	0.010338513
156.16	4.4846568e-05	-5.8391945	0.010327589
156.8	4.482131e-05	-5.8392231	0.01027705
157.44	4.4375455e-05	-5.8392137	0.010343529
158.08	4.4798223e-05	-5.8391907	0.010338225
158.72	4.397848e-05	-5.8391893	0.010313468
159.36	4.5154137e-05	-5.8392454	0.010450793
160	4.5800678e-05	-5.8391709	0.010361383
160.64	4.6275036e-05	-5.8391943	0.010349876
161.28	4.4941582e-05	-5.8392072	0.010280258
161.92	4.5182435e-05	-5.8391802	0.010348087
162.56	4.4180711e-05	-5.8392777	0.010451766
163.2	4.4273494e-05	-5.8392273	0.010362925
163.84	4.4112541e-05	-5.8392414	0.010309435
164.48	4.4891099e-05	-5.8391628	0.010419636
165.12	4.4636842e-05	-5.839213	0.010282861
165.76	4.5978348e-05	-5.8391809	0.010436961
166.4	4.5192702e-05	-5.8392772	0.010291917
167.04	4.5310961e-05	-5.8391934	0.010415605
167.68	4.4955546e-05	-5.8392212	0.010375461
168.32	4.46078e-05	-5.8391937	0.010276679
168.96	4.5407687e-05	-5.8392232	0.010419311
169.6	4.3863405e-05	-5.8392083	0.010445925
170.24	4.3727287e-05	-5.839213	0.010386166
170.88	4.402947e-05	-5.8392269	0.010346401
171.52	4.4976114e-05	-5.8392458	0.010310094
172.16	4.4985146e-05	-5.8392078	0.010471319
172.8	4.5049844e-05	-5.8392258	0.010407162
173.44	4.5415596e-05	-5.8392214	0.010379457
174.08	4.5573399e-05	-5.8391754	0.010389365
174.72	4.4428293e-05	-5.8392587	0.010361842
175.36	4.4814015e-05	-5.8392785	0.01032006
176	4.4877038e-05	-5.8391722	0.010324575
176.64	4.4612907e-05	-5.8391441	0.010506183
177.28	4.4824168e-05	-5.8392044	0.010454324
177.92	4.5157272e-05	-5.8392459	0.010334662
178.56	4.5031454e-05	-5.8391984	0.010270309
179.2	4.5098572e-05	-5.8392863	0.010387547
179.84	4.53933e-05	-5.8392493	0.010481593
180.48	4.5474961e-05	-5.839287	0.010441129
181.12	4.4690506e-05	-5.8392405	0.010346637
181.76	4.4638587e-05	-5.8392087	0.010397235
182.4	4.4174127e-05	-5.8391762	0.010260003
183.04	4.4383799e-05	-5.8392415	0.010401851
183.68	4.3931323e-05	-5.8392127	0.010541403
184.32	4.4898101e-05	-5.8391943	0.010235186
184.96	4.5472552e-05	-5.8392127	0.010369074
185.6	4.5738088e-05	-5.839231	0.010341043
186.24	4.576655e-05	-5.8392032	0.010353933
186.88	4.5824669e-05	-5.8392177	0.010367771
187.52	4.5307768e-05	-5.8392645	0.010327434
188.16	4.5124844e-05	-5.8392791	0.010380518
188.8	4.3585828e-05	-5.8392268	0.010330781
189.44	4.4929927e-05	-5.839163	0.010441486
190.08	4.4503099e-05	-5.839162	0.010486217
190.72	4.5038804e-05	-5.8391896	0.010229562
191.36	4.5480521e-05	-5.8392312	0.010434414
192	4.4962712e-05	-5.839207	0.010381467
192.64	4.5327009e-05	-5.8392493	0.010378551
193.28	4.4659255e-05	-5.8392492	0.010340268
193.92	4.4788014e-05	-5.8392688	0.010296026
194.56	4.4346645e-05	-5.8391668	0.010499119
195.2	4.3969235e-05	-5.8392272	0.010428451
195.84	4.3782559e-05	-5.8392269	0.010213597
196.48	4.4838874e-05	-5.8391948	0.010473301
197.12	4.5086192e-05	-5.8391989	0.01030612
197.76	4.5216564e-05	-5.839189	0.010383882
198.4	4.5010317e-05	-5.8392582	0.010348296
199.04	4.5010671e-05	-5.8391932	0.010362709
199.68	4.5004213e-05	-5.839245	0.010352258
200.32	4.4489905e-05	-5.8392593	0.010418809
200.96	4.460093e-05	-5.839195	0.010318814
201.6	4.3872779e-05	-5.8392364	0.010331514
202.24	4.4805626e-05	-5.8392279	0.010519276
202.88	4.4998547e-05	-5.8392042	0.010247168
203.52	4.5139278e-05	-5.8392453	0.010353929
204.16	4.5325318e-05	-5.8391704	0.010383313
204.8	4.5175492e-05	-5.8393002	0.010336314
205.44	4.5401262e-05	-5.8391704	0.010451685
206.08	4.453928e-05	-5.8391749	0.010500976
206.72	4.4705376e-05	-5.8391852	0.010354399
207.36	4.4648423e-05	-5.8391998	0.010434107
208	4.3985975e-05	-5.8392133	0.010387802
208.64	4.4354814e-05	-5.8392506	0.010325604
209.28	4.4419426e-05	-5.8392547	0.010421429
209.92	4.5148452e-05	-5.839236	0.010277795
210.56	4.5025119e-05	-5.8391793	0.010273411
211.2	4.6260041e-05	-5.8392547	0.01036538
211.84	4.5401147e-05	-5.8393007	0.010296009
212.48	4.5916594e-05	-5.8392229	0.010443865
213.12	4.4151773e-05	-5.8392034	0.010370015
213.76	4.441308e-05	-5.8392136	0.010418979
214.4	4.3829559e-05	-5.8392969	0.010358437
215.04	4.4007947e-05	-5.8391944	0.010447757
215.68	4.4614798e-05	-5.8391849	0.010414542
216.32	4.4492996e-05	-5.8393282	0.010298323
216.96	4.4774953e-05	-5.8392534	0.010368766
217.6	4.5273678e-05	-5.8391329	0.010294781
218.24	4.5121137e-05	-5.8392308	0.01038578
218.88	4.5097878e-05	-5.8391989	0.010299524
219.52	4.4639241e-05	-5.839204	0.010505584
220.16	4.471303e-05	-5.8392744	0.010316821
220.8	4.4011036e-05	-5.8391901	0.010266326
221.44	4.4108931e-05	-5.8392875	0.010336801
222.08	4.5078404e-05	-5.8392318	0.01038895
222.72	4.6152663e-05	-5.8392274	0.010417201
223.36	4.5999474e-05	-5.8392313	0.010366051
224	4.525741e-05	-5.839212	0.010353677
224.64	4.5880157e-05	-5.8391804	0.010351402
225.28	4.4926269e-05	-5.8392222	0.010381666
225.92	4.4620012e-05	-5.8392598	0.010341292
226.56	4.4523315e-05	-5.8392789	0.010357624
227.2	4.3874656e-05	-5.8392411	0.010453641
227.84	4.4379505e-05	-5.8392039	0.010382811
228.48	4.5162921e-05	-5.8392318	0.010402757
229.12	4.5631474e-05	-5.839157	0.010429943
229.76	4.5160593e-05	-5.8391979	0.010545938
230.4	4.5193967e-05	-5.8392352	0.010335597
231.04	4.4798988e-05	-5.8391934	0.010273088
231.68	4.5055475e-05	-5.8392643	0.010385405
232.32	4.3641445e-05	-5.839259	0.010366398
232.96	4.4665891e-05	-5.8391907	0.010427401
233.6	4.4159072e-05	-5.8391948	0.010518764
234.24	4.4844058e-05	-5.8392693	0.010335925
234.88	4.4691584e-05	-5.8392451	0.010394792
235.52	4.5342096e-05	-5.8391985	0.010404794
236.16	4.5011301e-05	-5.8391977	0.010440112
236.8	4.5362556e-05	-5.8392168	0.010314483
237.44	4.4665786e-05	-5.8392213	0.010401054
238.08	4.5017476e-05	-5.8392318	0.010412502
238.72	4.4169033e-05	-5.8392317	0.010386698
239.36	4.4188309e-05	-5.8392833	0.010457915
240	4.4670748e-05	-5.8392417	0.010290983
240.64	4.3983617e-05	-5.8392451	0.010231179
241.28	4.5599224e-05	-5.839218	0.010344747
241.92	4.6000067e-05	-5.8391711	0.010281301
242.56	4.5149759e-05	-5.8392211	0.010396632
243.2	4.572524e-05	-5.8392218	0.010299726
243.84	4.5674845e-05	-5.8392225	0.010534352
244.48	4.4858152e-05	-5.8392597	0.010177641
245.12	4.4861978e-05	-5.8392046	0.010385733
245.76	4.3763478e-05	-5.8391945	0.010475832
246.4	4.4995466e-05	-5.8392467	0.010393279
247.04	4.4171096e-05	-5.8391614	0.010258991
247.68	4.5193108e-05	-5.8392035	0.010499181
248.32	4.5241468e-05	-5.8392075	0.010492881
248.96	4.5832756e-05	-5.8392218	0.010298842
249.6	4.5461286e-05	-5.839203	0.010382856
250.24	4.474465e-05	-5.8392402	0.010289217
250.88	4.4629012e-05	-5.8392317	0.010388241
251.52	4.4473591e-05	-5.8392601	0.010243806
252.16	4.4327517e-05	-5.839181	0.010360101
252.8	4.4340451e-05	-5.8391948	0.010340253
253.44	4.4440948e-05	-5.8391663	0.010266688
254.08	4.5877615e-05	-5.8391715	0.010445834
254.72	4.5420941e-05	-5.8392448	0.010428884
255.36	4.5389721e-05	-5.8392213	0.010291344
256	4.4201189e-05	-5.839253	0.010348346
256.64	4.5939467e-05	-5.839195	0.010489555
257.28	4.4743831e-05	-5.8391621	0.010471362
257.92	4.3874237e-05	-5.8391805	0.010445556
258.56	4.4288449e-05	-5.8392462	0.010129025
259.2	4.4100916e-05	-5.839241	0.010415439
259.84	4.4110046e-05	-5.8392031	0.010452322
260.48	4.5229215e-05	-5.8392964	0.010334221
261.12	4.5539308e-05	-5.8392821	0.010280793
261.76	4.4870771e-05	-5.8392161	0.010385523
262.4	4.525212e-05	-5.8392169	0.010294864
263.04	4.4977572e-05	-5.8391988	0.010392411
263.68	4.4368888e-05	-5.8392223	0.010335997
264.32	4.4959938e-05	-5.8391863	0.0103748
264.96	4.3135197e-05	-5.8392915	0.010355238
265.6	4.3944878e-05	-5.8392361	0.010424712
266.24	4.5116316e-05	-5.8392132	0.010206995
266.88	4.5545895e-05	-5.8392268	0.010391204
267.52	4.5798152e-05	-5.839166	0.010444251
268.16	4.5898854e-05	-5.8392358	0.010258381
268.8	4.6014266e-05	-5.8391945	0.010315745
269.44	4.5159763e-05	-5.8392363	0.010373032
270.08	4.4058941e-05	-5.8392082	0.010429676
270.72	4.3634514e-05	-5.8392548	0.010386895
271.36	4.4086115e-05	-5.8391994	0.01029175
272	4.4410971e-05	-5.8392644	0.010254289
272.64	4.4144933e-05	-5.8391889	0.010565014
273.28	4.4892524e-05	-5.839254	0.010223186
273.92	4.542539e-05	-5.8392028	0.010350153
274.56	4.5575581e-05	-5.8392215	0.010343413
275.2	4.5381873e-05	-5.8392591	0.010447921
275.84	4.5198042e-05	-5.8392458	0.010324625
276.48	4.4648814e-05	-5.8392275	0.010333213
277.12	4.4130387e-05	-5.8392228	0.010371018
277.76	4.396026e-05	-5.83919	0.010384262
278.4	4.4274382e-05	-5.8392269	0.010326393
279.04	4.6061173e-05	-5.8392558	0.010241146
279.68	4.483716e-05	-5.8391793	0.010450765
280.32	4.6496017e-05	-5.8393062	0.010253989
280.96	4.5638967e-05	-5.8391938	0.010383833
281.6	4.5159751e-05	-5.8391892	0.010411871
282.24	4.4422894e-05	-5.8391894	0.010227511
282.88	4.4161582e-05	-5.8392457	0.010500589
283.52	4.5159057e-05	-5.8392145	0.010317024
284.16	4.4102894e-05	-5.8392412	0.010463973
284.8	4.5005579e-05	-5.8392322	0.010439176
285.44	4.5334855e-05	-5.8392643	0.010347504
286.08	4.592023e-05	-5.8391849	0.010344655
286.72	4.5736131e-05	-5.8391565	0.010286941
287.36	4.4989592e-05	-5.8392444	0.010331618
288	4.5193547e-05	-5.8392127	0.010357592
288.64	4.4236048e-05	-5.8391567	0.010303656
289.28	4.4331005e-05	-5.8392506	0.010182709
289.92	4.3855142e-05	-5.8392318	0.010331812
290.56	4.4599438e-05	-5.8392556	0.010402069
291.2	4.4790627e-05	-5.8391947	0.010297599
291.84	4.5853962e-05	-5.8391576	0.010497317
292.48	4.6287635e-05	-5.8391759	0.010373565
293.12	4.5646794e-05	-5.8392913	0.010406192
293.76	4.5516962e-05	-5.8392356	0.010370551
294.4	4.5701685e-05	-5.8391993	0.010376684
295.04	4.3974391e-05	-5.8392125	0.01057759
295.68	4.3948064e-05	-5.8392643	0.010336537
296.32	4.4119489e-05	-5.8392228	0.010324319
296.96	4.4628341e-05	-5.8391672	0.010309727
297.6	4.4966064e-05	-5.8392551	0.010390038
298.24	4.5527502e-05	-5.8392269	0.010522519
298.88	4.5378173e-05	-5.8392028	0.010236755
299.52	4.5557502e-05	-5.8391935	0.010372146
300.16	4.6041435e-05	-5.8391944	0.010463587
300.8	4.4471886e-05	-5.8392309	0.010429739
301.44	4.5176641e-05	-5.8392464	0.010367313
302.08	4.4791144e-05	-5.839214	0.010321885
302.72	4.4137581e-05	-5.8392414	0.010307895
303.36	4.4857485e-05	-5.8392417	0.010228504
304	4.4891325e-05	-5.8391805	0.010490631
304.64	4.500173e-05	-5.8392077	0.010306686
305.28	4.4854691e-05	-5.8392442	0.010410143
305.92	4.6008739e-05	-5.8392824	0.010193122
306.56	4.5166131e-05	-5.8392541	0.010429159
307.2	4.5235452e-05	-5.8392131	0.010567443
307.84	4.4657138e-05	-5.8392087	0.010442061
308.48	4.5162619e-05	-5.839233	0.010326985
309.12	4.4335374e-05	-5.8391904	0.01035653
309.76	4.4594216e-05	-5.83926	0.010281701
310.4	4.450335e-05	-5.8391754	0.010448486
311.04	4.5291305e-05	-5.8392264	0.010515792
311.68	4.567758e-05	-5.8392217	0.010175624
312.32	4.5576143e-05	-5.8391843	0.010460482
312.96	4.6075493e-05	-5.8391947	0.010398087
313.6	4.5241205e-05	-5.8392644	0.010324345
314.24	4.3877861e-05	-5.8391801	0.010416487
314.88	4.3971067e-05	-5.8392505	0.010274405
315.52	4.4361389e-05	-5.8392183	0.010326871
316.16	4.4467323e-05	-5.8392225	0.010221752
316.8	4.5409711e-05	-5.8392086	0.010293443
317.44	4.4718141e-05	-5.8392257	0.010470334
318.08	4.6253686e-05	-5.8392547	0.010359878
318.72	4.5522631e-05	-5.8391983	0.010198828
319.36	4.5085807e-05	-5.8391659	0.010507338
320	4.5210756e-05	-5.8392367	0.010336864
320.64	4.4646053e-05	-5.8392229	0.010332932
321.28	4.4121584e-05	-5.8392088	0.010292902
321.92	4.4189241e-05	-5.8392227	0.010327526
322.56	4.4820767e-05	-5.8392646	0.010296096
323.2	4.4406945e-05	-5.8392122	0.010349424
323.84	4.5141298e-05	-5.83924	0.010234175
324.48	4.5465261e-05	-5.8392586	0.010297107
325.12	4.5667839e-05	-5.8392264	0.010316974
325.76	4.5440677e-05	-5.8391757	0.010507613
326.4	4.5063153e-05	-5.8392133	0.010302621
327.04	4.4167094e-05	-5.8391993	0.010412446
327.68	4.491723e-05	-5.839191	0.010359423
328.32	4.4587456e-05	-5.8392277	0.010359304
328.96	4.4597247e-05	-5.8392782	0.01059273
329.6	4.5805616e-05	-5.8392134	0.010289019
330.24	4.5519936e-05	-5.8392217	0.010297762
330.88	4.5144925e-05	-5.8392442	0.010377798
331.52	4.5558921e-05	-5.8392124	0.010285292
332.16	4.5325917e-05	-5.8391711	0.010445357
332.8	4.5279616e-05	-5.8392789	0.010346183
333.44	4.4637268e-05	-5.8392231	0.010348471
334.08	4.3902104e-05	-5.8392505	0.010318674
334.72	4.4859695e-05	-5.8392046	0.010353853
335.36	4.4442703e-05	-5.8392175	0.010347416
336	4.5366346e-05	-5.8392454	0.010200343
336.64	4.6163206e-05	-5.8392548	0.01024858
337.28	4.5236465e-05	-5.8392211	0.010350928
337.92	4.6445278e-05	-5.8391948	0.010352968
338.56	4.5159994e-05	-5.8392919	0.010263344
339.2	4.4472552e-05	-5.8391898	0.010360276
339.84	4.4256139e-05	-5.839232	0.010323016
340.48	4.4114142e-05	-5.8391809	0.010423723
341.12	4.4543743e-05	-5.8392275	0.010187461
341.76	4.5917436e-05	-5.839242	0.010433972
342.4	4.5096519e-05	-5.839273	0.01031037
343.04	4.5692907e-05	-5.839245	0.010278771
343.68	4.5649996e-05	-5.8392727	0.010388366
344.32	4.5533753e-05	-5.8392172	0.010415928
344.96	4.4885673e-05	-5.8392406	0.010377364
345.6	4.4828338e-05	-5.8392368	0.010356956
346.24	4.3720587e-05	-5.8392083	0.010308089
346.88	4.4517998e-05	-5.8392185	0.010387528
347.52	4.445105e-05	-5.8391994	0.010373904
348.16	4.4945008e-05	-5.839213	0.010439067
348.8	4.6112362e-05	-5.8392877	0.010378116
349.44	4.5601433e-05	-5.8392495	0.01026454
350.08	4.5686314e-05	-5.8392263	0.010253145
350.72	4.5995577e-05	-5.8391713	0.010359196
351.36	4.5133731e-05	-5.8391899	0.010421273
352	4.5547982e-05	-5.839326	0.010464493
352.64	4.4192643e-05	-5.8391669	0.010327609
353.28	4.3566587e-05	-5.83925	0.010450871
353.92	4.4780628e-05	-5.83926	0.010428727
354.56	4.4775387e-05	-5.8392081	0.010217851
355.2	4.511236e-05	-5.8392401	0.010286894
355.84	4.5644014e-05	-5.8391332	0.010423732
356.48	4.6047146e-05	-5.83925	0.010446325
357.12	4.570615e-05	-5.8392828	0.010304772
357.76	4.4928647e-05	-5.839227	0.01028924
358.4	4.5184043e-05	-5.8392373	0.010385484
359.04	4.4167587e-05	-5.8392088	0.010434914
359.68	4.4687128e-05	-5.8392046	0.010436851
360.32	4.423612e-05	-5.8392687	0.010203688
360.96	4.4451486e-05	-5.8392448	0.010347382
361.6	4.5645993e-05	-5.8391941	0.010583113
362.24	4.5004232e-05	-5.8391698	0.010365319
362.88	4.5369528e-05	-5.8392075	0.010260229
363.52	4.5665833e-05	-5.8392131	0.010503621
364.16	4.4577814e-05	-5.839278	0.010285272
364.8	4.4359897e-05	-5.8391622	0.010323783
365.44	4.4619744e-05	-5.8392465	0.010250757
366.08	4.4355172e-05	-5.8392368	0.010442165
366.72	4.5196315e-05	-5.8392137	0.010256204
367.36	4.5373189e-05	-5.8392548	0.010338126
368	4.5342944e-05	-5.8392867	0.010173719
368.64	4.6632069e-05	-5.8392458	0.010382031
369.28	4.5180704e-05	-5.8391563	0.010366814
369.92	4.4746412e-05	-5.8392542	0.010406698
370.56	4.4227754e-05	-5.8392684	0.010233736
371.2	4.4790113e-05	-5.8392278	0.010407475
371.84	4.4399978e-05	-5.8392138	0.010229556
372.48	4.4170983e-05	-5.8392272	0.010485661
373.12	4.4425998e-05	-5.8392361	0.010392907
373.76	4.5227143e-05	-5.8391337	0.010298609
374.4	4.5367444e-05	-5.8392076	0.010455396
375.04	4.5352179e-05	-5.8392027	0.010438668
375.68	4.5178762e-05	-5.8391749	0.010308544
376.32	4.4857276e-05	-5.8392497	0.010532621
376.96	4.4730416e-05	-5.8391807	0.010338475
377.6	4.4535884e-05	-5.8392463	0.010388273
378.24	4.4546064e-05	-5.8391953	0.010410487
378.88	4.3567259e-05	-5.839301	0.010309664
379.52	4.4746901e-05	-5.839199	0.010364284
380.16	4.4798154e-05	-5.8391796	0.010285788
380.8	4.5348162e-05	-5.8392074	0.010360169
381.44	4.6133576e-05	-5.8392499	0.010340128
382.08	4.5389012e-05	-5.8392171	0.010368704
382.72	4.4717352e-05	-5.83918	0.010474139
383.36	4.4310817e-05	-5.8392595	0.010282668
384	4.4413349e-05	-5.8392323	0.01032974
384.64	4.4464674e-05	-5.8391487	0.01047574
385.28	4.4269803e-05	-5.8391713	0.010350022
385.92	4.4948607e-05	-5.8391851	0.010333634
386.56	4.4811917e-05	-5.8392214	0.010394933
387.2	4.5225629e-05	-5.8391887	0.010321895
387.84	4.6560997e-05	-5.8392225	0.010361594
388.48	4.4581235e-05	-5.8391699	0.010312138
389.12	4.5321873e-05	-5.8393203	0.010365646
389.76	4.4661656e-05	-5.8392181	0.010280974
390.4	4.4744793e-05	-5.839214	0.010121238
391.04	4.4116217e-05	-5.8391715	0.010532843
391.68	4.4106461e-05	-5.8392315	0.01031528
392.32	4.5150863e-05	-5.8392224	0.01036041
392.96	4.5251287e-05	-5.8392031	0.010443105
393.6	4.5054674e-05	-5.8392303	0.010400621
394.24	4.6055092e-05	-5.83925	0.010433755
394.88	4.5826709e-05	-5.8391991	0.010242099
395.52	4.498517e-05	-5.8391666	0.010367241
396.16	4.4291698e-05	-5.8392365	0.01037426
396.8	4.4607956e-05	-5.8392232	0.010323749
397.44	4.424862e-05	-5.8392507	0.010283271
398.08	4.3836381e-05	-5.8392497	0.010340309
398.72	4.4504408e-05	-5.8392262	0.010407301
399.36	4.5850928e-05	-5.8392036	0.010370501
400	4.4977192e-05	-5.8392116	0.010382205
400.64	4.6406722e-05	-5.8392597	0.010202891
401.28	4.5171528e-05	-5.839208	0.010413286
401.92	4.5504743e-05	-5.8391812	0.010389214
402.56	4.4783823e-05	-5.8392463	0.010324538
403.2	4.4457373e-05	-5.839237	0.010322576
403.84	4.4413959e-05	-5.8392229	0.010358809
404.48	4.4592007e-05	-5.8391992	0.010318469
405.12	4.4660483e-05	-5.8391612	0.010414096
405.76	4.5563501e-05	-5.8392172	0.010348093
406.4	4.6250814e-05	-5.8392454	0.010362179
407.04	4.5707487e-05	-5.8392079	0.010373987
407.68	4.4598262e-05	-5.8391935	0.010316121
408.32	4.5183986e-05	-5.8392228	0.010303602
408.96	4.4378079e-05	-5.839232	0.010313842
409.6	4.3124731e-05	-5.8392125	0.010299519
410.24	4.4622586e-05	-5.8391998	0.010389836
410.88	4.5489932e-05	-5.8392279	0.010303214
411.52	4.5312508e-05	-5.8391757	0.010331081
412.16	4.5158719e-05	-5.8392074	0.010247296
412.8	4.5783008e-05	-5.8392868	0.010341268
413.44	4.5161323e-05	-5.8392772	0.010346927
414.08	4.510293e-05	-5.8392314	0.010224442
414.72	4.3832861e-05	-5.8393054	0.010289799
415.36	4.4347956e-05	-5.8392088	0.010291196
416	4.4940595e-05	-5.8392747	0.010333062
416.64	4.4108825e-05	-5.839241	0.010340517
417.28	4.4686273e-05	-5.8392083	0.010286267
417.92	4.5655278e-05	-5.8391805	0.010425538
418.56	4.5526544e-05	-5.8392077	0.010339107
419.2	4.5500231e-05	-5.8391983	0.010393658
419.84	4.4871695e-05	-5.8391933	0.010356834
420.48	4.5023044e-05	-5.8391849	0.010394104
421.12	4.4665952e-05	-5.8392644	0.010386795
421.76	4.3988947e-05	-5.839148	0.010506678
422.4	4.438614e-05	-5.8392648	0.010328539
423.04	4.4827553e-05	-5.8392602	0.010312885
423.68	4.4819999e-05	-5.8391479	0.010428708
424.32	4.5103014e-05	-5.8392217	0.010387875
424.96	4.562568e-05	-5.839217	0.010296083
425.6	4.5873363e-05	-5.8392358	0.01046751
426.24	4.542941e-05	-5.8392265	0.01035567
426.88	4.5159377e-05	-5.8392596	0.010295239
427.52	4.4898076e-05	-5.8391486	0.010455389
428.16	4.4435933e-05	-5.8392044	0.010456493
428.8	4.4278192e-05	-5.8392043	0.010295445
429.44	4.4313554e-05	-5.8392689	0.01049287
430.08	4.4860137e-05	-5.839157	0.010210921
430.72	4.6004445e-05	-5.8391899	0.010341112
431.36	4.5298397e-05	-5.8391841	0.01036279
432	4.5421549e-05	-5.839254	0.010285879
432.64	4.5726493e-05	-5.8391851	0.010409859
433.28	4.521583e-05	-5.8392598	0.010340019
433.92	4.4705539e-05	-5.8391996	0.01035264
434.56	4.4539345e-05	-5.8392464	0.010399292
435.2	4.4331483e-05	-5.83926	0.01036045
435.84	4.4453096e-05	-5.8392177	0.010445242
436.48	4.5229059e-05	-5.8391759	0.010447074
437.12	4.6168602e-05	-5.83919	0.01033527
437.76	4.5751147e-05	-5.8391938	0.010350571
438.4	4.6002376e-05	-5.8392361	0.010543881
439.04	4.5388915e-05	-5.8391895	0.010279478
439.68	4.4465902e-05	-5.8391801	0.010317924
440.32	4.4629769e-05	-5.839288	0.010319533
440.96	4.4005885e-05	-5.8392226	0.01057166
441.6	4.4637486e-05	-5.8391859	0.01046626
442.24	4.5141064e-05	-5.8391718	0.010456084
442.88	4.4876088e-05	-5.8391893	0.010357107
443.52	4.5148093e-05	-5.8392447	0.010271101
444.16	4.5884721e-05	-5.8392451	0.010269201
444.8	4.6424667e-05	-5.8392319	0.010358493
445.44	4.4671992e-05	-5.8391424	0.010430506
446.08	4.3983821e-05	-5.8391705	0.010382927
446.72	4.3657767e-05	-5.8392034	0.010410383
447.36	4.3705899e-05	-5.8392363	0.010383369
448	4.4802915e-05	-5.8391906	0.010402026
448.64	4.4269042e-05	-5.8392545	0.010423489
449.28	4.4898606e-05	-5.8392496	0.010386206
449.92	4.5854002e-05	-5.839222	0.010404692
450.56	4.5634177e-05	-5.839282	0.010399419
451.2	4.5420063e-05	-5.8391891	0.010350241
451.84	4.4938111e-05	-5.839208	0.010230342
452.48	4.4758004e-05	-5.839176	0.010423567
453.12	4.4517699e-05	-5.8392788	0.010487496
453.76	4.4580571e-05	-5.8392976	0.010306535
454.4	4.4775281e-05	-5.839237	0.010328254
455.04	4.4209649e-05	-5.8391707	0.010378509
455.68	4.5264062e-05	-5.8391569	0.010441585
456.32	4.436525e-05	-5.8392716	0.010352972
456.96	4.569247e-05	-5.8391751	0.010334909
457.6	4.5417576e-05	-5.8391938	0.010301325
458.24	4.3821354e-05	-5.8392163	0.010308171
458.88	4.4332538e-05	-5.8392502	0.010417604
459.52	4.3870868e-05	-5.8392271	0.01043614
460.16	4.417728e-05	-5.8392274	0.010484333
460.8	4.4723173e-05	-5.8391857	0.010412893
461.44	4.4917573e-05	-5.8392084	0.010400072
462.08	4.5098541e-05	-5.8391752	0.010325301
462.72	4.5362285e-05	-5.8392679	0.010401991
463.36	4.5552661e-05	-5.8392541	0.010353519
464	4.5599443e-05	-5.839143	0.01038819
464.64	4.5386791e-05	-5.8392319	0.01032051
465.28	4.4749946e-05	-5.8392554	0.01044522
465.92	4.4513274e-05	-5.8392417	0.010388539
466.56	4.4755746e-05	-5.8392466	0.010234001
467.2	4.4119793e-05	-5.8392688	0.010424831
467.84	4.4590307e-05	-5.8392219	0.010420831
468.48	4.477851e-05	-5.8392399	0.010570989
469.12	4.5247427e-05	-5.8392352	0.010369447
469.76	4.6125883e-05	-5.8392221	0.010319169
470.4	4.5082914e-05	-5.839175	0.01041128
471.04	4.5132026e-05	-5.8391899	0.010458446
471.68	4.4284657e-05	-5.8392411	0.010220578
472.32	4.4614158e-05	-5.8392372	0.010289645
472.96	4.4616007e-05	-5.8392418	0.010430105
473.6	4.4366652e-05	-5.8391759	0.01037266
474.24	4.5800733e-05	-5.8392137	0.010220396
474.88	4.5711347e-05	-5.8392128	0.010421979
475.52	4.51233e-05	-5.8392024	0.010315693
476.16	4.6315733e-05	-5.8391805	0.010473435
476.8	4.5618836e-05	-5.8391572	0.010310836
477.44	4.5352335e-05	-5.839153	0.010366214
478.08	4.417663e-05	-5.8392224	0.010426493
478.72	4.4013422e-05	-5.8392599	0.010419332
479.36	4.4529705e-05	-5.8392277	0.010466805
480	4.448787e-05	-5.8391899	0.010288509
480.64	4.5346077e-05	-5.8391387	0.010352621
481.28	4.5070694e-05	-5.8392726	0.01029314
481.92	4.5444946e-05	-5.8392214	0.010367698
482.56	4.4488847e-05	-5.8392067	0.010280467
483.2	4.502073e-05	-5.8391985	0.010381824
483.84	4.4255724e-05	-5.8392172	0.010394795
484.48	4.4293142e-05	-5.8392923	0.010400336
485.12	4.4040723e-05	-5.8392273	0.010233875
485.76	4.4515055e-05	-5.8392462	0.010257376
486.4	4.4685092e-05	-5.8392133	0.010369764
487.04	4.5572661e-05	-5.8392551	0.010458046
487.68	4.5475266e-05	-5.8391845	0.010290867
488.32	4.5788108e-05	-5.8391845	0.010350776
488.96	4.5749967e-05	-5.8392498	0.010332135
489.6	4.5635745e-05	-5.8392224	0.010293418
490.24	4.4217052e-05	-5.8392172	0.010454375
490.88	4.4820319e-05	-5.839279	0.010213768
491.52	4.4405693e-05	-5.8392463	0.010355503
492.16	4.4207026e-05	-5.8392133	0.01035959
492.8	4.4995299e-05	-5.8392646	0.010431343
493.44	4.5402858e-05	-5.8392129	0.010292247
494.08	4.5335333e-05	-5.8392959	0.010425357
494.72	4.5886851e-05	-5.839259	0.010378384
495.36	4.5186664e-05	-5.8392214	0.01047924
496	4.555864e-05	-5.839255	0.010421161
496.64	4.3925239e-05	-5.8392031	0.010200498
497.28	4.3988581e-05	-5.8392503	0.010361854
497.92	4.3625579e-05	-5.8392316	0.010380247
498.56	4.4993067e-05	-5.8392326	0.010345442
499.2	4.4625077e-05	-5.8392129	0.010410731
499.84	4.5174397e-05	-5.8392172	0.010199976
