0	7.3053023e-06	-5.839283	0.01024068
0.64	7.3856547e-06	-5.8392273	0.01026392
1.28	7.3584336e-06	-5.8392457	0.010299746
1.92	7.5333241e-06	-5.8392969	0.010273263
2.56	7.583566e-06	-5.8392643	0.010224842
3.2	7.5287523e-06	-5.8392316	0.010275232
3.84	7.4228023e-06	-5.8392641	0.010340755
4.48	7.5052334e-06	-5.8392643	0.01025031
5.12	7.4654734e-06	-5.8392552	0.01031844
5.76	7.3756603e-06	-5.8392226	0.010249161
6.4	7.2510859e-06	-5.8392458	0.010262938
7.04	7.4368985e-06	-5.8392738	0.010238194
7.68	7.3742563e-06	-5.839255	0.010247869
8.32	7.5118775e-06	-5.8392503	0.010249669
8.96	7.5085518e-06	-5.8392595	0.010239074
9.6	7.4668931e-06	-5.8392409	0.01029035
10.24	7.579318e-06	-5.8392131	0.010221957
10.88	7.4482541e-06	-5.8392829	0.010224841
11.52	7.382346e-06	-5.8392411	0.010299043
12.16	7.4775463e-06	-5.8392413	0.010240504
12.8	7.5383365e-06	-5.83926	0.010288481
13.44	7.4384685e-06	-5.8392459	0.010284422
14.08	7.5187568e-06	-5.8392365	0.010236561
14.72	7.4085631e-06	-5.8392223	0.010255145
15.36	7.5394773e-06	-5.8392735	0.010210065
16	7.7365262e-06	-5.839269	0.010254297
16.64	7.6293744e-06	-5.8392458	0.010249703
17.28	7.5255227e-06	-5.839204	0.010279767
17.92	7.4399648e-06	-5.8392459	0.010275146
18.56	7.4187532e-06	-5.8392459	0.010254755
19.2	7.4842233e-06	-5.8392553	0.01023116
19.84	7.4272142e-06	-5.8392691	0.01029456
20.48	7.4936645e-06	-5.8392272	0.010243156
21.12	7.5237936e-06	-5.8392224	0.01031117
21.76	7.5235301e-06	-5.8392688	0.010272579
22.4	7.7608858e-06	-5.8392365	0.01026279
23.04	7.5374796e-06	-5.8392364	0.010311043
23.68	7.3602096e-06	-5.8392271	0.010291289
24.32	7.4783264e-06	-5.8392738	0.010297421
24.96	7.4161531e-06	-5.8392785	0.010253897
25.6	7.3360741e-06	-5.8392226	0.010257198
26.24	7.3209681e-06	-5.8392457	0.010241198
26.88	7.4121416e-06	-5.8392271	0.010279559
27.52	7.5170626e-06	-5.8392363	0.010172399
28.16	7.6054802e-06	-5.8392363	0.010348475
28.8	7.611042e-06	-5.839241	0.010226613
29.44	7.5674458e-06	-5.8392597	0.010182926
30.08	7.5279763e-06	-5.8392645	0.010245764
30.72	7.414333e-06	-5.8392133	0.010255539
31.36	7.3691557e-06	-5.8392599	0.010261746
32	7.370434e-06	-5.8392226	0.010258075
32.64	7.392005e-06	-5.8392039	0.010228665
33.28	7.5729349e-06	-5.8392412	0.010227376
33.92	7.5957916e-06	-5.8392876	0.010228547
34.56	7.5010594e-06	-5.8392362	0.010259444
35.2	7.6112708e-06	-5.8393015	0.010227005
35.84	7.6913899e-06	-5.8392738	0.010293739
36.48	7.4372823e-06	-5.8392225	0.01025627
37.12	7.3606465e-06	-5.8392877	0.010255794
37.76	7.4291951e-06	-5.8392599	0.010249771
38.4	7.4402813e-06	-5.8392134	0.010195211
39.04	7.6007694e-06	-5.839246	0.010226867
39.68	7.558419e-06	-5.8392597	0.01026942
40.32	7.6638287e-06	-5.8392364	0.010242529
40.96	7.6616721e-06	-5.839269	0.010245342
41.6	7.5100955e-06	-5.8392549	0.010256746
42.24	7.4560779e-06	-5.8392457	0.010240817
42.88	7.3975561e-06	-5.8392411	0.010309993
43.52	7.5094184e-06	-5.8392646	0.010243259
44.16	7.429636e-06	-5.839232	0.010298874
44.8	7.3450268e-06	-5.8392365	0.010356416
45.44	7.4313716e-06	-5.8392458	0.010304793
46.08	7.6163147e-06	-5.8392551	0.010271087
46.72	7.4927631e-06	-5.8392688	0.010225039
47.36	7.675169e-06	-5.8392411	0.010296448
48	7.5440494e-06	-5.8392503	0.010291342
48.64	7.4595074e-06	-5.8392504	0.010227215
49.28	7.3413846e-06	-5.8392504	0.010355095
49.92	7.3768109e-06	-5.8392691	0.010170626
50.56	7.3652249e-06	-5.8392459	0.010278087
51.2	7.2866355e-06	-5.8392643	0.010254168
51.84	7.5186674e-06	-5.8393017	0.010211188
52.48	7.5404921e-06	-5.8392457	0.010276078
53.12	7.4498494e-06	-5.8392409	0.010284347
53.76	7.643915e-06	-5.8392736	0.010281127
54.4	7.5788669e-06	-5.8392783	0.010261658
55.04	7.5152334e-06	-5.8392644	0.010256624
55.68	7.5342139e-06	-5.8392599	0.010226262
56.32	7.452158e-06	-5.8392274	0.010265046
56.96	7.2702065e-06	-5.8392691	0.010264937
57.6	7.4179407e-06	-5.8392691	0.010278973
58.24	7.5423189e-06	-5.8392784	0.010270825
58.88	7.561667e-06	-5.8392364	0.010241171
59.52	7.6246009e-06	-5.8392503	0.010249748
60.16	7.6333934e-06	-5.8392317	0.010275797
60.8	7.6337284e-06	-5.8392179	0.010257079
61.44	7.4563708e-06	-5.8392783	0.010268056
62.08	7.2703625e-06	-5.8392829	0.010292648
62.72	7.2697947e-06	-5.8392272	0.010316437
63.36	7.401759e-06	-5.8392041	0.010274322
64	7.436035e-06	-5.8392226	0.010243982
64.64	7.4308662e-06	-5.8392457	0.010248605
65.28	7.5941565e-06	-5.8392411	0.010297749
65.92	7.5723663e-06	-5.839213	0.010268602
66.56	7.6912106e-06	-5.8392178	0.010315709
67.2	7.4989749e-06	-5.8392131	0.010264427
67.84	7.4071356e-06	-5.839269	0.010244432
68.48	7.4705227e-06	-5.8392413	0.010292
69.12	7.3543953e-06	-5.8392598	0.01027677
69.76	7.3680847e-06	-5.8392645	0.010246905
70.4	7.5075028e-06	-5.8392506	0.010215136
71.04	7.5039107e-06	-5.8392365	0.010290159
71.68	7.4918452e-06	-5.8392409	0.010248909
72.32	7.5936457e-06	-5.8392456	0.010229721
72.96	7.7151573e-06	-5.8392272	0.010282369
73.6	7.583956e-06	-5.8391992	0.010270065
74.24	7.4391116e-06	-5.8392504	0.010329419
74.88	7.3861135e-06	-5.8392273	0.010256871
75.52	7.2751888e-06	-5.8392505	0.010254155
76.16	7.2997119e-06	-5.8392458	0.010258269
76.8	7.5399187e-06	-5.8392273	0.010268153
77.44	7.5357511e-06	-5.8392411	0.010265647
78.08	7.5014642e-06	-5.8392595	0.010225456
78.72	7.6108359e-06	-5.8391991	0.010291022
79.36	7.6094597e-06	-5.8392317	0.010212367
80	7.6905793e-06	-5.8392598	0.010269388
80.64	7.5099238e-06	-5.8392458	0.01021717
81.28	7.2296113e-06	-5.8392504	0.010284616
81.92	7.3125139e-06	-5.8392226	0.010212282
82.56	7.4097621e-06	-5.8392692	0.010224212
83.2	7.4294332e-06	-5.8392737	0.010279776
83.84	7.4510778e-06	-5.839255	0.01024373
84.48	7.566292e-06	-5.8392177	0.01027063
85.12	7.5770421e-06	-5.8392735	0.010294717
85.76	7.6556215e-06	-5.8392271	0.0102004
86.4	7.5612516e-06	-5.8392457	0.010266677
87.04	7.4293153e-06	-5.8392411	0.010275682
87.68	7.4586521e-06	-5.8392599	0.010273779
88.32	7.3055358e-06	-5.8392645	0.010300344
88.96	7.3301479e-06	-5.8392598	0.010296481
89.6	7.5253215e-06	-5.8392552	0.010271319
90.24	7.5630357e-06	-5.8392458	0.010222002
90.88	7.6149663e-06	-5.8392503	0.010282956
91.52	7.6449056e-06	-5.839255	0.010283918
92.16	7.6666605e-06	-5.8392783	0.010288958
92.8	7.4995469e-06	-5.8392271	0.010259507
93.44	7.5165273e-06	-5.8392273	0.01024995
94.08	7.3186684e-06	-5.8392551	0.010280427
94.72	7.3131954e-06	-5.8392645	0.010214716
95.36	7.4010449e-06	-5.8392412	0.010233654
96	7.4936247e-06	-5.8392319	0.010202721
96.64	7.5577269e-06	-5.8392457	0.010257828
97.28	7.6902557e-06	-5.839255	0.010265543
97.92	7.7213719e-06	-5.8392643	0.010225056
98.56	7.467444e-06	-5.8392456	0.010236902
99.2	7.607802e-06	-5.8392552	0.010258091
99.84	7.4876111e-06	-5.8392133	0.010245098
100.48	7.3410248e-06	-5.8392412	0.010249401
101.12	7.2851945e-06	-5.8392551	0.010275426
101.76	7.3100736e-06	-5.8392504	0.010245667
102.4	7.4422044e-06	-5.8392271	0.010319641
103.04	7.468901e-06	-5.8392503	0.010218919
103.68	7.5357447e-06	-5.8392363	0.010283356
104.32	7.6005709e-06	-5.8392596	0.010219719
104.96	7.4925592e-06	-5.8392503	0.010283888
105.6	7.5357399e-06	-5.839204	0.010224406
106.24	7.3957547e-06	-5.8392319	0.010236202
106.88	7.2973228e-06	-5.8392737	0.010170255
107.52	7.4172107e-06	-5.8392645	0.010225545
108.16	7.4745137e-06	-5.8392598	0.01030117
108.8	7.4495273e-06	-5.8392783	0.010246823
109.44	7.4953156e-06	-5.8392224	0.010265221
110.08	7.7494812e-06	-5.8392272	0.010260891
110.72	7.7524759e-06	-5.8392226	0.010313164
111.36	7.5366132e-06	-5.8392271	0.010299837
112	7.3947908e-06	-5.8393015	0.0102771
112.64	7.2648983e-06	-5.8392318	0.010286083
113.28	7.2348494e-06	-5.8392458	0.010278502
113.92	7.4203732e-06	-5.839218	0.010260421
114.56	7.4412502e-06	-5.8392226	0.010298635
115.2	7.6703083e-06	-5.8392459	0.0102234
115.84	7.6306441e-06	-5.839255	0.010254688
116.48	7.6662611e-06	-5.839255	0.010250789
117.12	7.6327803e-06	-5.8392643	0.010248004
117.76	7.6319654e-06	-5.8392458	0.010321801
118.4	7.4296273e-06	-5.8392272	0.010253677
119.04	7.4136325e-06	-5.8392412	0.010209632
119.68	7.433036e-06	-5.8392181	0.010258193
120.32	7.3608739e-06	-5.8392598	0.010254157
120.96	7.4421981e-06	-5.8392365	0.010266859
121.6	7.4806555e-06	-5.8392178	0.010293336
122.24	7.5583081e-06	-5.8392643	0.010318466
122.88	7.5862162e-06	-5.8392596	0.010229656
123.52	7.3664411e-06	-5.8392501	0.010300415
124.16	7.5970474e-06	-5.8392226	0.010260339
124.8	7.3688239e-06	-5.8392364	0.010255926
125.44	7.509267e-06	-5.839232	0.010288605
126.08	7.4578039e-06	-5.839246	0.010270614
126.72	7.3378077e-06	-5.8392458	0.010267812
127.36	7.4937976e-06	-5.8392831	0.010242721
128	7.5918215e-06	-5.8392272	0.010238863
128.64	7.4306704e-06	-5.8392455	0.010284634
129.28	7.6035093e-06	-5.839227	0.010286248
129.92	7.5812842e-06	-5.8392596	0.010272891
130.56	7.4847102e-06	-5.8392411	0.010293974
131.2	7.4863242e-06	-5.8392273	0.010229834
131.84	7.3943433e-06	-5.8392598	0.010187935
132.48	7.4154712e-06	-5.8392459	0.010285828
133.12	7.3336662e-06	-5.8392272	0.010290804
133.76	7.4686531e-06	-5.8392737	0.010223734
134.4	7.5558278e-06	-5.8392922	0.010199199
135.04	7.6181647e-06	-5.8392224	0.010230615
135.68	7.5896234e-06	-5.8392549	0.010281389
136.32	7.6457984e-06	-5.8392272	0.010275103
136.96	7.5214312e-06	-5.8392318	0.010255511
137.6	7.4087159e-06	-5.8392458	0.010308727
138.24	7.3051787e-06	-5.8392319	0.01023465
138.88	7.3073907e-06	-5.8392086	0.010296339
139.52	7.4470574e-06	-5.8392645	0.010252166
140.16	7.4646572e-06	-5.8392132	0.010271659
140.8	7.4791681e-06	-5.8392596	0.010263271
141.44	7.6201628e-06	-5.8392643	0.010229947
142.08	7.5990794e-06	-5.8392829	0.01024537
142.72	7.4329111e-06	-5.8392549	0.010198783
143.36	7.4145908e-06	-5.8392085	0.010289808
144	7.5481689e-06	-5.8392646	0.010301028
144.64	7.24702e-06	-5.8392411	0.010316285
145.28	7.40611e-06	-5.8392552	0.010211475
145.92	7.3361615e-06	-5.8392551	0.01029382
146.56	7.5368768e-06	-5.839283	0.010221354
147.2	7.5964332e-06	-5.8392318	0.010267703
147.84	7.5919273e-06	-5.8392503	0.01026255
148.48	7.4959943e-06	-5.8392502	0.010240642
149.12	7.6153948e-06	-5.8392783	0.010264494
149.76	7.5828414e-06	-5.8392505	0.010292297
150.4	7.4953611e-06	-5.8392413	0.010196719
151.04	7.3914641e-06	-5.8392552	0.010269787
151.68	7.3359082e-06	-5.8392691	0.01027312
152.32	7.5597515e-06	-5.8392646	0.010230174
152.96	7.531614e-06	-5.8392737	0.010284707
153.6	7.55851e-06	-5.8392457	0.01026426
154.24	7.5645806e-06	-5.8392317	0.010280199
154.88	7.5908146e-06	-5.8392178	0.010263235
155.52	7.5478212e-06	-5.8392504	0.010276437
156.16	7.5032657e-06	-5.8392458	0.010320553
156.8	7.3993627e-06	-5.8392551	0.010318751
157.44	7.534953e-06	-5.8392321	0.010232075
158.08	7.43662e-06	-5.839232	0.01030472
158.72	7.5140407e-06	-5.8392692	0.010254981
159.36	7.5102149e-06	-5.8392597	0.010266639
160	7.5952086e-06	-5.8392085	0.010284227
160.64	7.6235166e-06	-5.8392364	0.010243029
161.28	7.6131296e-06	-5.8392829	0.010186804
161.92	7.5665397e-06	-5.8392551	0.010257997
162.56	7.4453095e-06	-5.8392504	0.010243877
163.2	7.3690633e-06	-5.8392505	0.010222532
163.84	7.41103e-06	-5.8392134	0.010283147
164.48	7.4271067e-06	-5.8392459	0.010239257
165.12	7.415047e-06	-5.839269	0.010231898
165.76	7.537726e-06	-5.8392644	0.010240747
166.4	7.5145325e-06	-5.839241	0.01025629
167.04	7.5348662e-06	-5.8392642	0.010271511
167.68	7.500256e-06	-5.8392363	0.010319465
168.32	7.5368522e-06	-5.839255	0.010220714
168.96	7.5435606e-06	-5.8392273	0.010262065
169.6	7.3502361e-06	-5.8392644	0.010276534
170.24	7.3536698e-06	-5.8392691	0.010209536
170.88	7.3620805e-06	-5.8392412	0.010277295
171.52	7.4944194e-06	-5.8392505	0.010238004
172.16	7.5068236e-06	-5.839255	0.01020732
172.8	7.5790344e-06	-5.8392364	0.010297316
173.44	7.5750918e-06	-5.8392596	0.010206933
174.08	7.5497704e-06	-5.8392503	0.010235053
174.72	7.5936014e-06	-5.8392458	0.010275016
175.36	7.414622e-06	-5.8392039	0.010258073
176	7.3279072e-06	-5.8392737	0.01027153
176.64	7.2400055e-06	-5.8392411	0.010291023
177.28	7.4154042e-06	-5.8392366	0.010222465
177.92	7.4333398e-06	-5.8392504	0.010220623
178.56	7.535411e-06	-5.8392271	0.01031003
179.2	7.5836178e-06	-5.8392457	0.010290224
179.84	7.5663724e-06	-5.8392317	0.010248106
180.48	7.5571606e-06	-5.8392457	0.010244879
181.12	7.5201583e-06	-5.8392597	0.010282429
181.76	7.3207354e-06	-5.8392225	0.01031105
182.4	7.2401367e-06	-5.8392597	0.010220031
183.04	7.4401022e-06	-5.8392692	0.010223297
183.68	7.4073506e-06	-5.8392552	0.010298187
184.32	7.5138844e-06	-5.8392691	0.010263243
184.96	7.4855074e-06	-5.8392457	0.010266222
185.6	7.5365719e-06	-5.839227	0.01025969
186.24	7.6272043e-06	-5.8392689	0.010287944
186.88	7.5513581e-06	-5.8392643	0.010263307
187.52	7.4481536e-06	-5.839255	0.010269367
188.16	7.4688887e-06	-5.8391947	0.010351756
188.8	7.4010411e-06	-5.8392785	0.010231737
189.44	7.286572e-06	-5.8392691	0.010263751
190.08	7.4349431e-06	-5.8392087	0.010241389
190.72	7.4415914e-06	-5.8392643	0.010299386
191.36	7.6187416e-06	-5.8392597	0.010199493
192	7.5327157e-06	-5.8392409	0.010252275
192.64	7.6086739e-06	-5.8392457	0.010283487
193.28	7.4968678e-06	-5.8392456	0.010233891
193.92	7.4475248e-06	-5.8392736	0.010246179
194.56	7.470456e-06	-5.8392505	0.010256477
195.2	7.3832419e-06	-5.8392738	0.010233263
195.84	7.3927126e-06	-5.8392459	0.010270015
196.48	7.3489399e-06	-5.8392551	0.010226863
197.12	7.5601103e-06	-5.8392644	0.010262217
197.76	7.5232975e-06	-5.8392364	0.010306216
198.4	7.561461e-06	-5.8392456	0.010247128
199.04	7.5560685e-06	-5.839227	0.010246068
199.68	7.5516571e-06	-5.8392504	0.010272419
200.32	7.5198361e-06	-5.8392644	0.010169503
200.96	7.4003813e-06	-5.8392226	0.010246523
201.6	7.402068e-06	-5.8392552	0.010250774
202.24	7.4117353e-06	-5.8392459	0.010323205
202.88	7.5155627e-06	-5.8392413	0.010298177
203.52	7.4130265e-06	-5.8392736	0.010280849
204.16	7.6575473e-06	-5.8392458	0.010278973
204.8	7.6362552e-06	-5.8392643	0.010238497
205.44	7.4894422e-06	-5.8392642	0.010272613
206.08	7.4709049e-06	-5.8392875	0.010280079
206.72	7.4917517e-06	-5.8392551	0.010235339
207.36	7.4876823e-06	-5.8392599	0.010208602
208	7.5175789e-06	-5.8392321	0.010332293
208.64	7.3963909e-06	-5.8392552	0.010234513
209.28	7.4101891e-06	-5.8392644	0.010289032
209.92	7.5431384e-06	-5.8392225	0.010287525
210.56	7.5607664e-06	-5.8392457	0.010264986
211.2	7.5791575e-06	-5.8392503	0.010239299
211.84	7.6016264e-06	-5.839269	0.010303315
212.48	7.547011e-06	-5.839269	0.01029145
213.12	7.4643785e-06	-5.8392365	0.010199995
213.76	7.1751513e-06	-5.8392549	0.01018245
214.4	7.3209456e-06	-5.8392598	0.010246649
215.04	7.4433215e-06	-5.8392552	0.010266988
215.68	7.4897107e-06	-5.8392226	0.010274645
216.32	7.6239051e-06	-5.8392924	0.010266014
216.96	7.471085e-06	-5.8392595	0.010248576
217.6	7.6595798e-06	-5.8392411	0.010368729
218.24	7.6325159e-06	-5.8392504	0.010271611
218.88	7.4351701e-06	-5.8392596	0.010242461
219.52	7.4047751e-06	-5.8392225	0.010220507
220.16	7.3901795e-06	-5.8391947	0.010321161
220.8	7.4598395e-06	-5.8392506	0.010246478
221.44	7.5019617e-06	-5.839232	0.010258333
222.08	7.4164136e-06	-5.8392504	0.010251477
222.72	7.3477507e-06	-5.8392363	0.010309738
223.36	7.6872111e-06	-5.8392644	0.010263125
224	7.4824075e-06	-5.8392688	0.010278784
224.64	7.5106016e-06	-5.8392549	0.010254478
225.28	7.6005555e-06	-5.8392877	0.010250713
225.92	7.4379015e-06	-5.8392598	0.010268653
226.56	7.4827921e-06	-5.8392692	0.0101999
227.2	7.4137153e-06	-5.839218	0.010307395
227.84	7.4938867e-06	-5.8392041	0.010262682
228.48	7.3907041e-06	-5.8392085	0.010225599
229.12	7.5824414e-06	-5.8392272	0.010278629
229.76	7.6609177e-06	-5.8392644	0.01026783
230.4	7.68358e-06	-5.839269	0.010301588
231.04	7.6506329e-06	-5.8392318	0.010243482
231.68	7.5269874e-06	-5.8392132	0.010231287
232.32	7.5140951e-06	-5.8392413	0.010316099
232.96	7.4110269e-06	-5.8392645	0.010221856
233.6	7.4814204e-06	-5.8392088	0.010328963
234.24	7.3962978e-06	-5.8392458	0.010286906
234.88	7.5030233e-06	-5.8392551	0.010250041
235.52	7.5501119e-06	-5.8392271	0.010257097
236.16	7.6515338e-06	-5.8392271	0.010265648
236.8	7.4982675e-06	-5.8392642	0.010254925
237.44	7.3986851e-06	-5.8392735	0.010203599
238.08	7.4724228e-06	-5.8392458	0.010253082
238.72	7.208372e-06	-5.839241	0.010250665
239.36	7.3504863e-06	-5.8392877	0.010238823
240	7.2609871e-06	-5.8392364	0.01021568
240.64	7.3111412e-06	-5.839255	0.010282577
241.28	7.4893285e-06	-5.8392783	0.010239458
241.92	7.5324881e-06	-5.839255	0.010319928
242.56	7.5712639e-06	-5.8392364	0.010291573
243.2	7.5890924e-06	-5.8392271	0.010222151
243.84	7.636164e-06	-5.8392458	0.010236307
244.48	7.5152977e-06	-5.8392412	0.010302643
245.12	7.503805e-06	-5.8392599	0.010266836
245.76	7.3391895e-06	-5.8392598	0.010277069
246.4	7.4161117e-06	-5.8392366	0.010245332
247.04	7.4680739e-06	-5.8392226	0.010264102
247.68	7.4394916e-06	-5.8392596	0.010247811
248.32	7.4774173e-06	-5.8392549	0.01017612
248.96	7.5464149e-06	-5.839241	0.010235943
249.6	7.5431262e-06	-5.8392364	0.01026139
250.24	7.5037597e-06	-5.8392224	0.010280634
250.88	7.4691782e-06	-5.8392458	0.010266605
251.52	7.4042519e-06	-5.8392784	0.01023144
252.16	7.4691159e-06	-5.8392692	0.010332821
252.8	7.3060715e-06	-5.8392644	0.01021633
253.44	7.4268983e-06	-5.8392318	0.010257527
254.08	7.6512541e-06	-5.8391994	0.010312033
254.72	7.5766427e-06	-5.839255	0.01026227
255.36	7.5400022e-06	-5.8392224	0.010208089
256	7.6716009e-06	-5.8392272	0.010247683
256.64	7.577561e-06	-5.8392505	0.010292053
257.28	7.4553307e-06	-5.8392598	0.010246405
257.92	7.5223414e-06	-5.8392553	0.010228705
258.56	7.3171586e-06	-5.8392644	0.010227317
259.2	7.3791662e-06	-5.8392412	0.010248254
259.84	7.4195474e-06	-5.8392411	0.010292998
260.48	7.4973032e-06	-5.8392085	0.010234153
261.12	7.6174187e-06	-5.839269	0.010281361
261.76	7.4650623e-06	-5.8392828	0.010271742
262.4	7.5685129e-06	-5.8392457	0.010243275
263.04	7.5263697e-06	-5.8392272	0.010227695
263.68	7.5400246e-06	-5.8392878	0.010244416
264.32	7.3549433e-06	-5.8392412	0.010248013
264.96	7.3374715e-06	-5.8392551	0.010287318
265.6	7.3904574e-06	-5.8392272	0.010248082
266.24	7.3947829e-06	-5.839255	0.010305712
266.88	7.64894e-06	-5.8392365	0.010286228
267.52	7.4935745e-06	-5.8392503	0.010285428
268.16	7.5215354e-06	-5.8392735	0.010281326
268.8	7.5930833e-06	-5.8392085	0.010261688
269.44	7.5249681e-06	-5.8392039	0.010271118
270.08	7.3553659e-06	-5.8392411	0.010260389
270.72	7.3368727e-06	-5.8392179	0.010229919
271.36	7.4261505e-06	-5.8392366	0.010250899
272	7.274722e-06	-5.8392457	0.010301722
272.64	7.5042744e-06	-5.8392737	0.010219345
273.28	7.6522113e-06	-5.8392598	0.010261006
273.92	7.6122423e-06	-5.8392597	0.010252815
274.56	7.7022833e-06	-5.8392458	0.010237364
275.2	7.4800627e-06	-5.8392317	0.010252941
275.84	7.5643532e-06	-5.8392412	0.010341907
276.48	7.3933887e-06	-5.8392783	0.01022414
277.12	7.4721017e-06	-5.8392553	0.010253234
277.76	7.3237364e-06	-5.8392505	0.010271012
278.4	7.3400198e-06	-5.8392365	0.010252482
279.04	7.3990615e-06	-5.8392364	0.010306263
279.68	7.6209402e-06	-5.8392737	0.010302214
280.32	7.5627959e-06	-5.8392363	0.010272338
280.96	7.429417e-06	-5.8392362	0.010205953
281.6	7.4328233e-06	-5.8392549	0.010292764
282.24	7.2624672e-06	-5.8392223	0.01027977
282.88	7.4009695e-06	-5.8392365	0.010239862
283.52	7.3231591e-06	-5.8392505	0.010212376
284.16	7.5199946e-06	-5.8392507	0.010233116
284.8	7.4403962e-06	-5.8392505	0.010244457
285.44	7.4287325e-06	-5.8392271	0.010247784
286.08	7.579815e-06	-5.8392318	0.010336931
286.72	7.6888963e-06	-5.8392783	0.010295443
287.36	7.6696685e-06	-5.8392411	0.010230978
288	7.4308402e-06	-5.8392596	0.010289155
288.64	7.5212503e-06	-5.8392737	0.010243045
289.28	7.2273263e-06	-5.839241	0.010312467
289.92	7.4594162e-06	-5.839232	0.010270416
290.56	7.4453122e-06	-5.8392552	0.010281183
291.2	7.3605909e-06	-5.8392458	0.010313573
291.84	7.387258e-06	-5.8392503	0.010228786
292.48	7.5294812e-06	-5.8392271	0.01029801
293.12	7.5708237e-06	-5.8392317	0.010266131
293.76	7.5330467e-06	-5.8392456	0.010252964
294.4	7.4981438e-06	-5.8392596	0.010282867
295.04	7.4471898e-06	-5.8392597	0.010260046
295.68	7.3712297e-06	-5.8392598	0.010273078
296.32	7.4225792e-06	-5.8392413	0.010269835
296.96	7.4215443e-06	-5.8392738	0.010259096
297.6	7.4003477e-06	-5.8392411	0.010247406
298.24	7.4259059e-06	-5.8392503	0.010248554
298.88	7.5843188e-06	-5.8392597	0.010248397
299.52	7.5732682e-06	-5.8392736	0.010341257
300.16	7.6561652e-06	-5.839283	0.01020031
300.8	7.4787095e-06	-5.839241	0.010288903
301.44	7.5740225e-06	-5.8392599	0.010284217
302.08	7.4313322e-06	-5.8392738	0.010227832
302.72	7.47204e-06	-5.8392599	0.010321295
303.36	7.2849934e-06	-5.8392551	0.010299098
304	7.3963016e-06	-5.8392318	0.010223448
304.64	7.5056438e-06	-5.8392411	0.010342644
305.28	7.6339287e-06	-5.8392411	0.010240731
305.92	7.4420033e-06	-5.8392595	0.010240707
306.56	7.4607745e-06	-5.8392642	0.01024304
307.2	7.4627648e-06	-5.8392689	0.010226509
307.84	7.4628087e-06	-5.8392505	0.010306904
308.48	7.4109812e-06	-5.8392412	0.010302696
309.12	7.3757047e-06	-5.8392412	0.010239424
309.76	7.3080388e-06	-5.8392318	0.010279069
310.4	7.5370986e-06	-5.8392459	0.010235428
311.04	7.6985342e-06	-5.8392506	0.01026402
311.68	7.5621908e-06	-5.8392271	0.010298522
312.32	7.6620519e-06	-5.8392271	0.01030846
312.96	7.6315957e-06	-5.8392411	0.010254101
313.6	7.513113e-06	-5.8392876	0.010276279
314.24	7.4654977e-06	-5.8392319	0.01024914
314.88	7.3594214e-06	-5.8392598	0.010211425
315.52	7.48972e-06	-5.8392274	0.010292371
316.16	7.4724432e-06	-5.8392366	0.010267746
316.8	7.5325768e-06	-5.8392412	0.010272772
317.44	7.4165846e-06	-5.8392642	0.010224137
318.08	7.515905e-06	-5.8392317	0.010296104
318.72	7.4443183e-06	-5.8392455	0.010275858
319.36	7.6202875e-06	-5.8392411	0.010283675
320	7.5404273e-06	-5.8392458	0.010215325
320.64	7.4187647e-06	-5.8392132	0.01027664
321.28	7.3583454e-06	-5.8392644	0.010208365
321.92	7.3342722e-06	-5.8392272	0.010281802
322.56	7.3326843e-06	-5.8392458	0.010261612
323.2	7.3099554e-06	-5.8392363	0.010293717
323.84	7.5277051e-06	-5.8392317	0.010236985
324.48	7.5770134e-06	-5.839227	0.010265434
325.12	7.5576927e-06	-5.8392456	0.01023784
325.76	7.5839957e-06	-5.8392271	0.010260054
326.4	7.4690709e-06	-5.839283	0.010292032
327.04	7.5582212e-06	-5.8392413	0.010268929
327.68	7.4214247e-06	-5.839232	0.010255894
328.32	7.3350832e-06	-5.8392737	0.01020558
328.96	7.4230043e-06	-5.8392412	0.010301455
329.6	7.5692234e-06	-5.8392505	0.010252722
330.24	7.510176e-06	-5.8392271	0.010277911
330.88	7.5883221e-06	-5.8392364	0.010312907
331.52	7.4990112e-06	-5.8392316	0.010234856
332.16	7.4049994e-06	-5.8392316	0.010296882
332.8	7.5117444e-06	-5.839283	0.010279047
333.44	7.370138e-06	-5.8392458	0.010226484
334.08	7.3844434e-06	-5.8392877	0.010280036
334.72	7.2969681e-06	-5.8392318	0.010283673
335.36	7.4593311e-06	-5.8392319	0.010233703
336	7.4568388e-06	-5.8392271	0.010301185
336.64	7.447064e-06	-5.8392549	0.010294737
337.28	7.5105596e-06	-5.8392363	0.010251517
337.92	7.692988e-06	-5.8392318	0.010294009
338.56	7.6322223e-06	-5.8392598	0.010233873
339.2	7.5034016e-06	-5.8392551	0.010225964
339.84	7.3875933e-06	-5.8392644	0.01019561
340.48	7.3340736e-06	-5.8392365	0.010262941
341.12	7.2591596e-06	-5.8392458	0.010207007
341.76	7.5205808e-06	-5.8392506	0.010238815
342.4	7.4307421e-06	-5.839241	0.010284487
343.04	7.5607074e-06	-5.839255	0.010238266
343.68	7.5435536e-06	-5.8392596	0.010288972
344.32	7.5523498e-06	-5.8392596	0.010268874
344.96	7.4760955e-06	-5.8392364	0.01021573
345.6	7.3917955e-06	-5.8392318	0.010275762
346.24	7.3342514e-06	-5.8392644	0.010273761
346.88	7.3710223e-06	-5.8392505	0.010273126
347.52	7.3558813e-06	-5.8392598	0.010252479
348.16	7.471291e-06	-5.8392226	0.010289851
348.8	7.4577271e-06	-5.839241	0.010276611
349.44	7.6401304e-06	-5.8392457	0.010272795
350.08	7.5747653e-06	-5.8392363	0.010295133
350.72	7.5715844e-06	-5.8392364	0.010285594
351.36	7.4430124e-06	-5.8392317	0.010249913
352	7.5124046e-06	-5.8392645	0.010276188
352.64	7.3722812e-06	-5.8392505	0.010202005
353.28	7.4908734e-06	-5.8392507	0.010265072
353.92	7.3724238e-06	-5.8392598	0.010279839
354.56	7.4640185e-06	-5.8392411	0.010254936
355.2	7.5532571e-06	-5.8392411	0.010280611
355.84	7.5392362e-06	-5.8392921	0.010217047
356.48	7.5377855e-06	-5.8392456	0.010295303
357.12	7.6496901e-06	-5.8392644	0.01025054
357.76	7.6047072e-06	-5.8392598	0.010249247
358.4	7.4072207e-06	-5.8392737	0.010288245
359.04	7.3962405e-06	-5.8392505	0.010265452
359.68	7.3142626e-06	-5.8392551	0.010277582
360.32	7.4415669e-06	-5.8392459	0.010249099
360.96	7.3373168e-06	-5.8392084	0.010296154
361.6	7.657892e-06	-5.8392458	0.010248938
362.24	7.6978727e-06	-5.8392272	0.010202411
362.88	7.6113678e-06	-5.8392317	0.010281913
363.52	7.5557958e-06	-5.8392783	0.010207954
364.16	7.5490669e-06	-5.8392737	0.010238754
364.8	7.5184707e-06	-5.8392227	0.010268363
365.44	7.3392426e-06	-5.839204	0.010287384
366.08	7.3281441e-06	-5.8392412	0.010248436
366.72	7.3083041e-06	-5.8392132	0.010331495
367.36	7.5336027e-06	-5.8392505	0.01025421
368	7.5798885e-06	-5.8392736	0.010281933
368.64	7.6564621e-06	-5.8392643	0.010304998
369.28	7.5867925e-06	-5.8392457	0.010258121
369.92	7.5557724e-06	-5.8392411	0.010321425
370.56	7.5052806e-06	-5.8392551	0.01025816
371.2	7.3018062e-06	-5.8392783	0.010257551
371.84	7.3745834e-06	-5.8392366	0.010226113
372.48	7.3300981e-06	-5.8392412	0.010296431
373.12	7.3955166e-06	-5.8392086	0.010346943
373.76	7.5318167e-06	-5.839283	0.01021693
374.4	7.5541084e-06	-5.8392131	0.010256848
375.04	7.5867716e-06	-5.8392596	0.010211998
375.68	7.5073327e-06	-5.8392688	0.01029673
376.32	7.5520132e-06	-5.8392597	0.010219615
376.96	7.4105701e-06	-5.8392457	0.010223782
377.6	7.4115695e-06	-5.8392226	0.010287601
378.24	7.2381508e-06	-5.8392504	0.010203101
378.88	7.4507912e-06	-5.8392366	0.010275328
379.52	7.4748039e-06	-5.8392412	0.01019998
380.16	7.6731757e-06	-5.8392459	0.010321599
380.8	7.6453895e-06	-5.8392597	0.010278076
381.44	7.6607222e-06	-5.8392318	0.010251479
382.08	7.5311688e-06	-5.8392642	0.010230359
382.72	7.6100395e-06	-5.8392644	0.010268691
383.36	7.5694683e-06	-5.839218	0.010315
384	7.4586678e-06	-5.8392645	0.010238035
384.64	7.4614494e-06	-5.839246	0.010290202
385.28	7.5103854e-06	-5.8392274	0.010308011
385.92	7.3895438e-06	-5.839269	0.010223418
386.56	7.4989616e-06	-5.839269	0.01025529
387.2	7.4763075e-06	-5.8392688	0.010301869
387.84	7.6595686e-06	-5.8392224	0.010222955
388.48	7.4793992e-06	-5.8392316	0.010333193
389.12	7.619297e-06	-5.8392784	0.010255565
389.76	7.4730459e-06	-5.8393017	0.010273751
390.4	7.337602e-06	-5.8392598	0.010273807
391.04	7.4742806e-06	-5.8392088	0.010305816
391.68	7.5230535e-06	-5.8392321	0.010280355
392.32	7.5471604e-06	-5.8392598	0.010304861
392.96	7.5338527e-06	-5.8392597	0.010278814
393.6	7.6030894e-06	-5.8392457	0.010256565
394.24	7.6383537e-06	-5.839255	0.010292608
394.88	7.4843205e-06	-5.8392177	0.010264896
395.52	7.5761213e-06	-5.8392505	0.010217014
396.16	7.4184255e-06	-5.8392551	0.010264012
396.8	7.3817635e-06	-5.8392645	0.010227468
397.44	7.3786769e-06	-5.8392692	0.010279017
398.08	7.3700827e-06	-5.8392598	0.010289061
398.72	7.4681896e-06	-5.8392318	0.010264283
399.36	7.6698005e-06	-5.8392086	0.010223784
400	7.5645124e-06	-5.8392502	0.010210489
400.64	7.6571995e-06	-5.8392782	0.01024939
401.28	7.4894727e-06	-5.8392409	0.010287275
401.92	7.4503373e-06	-5.8392085	0.010260429
402.56	7.5148785e-06	-5.8392599	0.010260623
403.2	7.3068182e-06	-5.8392505	0.0103255
403.84	7.4390012e-06	-5.8392413	0.010216276
404.48	7.3183125e-06	-5.8392504	0.01024731
405.12	7.5240459e-06	-5.8392458	0.010274604
405.76	7.4973214e-06	-5.8392642	0.010261422
406.4	7.5815635e-06	-5.8392363	0.010314572
407.04	7.5572056e-06	-5.8392688	0.010274716
407.68	7.4964257e-06	-5.8392643	0.010282481
408.32	7.5280756e-06	-5.8392645	0.010206375
408.96	7.4324568e-06	-5.8392552	0.010241661
409.6	7.4685183e-06	-5.8392367	0.010225867
410.24	7.2837568e-06	-5.8392644	0.010253502
410.88	7.43919e-06	-5.8392319	0.010306103
411.52	7.5016112e-06	-5.8392597	0.01024352
412.16	7.5276071e-06	-5.839241	0.01021273
412.8	7.5970821e-06	-5.839241	0.010292742
413.44	7.6218469e-06	-5.8392689	0.010295782
414.08	7.5677131e-06	-5.8392876	0.01026017
414.72	7.4807049e-06	-5.8392459	0.010249597
415.36	7.3743234e-06	-5.8392459	0.010297265
416	7.3571123e-06	-5.8392412	0.010340256
416.64	7.3048651e-06	-5.8392365	0.010229282
417.28	7.4914973e-06	-5.8392319	0.010294036
417.92	7.5050507e-06	-5.8392643	0.010249813
418.56	7.4799072e-06	-5.8392641	0.010240457
419.2	7.5773892e-06	-5.839227	0.010289847
419.84	7.6029365e-06	-5.8392876	0.010237434
420.48	7.5067874e-06	-5.8392597	0.0102111
421.12	7.4354178e-06	-5.8392691	0.010208985
421.76	7.2998845e-06	-5.8392923	0.010221876
422.4	7.3929888e-06	-5.8392413	0.010283216
423.04	7.428703e-06	-5.8392691	0.010189216
423.68	7.4202152e-06	-5.839269	0.010244068
424.32	7.5744213e-06	-5.839283	0.010256052
424.96	7.6995603e-06	-5.8392179	0.010240822
425.6	7.6620747e-06	-5.8392364	0.010235064
426.24	7.5425278e-06	-5.839241	0.010254791
426.88	7.5717817e-06	-5.8392505	0.010236812
427.52	7.5233343e-06	-5.8392134	0.010318526
428.16	7.4892346e-06	-5.8392925	0.010252867
428.8	7.4222852e-06	-5.8392506	0.010292169
429.44	7.330985e-06	-5.8392271	0.010278626
430.08	7.443739e-06	-5.8392271	0.010280962
430.72	7.5268251e-06	-5.8392596	0.010245607
431.36	7.5446105e-06	-5.8392549	0.010251169
432	7.5274532e-06	-5.8392596	0.010304397
432.64	7.4117017e-06	-5.8392317	0.010263476
433.28	7.4953849e-06	-5.8392691	0.01025878
433.92	7.4389128e-06	-5.8392924	0.010221663
434.56	7.3124971e-06	-5.8392458	0.010264025
435.2	7.3309052e-06	-5.8392179	0.010286187
435.84	7.5214749e-06	-5.8392924	0.010205447
436.48	7.5867162e-06	-5.8392505	0.010324373
437.12	7.5336755e-06	-5.8392689	0.010218129
437.76	7.646552e-06	-5.8392551	0.010244978
438.4	7.5916308e-06	-5.8392783	0.010246941
439.04	7.4564757e-06	-5.8392504	0.010234272
439.68	7.3790278e-06	-5.8392643	0.010315331
440.32	7.4468381e-06	-5.8392505	0.010241707
440.96	7.4369455e-06	-5.8392552	0.010310686
441.6	7.3614905e-06	-5.8392783	0.01023713
442.24	7.3156651e-06	-5.8392828	0.010187578
442.88	7.4921782e-06	-5.8392317	0.010301885
443.52	7.5010075e-06	-5.839241	0.010268026
444.16	7.5714036e-06	-5.8392271	0.010237386
444.8	7.4988144e-06	-5.839255	0.010276687
445.44	7.5022946e-06	-5.8392225	0.010243922
446.08	7.4047421e-06	-5.8392691	0.010231778
446.72	7.4152079e-06	-5.8392459	0.010236696
447.36	7.502252e-06	-5.8392692	0.010231159
448	7.5827892e-06	-5.8392506	0.010263401
448.64	7.5453661e-06	-5.8392318	0.010279925
449.28	7.4830911e-06	-5.839255	0.010225331
449.92	7.5013178e-06	-5.8392596	0.010257401
450.56	7.4360492e-06	-5.8392316	0.010228514
451.2	7.5787392e-06	-5.8392644	0.010230098
451.84	7.4253795e-06	-5.8392644	0.010309551
452.48	7.4720861e-06	-5.8392459	0.010242524
453.12	7.3995683e-06	-5.8392784	0.010292034
453.76	7.4996302e-06	-5.8392691	0.010281733
454.4	7.3377945e-06	-5.8392317	0.010299309
455.04	7.5682413e-06	-5.8392504	0.010272643
455.68	7.4117717e-06	-5.8392409	0.010237076
456.32	7.5512378e-06	-5.8392829	0.010238228
456.96	7.6078797e-06	-5.8392179	0.010222761
457.6	7.5254135e-06	-5.8392412	0.010255597
458.24	7.3196903e-06	-5.8392503	0.010223432
458.88	7.3031389e-06	-5.8392597	0.010244125
459.52	7.3606302e-06	-5.8392504	0.010240854
460.16	7.4046906e-06	-5.8392318	0.010303482
460.8	7.4799119e-06	-5.839283	0.010249761
461.44	7.5787016e-06	-5.8392551	0.010246722
462.08	7.5898516e-06	-5.8392969	0.010257679
462.72	7.6405045e-06	-5.8392551	0.010221598
463.36	7.5557216e-06	-5.8392597	0.010237107
464	7.4415069e-06	-5.8392737	0.010245413
464.64	7.4410557e-06	-5.8392552	0.010301726
465.28	7.4383031e-06	-5.8392273	0.010218904
465.92	7.5215285e-06	-5.8392506	0.010270899
466.56	7.5448347e-06	-5.8392738	0.010238797
467.2	7.5621536e-06	-5.8392365	0.010268294
467.84	7.6770882e-06	-5.8392179	0.010310789
468.48	7.5541324e-06	-5.8392271	0.010263244
469.12	7.6312409e-06	-5.8392458	0.01023907
469.76	7.583046e-06	-5.8392365	0.010222772
470.4	7.5626044e-06	-5.8392459	0.010239354
471.04	7.3629742e-06	-5.839283	0.01031148
471.68	7.2939719e-06	-5.8392272	0.010275684
472.32	7.404121e-06	-5.8392458	0.010248822
472.96	7.4703763e-06	-5.839283	0.010268974
473.6	7.6361791e-06	-5.8392365	0.010302493
474.24	7.6148564e-06	-5.839255	0.010264426
474.88	7.5514386e-06	-5.8392549	0.010271536
475.52	7.5517786e-06	-5.8392503	0.010233751
476.16	7.4973172e-06	-5.8392783	0.010270829
476.8	7.4351718e-06	-5.8392365	0.010295502
477.44	7.325565e-06	-5.8392225	0.010239806
478.08	7.2819964e-06	-5.8392458	0.010233238
478.72	7.4268141e-06	-5.8392179	0.010328611
479.36	7.5746683e-06	-5.8392691	0.010266935
480	7.4944899e-06	-5.839241	0.010276224
480.64	7.6358875e-06	-5.8392643	0.010249443
481.28	7.6297185e-06	-5.839255	0.010317636
481.92	7.5744139e-06	-5.8392876	0.010226572
482.56	7.406382e-06	-5.8392736	0.010271341
483.2	7.5020969e-06	-5.8392506	0.010257187
483.84	7.342062e-06	-5.8392691	0.010276786
484.48	7.5364022e-06	-5.8392367	0.01024755
485.12	7.443215e-06	-5.8392272	0.010219785
485.76	7.3516511e-06	-5.8392689	0.010205042
486.4	7.5274364e-06	-5.8392131	0.010266787
487.04	7.6130422e-06	-5.8392224	0.010223104
487.68	7.6777775e-06	-5.8392597	0.010259643
488.32	7.545373e-06	-5.839255	0.010226484
488.96	7.5315428e-06	-5.8392458	0.010293916
489.6	7.3887271e-06	-5.8392086	0.010252578
490.24	7.254046e-06	-5.8392411	0.010271514
490.88	7.3406155e-06	-5.8392551	0.010233011
491.52	7.4735663e-06	-5.8392226	0.010247316
492.16	7.5251592e-06	-5.8392737	0.010224079
492.8	7.5220153e-06	-5.8392829	0.010300616
493.44	7.7013463e-06	-5.8392597	0.010236183
494.08	7.4726969e-06	-5.8392595	0.010266058
494.72	7.6256221e-06	-5.8392319	0.010240267
495.36	7.5834843e-06	-5.8392273	0.010283938
496	7.478171e-06	-5.8392134	0.010273464
496.64	7.3165575e-06	-5.8392458	0.010270102
497.28	7.3191533e-06	-5.8392272	0.010274108
497.92	7.4916466e-06	-5.8392551	0.010251038
498.56	7.5592214e-06	-5.8392411	0.01019591
499.2	7.4726743e-06	-5.8392549	0.010282402
499.84	7.5499119e-06	-5.839227	0.010287715
