0	5.1564904e-05	-5.8475171	-0.0083478093
0.64	5.1898247e-05	-5.8475869	-0.0084533305
1.28	5.186206e-05	-5.8476001	-0.0082593675
1.92	5.2758037e-05	-5.8476139	-0.0082150941
2.56	5.3010058e-05	-5.8475342	-0.0082047839
3.2	5.3352523e-05	-5.8475248	-0.0084193652
3.84	5.3635565e-05	-5.8475441	-0.0082887554
4.48	5.2895163e-05	-5.8475442	-0.0084204531
5.12	5.2298164e-05	-5.8475679	-0.0082776105
5.76	5.1983028e-05	-5.8475126	-0.0081823264
6.4	5.1703188e-05	-5.8477127	-0.0082943836
7.04	5.1319849e-05	-5.8475027	-0.0082919688
7.68	5.2016952e-05	-5.8475677	-0.0083024143
8.32	5.2458248e-05	-5.8476135	-0.0081903437
8.96	5.2878167e-05	-5.8475339	-0.0082403467
9.6	5.3860695e-05	-5.8475392	-0.0082862548
10.24	5.3141484e-05	-5.8474644	-0.0081630808
10.88	5.2960894e-05	-5.8475721	-0.0082412627
11.52	5.1555188e-05	-5.8475858	-0.0081726427
12.16	5.1520548e-05	-5.8475681	-0.0081748847
12.8	5.1474675e-05	-5.8475731	-0.0081592934
13.44	5.162878e-05	-5.8475868	-0.0084305872
14.08	5.2834242e-05	-5.8475592	-0.0081772864
14.72	5.3043239e-05	-5.8475954	-0.0082745759
15.36	5.2935458e-05	-5.8476082	-0.0083938254
16	5.2211796e-05	-5.8476583	-0.0082008464
16.64	5.3117743e-05	-5.8475387	-0.0082837621
17.28	5.2730183e-05	-5.8475115	-0.0083918102
17.92	5.1734299e-05	-5.8476327	-0.0085097169
18.56	5.1405222e-05	-5.8475635	-0.0083574474
19.2	5.2105414e-05	-5.8475599	-0.0082872613
19.84	5.1814726e-05	-5.8476102	-0.0082318029
20.48	5.2525835e-05	-5.8475913	-0.0082476715
21.12	5.2843103e-05	-5.8475206	-0.0082536409
21.76	5.2912931e-05	-5.8475523	-0.0082059089
22.4	5.424669e-05	-5.8476137	-0.0082778953
23.04	5.2867283e-05	-5.8474641	-0.0083055792
23.68	5.2886253e-05	-5.847535	-0.0082670503
24.32	5.2131553e-05	-5.847596	-0.008265442
24.96	5.1651247e-05	-5.8475453	-0.0082192642
25.6	5.0830639e-05	-5.8475959	-0.0083680326
26.24	5.1521579e-05	-5.8475402	-0.0081964983
26.88	5.2274339e-05	-5.8475491	-0.0082665841
27.52	5.3048044e-05	-5.8475811	-0.0080983598
28.16	5.3500984e-05	-5.8475341	-0.0081631984
28.8	5.4576072e-05	-5.8475628	-0.0081725097
29.44	5.2729011e-05	-5.8475989	-0.0084195063
30.08	5.1884589e-05	-5.8475993	-0.0082237758
30.72	5.2706855e-05	-5.8475548	-0.0082229611
31.36	5.2034657e-05	-5.8475458	-0.008179268
32	5.133546e-05	-5.8475964	-0.008271255
32.64	5.1415167e-05	-5.8475726	-0.0081387698
33.28	5.2626951e-05	-5.8475353	-0.0083128762
33.92	5.4071681e-05	-5.8476145	-0.008242572
34.56	5.3312193e-05	-5.8476361	-0.0083037305
35.2	5.2930753e-05	-5.8475053	-0.0083846185
35.84	5.3541306e-05	-5.8475393	-0.0083740589
36.48	5.2802998e-05	-5.8475771	-0.0082866785
37.12	5.1987782e-05	-5.8476055	-0.0081849989
37.76	5.1047765e-05	-5.8475171	-0.0082403608
38.4	5.0212186e-05	-5.8475861	-0.0082194933
39.04	5.1274709e-05	-5.8475491	-0.0080304857
39.68	5.2574515e-05	-5.8475351	-0.0081649548
40.32	5.303972e-05	-5.8475575	-0.0082366921
40.96	5.4281008e-05	-5.847595	-0.0082028821
41.6	5.4078797e-05	-5.8476227	-0.0082209689
42.24	5.3077818e-05	-5.8475901	-0.0083505415
42.88	5.2836867e-05	-5.8474936	-0.0083147609
43.52	5.1680732e-05	-5.8474892	-0.0081154743
44.16	5.1216788e-05	-5.8476151	-0.0080538933
44.8	5.0678439e-05	-5.8475726	-0.0082697076
45.44	5.1975271e-05	-5.8476102	-0.0084606637
46.08	5.204578e-05	-5.8475204	-0.0083968239
46.72	5.3312294e-05	-5.8475248	-0.0082179118
47.36	5.3658155e-05	-5.8475988	-0.0084200326
48	5.3316887e-05	-5.8475521	-0.0081748004
48.64	5.207252e-05	-5.8475845	-0.0083235363
49.28	5.2326461e-05	-5.8475398	-0.0081699445
49.92	5.2272999e-05	-5.8475876	-0.0080152565
50.56	5.1303176e-05	-5.847499	-0.0081852431
51.2	5.210398e-05	-5.8475973	-0.0082283703
51.84	5.1764997e-05	-5.8475681	-0.0082985526
52.48	5.3392018e-05	-5.847517	-0.0081564234
53.12	5.2622e-05	-5.8475473	-0.0082327781
53.76	5.3487192e-05	-5.8475102	-0.0082591374
54.4	5.3758109e-05	-5.8475247	-0.0081799493
55.04	5.3318584e-05	-5.8475486	-0.0082598032
55.68	5.2777226e-05	-5.8474846	-0.0083555191
56.32	5.1293339e-05	-5.8475403	-0.0082417284
56.96	5.1167175e-05	-5.8475874	-0.0082827689
57.6	5.1558552e-05	-5.8476619	-0.0081821115
58.24	5.1884318e-05	-5.8475355	-0.0081236832
58.88	5.3262156e-05	-5.8476004	-0.008103337
59.52	5.3255748e-05	-5.8476175	-0.0081938337
60.16	5.4245199e-05	-5.847576	-0.0084168876
60.8	5.3500443e-05	-5.8475756	-0.0081420191
61.44	5.2329267e-05	-5.847585	-0.0082080634
62.08	5.2913082e-05	-5.8476012	-0.0083222181
62.72	5.0611047e-05	-5.8475444	-0.0082437742
63.36	5.0839319e-05	-5.8476057	-0.0083852064
64	5.1393016e-05	-5.8475965	-0.0083797835
64.64	5.2425989e-05	-5.8475917	-0.0083155287
65.28	5.2345955e-05	-5.847576	-0.0082395989
65.92	5.2549783e-05	-5.8475702	-0.0083903872
66.56	5.3834688e-05	-5.8475616	-0.0083161466
67.2	5.3147633e-05	-5.8474916	-0.0080958675
67.84	5.2852827e-05	-5.8475392	-0.0080783753
68.48	5.1914045e-05	-5.8475678	-0.0082539923
69.12	5.1739728e-05	-5.8475783	-0.0081174862
69.76	5.097101e-05	-5.8476757	-0.0083934273
70.4	5.1008954e-05	-5.8475356	-0.0083534098
71.04	5.1540008e-05	-5.8475069	-0.0083305282
71.68	5.3935308e-05	-5.8475867	-0.0081973023
72.32	5.3725329e-05	-5.8475339	-0.0081158888
72.96	5.3921239e-05	-5.8475616	-0.0081878607
73.6	5.3040416e-05	-5.8475939	-0.0082420339
74.24	5.3235491e-05	-5.8475862	-0.0081719272
74.88	5.2261254e-05	-5.8475824	-0.0083665186
75.52	5.0763882e-05	-5.8475822	-0.008121867
76.16	5.0481288e-05	-5.8475032	-0.0082310041
76.8	5.133497e-05	-5.8476522	-0.0082995119
77.44	5.2625727e-05	-5.8475683	-0.0082865199
78.08	5.3235343e-05	-5.8475764	-0.0081977844
78.72	5.3528194e-05	-5.8475568	-0.0081777414
79.36	5.3440165e-05	-5.8475657	-0.0082869681
80	5.3500076e-05	-5.84752	-0.0082377561
80.64	5.2747104e-05	-5.8476279	-0.008268029
81.28	5.145169e-05	-5.8475539	-0.0082272055
81.92	5.1533873e-05	-5.8475365	-0.0083871395
82.56	5.036836e-05	-5.8475868	-0.0083335206
83.2	5.0977696e-05	-5.8475634	-0.0082347213
83.84	5.1742356e-05	-5.8475347	-0.0083610846
84.48	5.3834225e-05	-5.8476048	-0.0082870316
85.12	5.3384472e-05	-5.8474775	-0.0081337226
85.76	5.3676913e-05	-5.8475473	-0.0083206562
86.4	5.2795927e-05	-5.847566	-0.0084032401
87.04	5.2844096e-05	-5.8475677	-0.0082609176
87.68	5.204966e-05	-5.8475407	-0.0083129363
88.32	5.2350723e-05	-5.8476072	-0.0081023253
88.96	5.0870995e-05	-5.8475687	-0.0082966475
89.6	5.1304229e-05	-5.8475543	-0.0082584312
90.24	5.2332155e-05	-5.8475537	-0.0081872616
90.88	5.3756272e-05	-5.8475673	-0.0083908735
91.52	5.3729091e-05	-5.8475428	-0.0083256637
92.16	5.317582e-05	-5.8474585	-0.0082603396
92.8	5.3316131e-05	-5.8476225	-0.0083657477
93.44	5.2789101e-05	-5.8475121	-0.0081238594
94.08	5.1807277e-05	-5.8475593	-0.0081032388
94.72	5.1364297e-05	-5.847597	-0.0082515651
95.36	5.1325775e-05	-5.8475272	-0.0082079475
96	5.1164087e-05	-5.8475353	-0.0082316566
96.64	5.279566e-05	-5.8475445	-0.0084365004
97.28	5.3384597e-05	-5.8475806	-0.0082232888
97.92	5.4199032e-05	-5.8476641	-0.0082293587
98.56	5.3758652e-05	-5.8475801	-0.008226014
99.2	5.2231142e-05	-5.8475658	-0.0082406034
99.84	5.2908093e-05	-5.8475682	-0.0081727292
100.48	5.1021061e-05	-5.8475866	-0.0083620565
101.12	5.1232737e-05	-5.8475179	-0.008188202
101.76	5.0572642e-05	-5.8474938	-0.0082721865
102.4	5.2277522e-05	-5.847499	-0.0081672957
103.04	5.3456071e-05	-5.8475449	-0.0081556886
103.68	5.2831228e-05	-5.8475659	-0.0081877118
104.32	5.5218605e-05	-5.8475255	-0.0082609386
104.96	5.3937034e-05	-5.847492	-0.0083382921
105.6	5.328116e-05	-5.8475206	-0.0081496419
106.24	5.2797737e-05	-5.8474986	-0.0080301174
106.88	5.1220035e-05	-5.8475312	-0.0081912501
107.52	5.1217598e-05	-5.8475878	-0.0083127895
108.16	5.0789881e-05	-5.8474846	-0.0082079694
108.8	5.2230081e-05	-5.8475592	-0.0083177372
109.44	5.3165456e-05	-5.8475816	-0.0084103139
110.08	5.3335519e-05	-5.8475755	-0.0084549049
110.72	5.4292567e-05	-5.8475571	-0.0082775826
111.36	5.44981e-05	-5.8474741	-0.0084258961
112	5.2665019e-05	-5.8475713	-0.0081906846
112.64	5.2073147e-05	-5.8474981	-0.0082649057
113.28	5.1526469e-05	-5.8475363	-0.0083960265
113.92	5.1528518e-05	-5.847588	-0.0083784971
114.56	5.1307484e-05	-5.8475919	-0.0083203357
115.2	5.1814627e-05	-5.8475213	-0.0081331638
115.84	5.228011e-05	-5.8475851	-0.0081642398
116.48	5.316814e-05	-5.8475985	-0.0082429969
117.12	5.3390622e-05	-5.8474586	-0.0080840205
117.76	5.3093101e-05	-5.8476124	-0.0082446507
118.4	5.3068795e-05	-5.8475813	-0.0083269064
119.04	5.1628552e-05	-5.8475398	-0.0081767687
119.68	5.1540708e-05	-5.8475364	-0.0080890976
120.32	5.0469629e-05	-5.847573	-0.0082783353
120.96	5.0795661e-05	-5.8475773	-0.0081923538
121.6	5.2335415e-05	-5.8476472	-0.0083857824
122.24	5.2499908e-05	-5.8475479	-0.0084144889
122.88	5.2591516e-05	-5.8475094	-0.0081651779
123.52	5.4088339e-05	-5.8475849	-0.0081863237
124.16	5.3146343e-05	-5.8475755	-0.0082491139
124.8	5.3009728e-05	-5.847535	-0.0083794362
125.44	5.2030823e-05	-5.8475776	-0.0082430565
126.08	5.2033432e-05	-5.8475695	-0.0082890595
126.72	5.143188e-05	-5.8476251	-0.0082360928
127.36	5.1472493e-05	-5.8475592	-0.0084162605
128	5.2392134e-05	-5.8475865	-0.0082828518
128.64	5.2531508e-05	-5.8475848	-0.0082006231
129.28	5.3099524e-05	-5.8475238	-0.0082571685
129.92	5.3898296e-05	-5.8475522	-0.0081540476
130.56	5.3731924e-05	-5.8476041	-0.0082787163
131.2	5.2954343e-05	-5.8476189	-0.0083446504
131.84	5.2330569e-05	-5.8474898	-0.0081304108
132.48	5.073651e-05	-5.8476009	-0.0083351146
133.12	5.0603859e-05	-5.8475777	-0.00808266
133.76	5.1885463e-05	-5.8475409	-0.0082309864
134.4	5.241944e-05	-5.8475584	-0.0081682121
135.04	5.3391528e-05	-5.847553	-0.0082521048
135.68	5.3959918e-05	-5.8475849	-0.0082721717
136.32	5.3893936e-05	-5.8475755	-0.0082996964
136.96	5.3343639e-05	-5.8475666	-0.0083303476
137.6	5.3302902e-05	-5.8476055	-0.0082963547
138.24	5.1461164e-05	-5.8475449	-0.0082923831
138.88	5.1968981e-05	-5.847579	-0.0082334408
139.52	5.1421923e-05	-5.8475273	-0.0082341721
140.16	5.1609322e-05	-5.8475451	-0.0083331067
140.8	5.2734582e-05	-5.8475678	-0.008306597
141.44	5.3941434e-05	-5.8475626	-0.0084299273
142.08	5.3649534e-05	-5.8475334	-0.0082106862
142.72	5.3242427e-05	-5.8476121	-0.0083583607
143.36	5.3980063e-05	-5.8475721	-0.0083080096
144	5.2460908e-05	-5.8475119	-0.0082956628
144.64	5.1826257e-05	-5.8475874	-0.0083103087
145.28	5.1541882e-05	-5.8476159	-0.008149446
145.92	5.0486377e-05	-5.8475124	-0.0083153384
146.56	5.2238113e-05	-5.8475409	-0.0083177389
147.2	5.232069e-05	-5.8476509	-0.0082436411
147.84	5.3635283e-05	-5.8475295	-0.0082175511
148.48	5.385287e-05	-5.8475893	-0.0083173423
149.12	5.4540001e-05	-5.8475716	-0.0081600499
149.76	5.3490185e-05	-5.847623	-0.0082027015
150.4	5.2314935e-05	-5.8475771	-0.0082959756
151.04	5.1154506e-05	-5.8475217	-0.0083720205
151.68	5.1056169e-05	-5.8476248	-0.0081932366
152.32	5.1256537e-05	-5.8475549	-0.0080264688
152.96	5.1889672e-05	-5.8475822	-0.0082481568
153.6	5.2981704e-05	-5.8476187	-0.0083621475
154.24	5.2572772e-05	-5.8475376	-0.0082481062
154.88	5.3842729e-05	-5.8475474	-0.0082560581
155.52	5.3541151e-05	-5.8475242	-0.008255895
156.16	5.4310675e-05	-5.8476194	-0.0082723292
156.8	5.2065117e-05	-5.8475539	-0.0082516079
157.44	5.1630752e-05	-5.8475503	-0.0082683395
158.08	5.0318436e-05	-5.8476102	-0.0083018137
158.72	5.0828231e-05	-5.8475823	-0.0083062809
159.36	5.1999491e-05	-5.8475448	-0.0083090422
160	5.2656578e-05	-5.8475669	-0.0083382129
160.64	5.3709504e-05	-5.8475478	-0.0083924879
161.28	5.4401325e-05	-5.8475386	-0.0082372013
161.92	5.3783795e-05	-5.8476176	-0.0082996258
162.56	5.314437e-05	-5.8475534	-0.0081471173
163.2	5.1576405e-05	-5.8476003	-0.0083697524
163.84	5.107195e-05	-5.8475314	-0.0083383949
164.48	5.1211417e-05	-5.8475831	-0.008286067
165.12	5.2112194e-05	-5.8475927	-0.0083355088
165.76	5.2345296e-05	-5.8475635	-0.0082451045
166.4	5.288235e-05	-5.8475483	-0.0081285486
167.04	5.3187678e-05	-5.8475518	-0.0082774244
167.68	5.4371145e-05	-5.8475572	-0.0081036396
168.32	5.3624392e-05	-5.8475246	-0.0083114478
168.96	5.2021526e-05	-5.8475525	-0.0082633505
169.6	5.1371015e-05	-5.847577	-0.0083836112
170.24	5.1640741e-05	-5.8475414	-0.0082556709
170.88	5.0844323e-05	-5.847513	-0.008183331
171.52	5.1875708e-05	-5.8476295	-0.0082875161
172.16	5.2530951e-05	-5.8476147	-0.0083956654
172.8	5.3081325e-05	-5.8475808	-0.0081836317
173.44	5.4392249e-05	-5.8475622	-0.0082812541
174.08	5.3843051e-05	-5.8475473	-0.0082749532
174.72	5.3461262e-05	-5.8476129	-0.0083913026
175.36	5.2314629e-05	-5.8476181	-0.008204324
176	5.1025788e-05	-5.8476279	-0.0083780723
176.64	5.1436155e-05	-5.8475691	-0.0083402836
177.28	5.1121988e-05	-5.8476016	-0.0082343371
177.92	5.1947925e-05	-5.8475876	-0.0082517573
178.56	5.267497e-05	-5.8475169	-0.0082360111
179.2	5.3326877e-05	-5.8474972	-0.0082141109
179.84	5.3855937e-05	-5.8475662	-0.0081258034
180.48	5.3913396e-05	-5.8474546	-0.0081414193
181.12	5.3130243e-05	-5.8475384	-0.0082493137
181.76	5.2455896e-05	-5.847572	-0.0082020116
182.4	5.1151999e-05	-5.847498	-0.0080857371
183.04	5.1255119e-05	-5.8475456	-0.0082490737
183.68	5.1070439e-05	-5.8475084	-0.0082019196
184.32	5.1407042e-05	-5.8475217	-0.0081926504
184.96	5.1840962e-05	-5.847595	-0.0084405636
185.6	5.3019328e-05	-5.8475153	-0.0083399323
186.24	5.3201342e-05	-5.8475052	-0.008188177
186.88	5.378686e-05	-5.8475057	-0.0081608611
187.52	5.2610221e-05	-5.8475753	-0.0082003057
188.16	5.2393511e-05	-5.8476093	-0.0081314391
188.8	5.1393765e-05	-5.847596	-0.0082409993
189.44	5.0787314e-05	-5.8475871	-0.0083812669
190.08	5.1547614e-05	-5.8476342	-0.0084075235
190.72	5.1964924e-05	-5.8475639	-0.0082617081
191.36	5.1975303e-05	-5.8475344	-0.0082128519
192	5.4126138e-05	-5.8475303	-0.0081619493
192.64	5.3035893e-05	-5.8475376	-0.0082229137
193.28	5.3463781e-05	-5.8475613	-0.008264184
193.92	5.3123827e-05	-5.84759	-0.0082932897
194.56	5.1057546e-05	-5.8475338	-0.0082078654
195.2	5.1620169e-05	-5.847601	-0.0081824959
195.84	5.09799e-05	-5.8475873	-0.0081958424
196.48	5.1676337e-05	-5.8475181	-0.0082832287
197.12	5.2199584e-05	-5.8476244	-0.0083761546
197.76	5.3212486e-05	-5.8475959	-0.0081800417
198.4	5.3176505e-05	-5.8475152	-0.008218034
199.04	5.4591604e-05	-5.8475529	-0.0082722405
199.68	5.3052449e-05	-5.847547	-0.0081586535
200.32	5.2469998e-05	-5.8475198	-0.0081823922
200.96	5.2475875e-05	-5.847582	-0.0081341929
201.6	5.1760422e-05	-5.8475688	-0.0082662577
202.24	5.0156009e-05	-5.8476052	-0.0084356941
202.88	5.1249044e-05	-5.8476338	-0.008366354
203.52	5.1904735e-05	-5.8475495	-0.0082623905
204.16	5.264585e-05	-5.8475253	-0.0083386058
204.8	5.3504095e-05	-5.8475339	-0.0081814242
205.44	5.3316759e-05	-5.8475424	-0.00839026
206.08	5.3345856e-05	-5.8475288	-0.008215639
206.72	5.3433045e-05	-5.8475209	-0.0082613839
207.36	5.1732838e-05	-5.8475302	-0.0083305897
208	5.1989859e-05	-5.847597	-0.0082899647
208.64	5.10864e-05	-5.8475921	-0.0083484425
209.28	5.0376401e-05	-5.8475956	-0.0082943076
209.92	5.1473749e-05	-5.8475443	-0.0082682356
210.56	5.321287e-05	-5.8475164	-0.0082487756
211.2	5.3902824e-05	-5.8476134	-0.008260995
211.84	5.3361046e-05	-5.8475843	-0.0082847773
212.48	5.3566223e-05	-5.8476036	-0.0082964426
213.12	5.3313101e-05	-5.8475675	-0.0082868771
213.76	5.1906505e-05	-5.847484	-0.008200774
214.4	5.0804092e-05	-5.8475029	-0.0081702583
215.04	5.1702391e-05	-5.8475833	-0.0082919328
215.68	5.1197913e-05	-5.8476102	-0.0082121805
216.32	5.1116353e-05	-5.8475484	-0.0081582285
216.96	5.2935796e-05	-5.847516	-0.0082917544
217.6	5.3399301e-05	-5.8475337	-0.0081936753
218.24	5.3443542e-05	-5.8475799	-0.0082356287
218.88	5.3660678e-05	-5.84759	-0.0082852067
219.52	5.2434952e-05	-5.8474971	-0.0082930023
220.16	5.1367369e-05	-5.8475302	-0.008252755
220.8	5.2673077e-05	-5.8475932	-0.008277416
221.44	5.07748e-05	-5.8475172	-0.0081941235
222.08	5.1296381e-05	-5.8475915	-0.0084169804
222.72	5.2123097e-05	-5.8475398	-0.0083357132
223.36	5.2134452e-05	-5.8475754	-0.0082068235
224	5.378727e-05	-5.8475619	-0.0083978963
224.64	5.374491e-05	-5.8476313	-0.0083825411
225.28	5.2847876e-05	-5.8475707	-0.008385552
225.92	5.2673136e-05	-5.8475766	-0.0082717712
226.56	5.1938059e-05	-5.8475589	-0.00822308
227.2	5.0305702e-05	-5.8475584	-0.0083007121
227.84	5.1853397e-05	-5.8475741	-0.0081909667
228.48	5.1391544e-05	-5.8476241	-0.0082689058
229.12	5.2982011e-05	-5.8475545	-0.0081102198
229.76	5.3191776e-05	-5.8474972	-0.008279229
230.4	5.3781849e-05	-5.8475245	-0.0083293878
231.04	5.476663e-05	-5.8476184	-0.0082603363
231.68	5.3283863e-05	-5.8475945	-0.0081092761
232.32	5.1552564e-05	-5.8475711	-0.0083103118
232.96	5.0991798e-05	-5.847521	-0.0082599563
233.6	5.1156775e-05	-5.8476152	-0.0082934098
234.24	5.1172234e-05	-5.8475641	-0.0083676014
234.88	5.1532817e-05	-5.847573	-0.0083134385
235.52	5.1743588e-05	-5.8476089	-0.0081164817
236.16	5.3666468e-05	-5.8474928	-0.0082995631
236.8	5.4563894e-05	-5.8475996	-0.0084943075
237.44	5.4039627e-05	-5.8476316	-0.0082547545
238.08	5.3217385e-05	-5.8475899	-0.0084270721
238.72	5.3089861e-05	-5.8477077	-0.0083035712
239.36	5.1452303e-05	-5.8476006	-0.008387993
240	5.1527751e-05	-5.8476621	-0.0083478672
240.64	5.0469069e-05	-5.8475447	-0.0083222734
241.28	5.1710568e-05	-5.8475451	-0.008272203
241.92	5.3296729e-05	-5.8474987	-0.0080508998
242.56	5.3684432e-05	-5.8476416	-0.0083157902
243.2	5.3333009e-05	-5.847538	-0.0083216121
243.84	5.376654e-05	-5.8474966	-0.0081264583
244.48	5.3487864e-05	-5.8475717	-0.0080576951
245.12	5.295205e-05	-5.8475169	-0.0082767201
245.76	5.139665e-05	-5.8474471	-0.0082517436
246.4	5.0349187e-05	-5.8475912	-0.0082130827
247.04	5.1281758e-05	-5.8475036	-0.0082175675
247.68	5.1664359e-05	-5.8476239	-0.0083074565
248.32	5.3153485e-05	-5.8475355	-0.0083025072
248.96	5.3277993e-05	-5.8475201	-0.0081637382
249.6	5.3757884e-05	-5.8475663	-0.0082271753
250.24	5.3522439e-05	-5.8475709	-0.0083588031
250.88	5.262095e-05	-5.8475571	-0.0084401756
251.52	5.2357483e-05	-5.8475491	-0.0082258944
252.16	5.1185083e-05	-5.847568	-0.0083091713
252.8	5.0861844e-05	-5.8476056	-0.0082485302
253.44	5.1635057e-05	-5.8476108	-0.0085103264
254.08	5.089303e-05	-5.8475439	-0.0082597051
254.72	5.2905398e-05	-5.8475723	-0.0081224873
255.36	5.3176891e-05	-5.8475013	-0.0083744243
256	5.3174126e-05	-5.8475797	-0.0084310112
256.64	5.2894103e-05	-5.8475704	-0.0082184045
257.28	5.3049293e-05	-5.8475159	-0.0082040118
257.92	5.2455863e-05	-5.8475727	-0.0082209415
258.56	5.1606579e-05	-5.8475824	-0.0081900356
259.2	5.1085328e-05	-5.8475779	-0.0081779212
259.84	5.1341397e-05	-5.8476012	-0.0082887421
260.48	5.1709874e-05	-5.8475399	-0.0081286069
261.12	5.2368575e-05	-5.8475111	-0.0081273752
261.76	5.3789594e-05	-5.8475995	-0.0081889628
262.4	5.2789276e-05	-5.8475188	-0.0082417979
263.04	5.4244563e-05	-5.8475299	-0.0083223766
263.68	5.2866507e-05	-5.8475716	-0.0082173824
264.32	5.254303e-05	-5.8475356	-0.0082309547
264.96	5.1442427e-05	-5.8475963	-0.0083358017
265.6	5.1294903e-05	-5.8475688	-0.0082434082
266.24	5.0839332e-05	-5.8474843	-0.0083060219
266.88	5.214857e-05	-5.8475402	-0.0083019592
267.52	5.3683123e-05	-5.8476146	-0.0081620415
268.16	5.2867963e-05	-5.8475846	-0.0083386477
268.8	5.3108061e-05	-5.8476774	-0.0083226703
269.44	5.2911642e-05	-5.8475242	-0.0082210073
270.08	5.350927e-05	-5.8475817	-0.0084097887
270.72	5.2275753e-05	-5.8476099	-0.0083466725
271.36	5.027478e-05	-5.8475532	-0.0082055125
272	5.1487139e-05	-5.8475688	-0.0083563137
272.64	5.0672684e-05	-5.847549	-0.0081527712
273.28	5.1835484e-05	-5.8475769	-0.008279618
273.92	5.2655688e-05	-5.8475949	-0.0083569331
274.56	5.4062293e-05	-5.8475254	-0.0082803919
275.2	5.3040218e-05	-5.8475287	-0.0082665157
275.84	5.3122557e-05	-5.8475339	-0.008340805
276.48	5.2864289e-05	-5.8475441	-0.0082569508
277.12	5.260112e-05	-5.847508	-0.0081582606
277.76	5.1715479e-05	-5.84755	-0.0082105397
278.4	5.2295882e-05	-5.8474904	-0.0081552213
279.04	5.1134721e-05	-5.847605	-0.0083349167
279.68	5.2036241e-05	-5.8475489	-0.0083086953
280.32	5.3396353e-05	-5.8474885	-0.0081915566
280.96	5.3561738e-05	-5.8475296	-0.0082686327
281.6	5.3973671e-05	-5.8475623	-0.0083084312
282.24	5.2883718e-05	-5.8475711	-0.008259346
282.88	5.0739503e-05	-5.8474957	-0.0081589216
283.52	5.2666137e-05	-5.8475454	-0.0081964579
284.16	5.2233994e-05	-5.8474993	-0.0083007451
284.8	5.1141031e-05	-5.8476147	-0.0083058681
285.44	5.0362203e-05	-5.8475854	-0.0083446444
286.08	5.2770002e-05	-5.8475308	-0.0082989274
286.72	5.2793397e-05	-5.847604	-0.0084429225
287.36	5.3277213e-05	-5.8475339	-0.008301562
288	5.3324574e-05	-5.8475432	-0.0082518784
288.64	5.2822084e-05	-5.847562	-0.0082817863
289.28	5.2455379e-05	-5.8474976	-0.0083587509
289.92	5.1257595e-05	-5.8475163	-0.0081974598
290.56	5.2271167e-05	-5.8476203	-0.0083960985
291.2	5.1138456e-05	-5.8475541	-0.0082381937
291.84	5.3171108e-05	-5.84756	-0.0082649433
292.48	5.1994888e-05	-5.847595	-0.0081938064
293.12	5.287921e-05	-5.8474459	-0.0080912592
293.76	5.2764943e-05	-5.847501	-0.0081462628
294.4	5.3068843e-05	-5.8475431	-0.0082266559
295.04	5.3467819e-05	-5.8475256	-0.0081958309
295.68	5.3049262e-05	-5.8475961	-0.008154718
296.32	5.159821e-05	-5.8475492	-0.00839362
296.96	5.1414274e-05	-5.8476287	-0.0082547179
297.6	5.1991869e-05	-5.8475734	-0.0082102937
298.24	5.1912954e-05	-5.8476284	-0.0081067498
298.88	5.2552312e-05	-5.8475675	-0.0082856216
299.52	5.2630833e-05	-5.8475712	-0.0082512922
300.16	5.3357841e-05	-5.8475807	-0.0081426965
300.8	5.4144487e-05	-5.8475908	-0.0083357598
301.44	5.2630597e-05	-5.8476133	-0.008268861
302.08	5.2394639e-05	-5.8476001	-0.0082712654
302.72	5.1627704e-05	-5.8476282	-0.0081253689
303.36	5.1097035e-05	-5.8476236	-0.0084408715
304	5.0949615e-05	-5.8475768	-0.0083269048
304.64	5.2392831e-05	-5.847545	-0.0083355844
305.28	5.3242286e-05	-5.8476239	-0.008219122
305.92	5.3266982e-05	-5.8475672	-0.0082839902
306.56	5.2804266e-05	-5.8475803	-0.008237687
307.2	5.3742418e-05	-5.8475907	-0.0081518905
307.84	5.3065827e-05	-5.8475535	-0.0081880529
308.48	5.19368e-05	-5.8475627	-0.0082841836
309.12	5.127023e-05	-5.8476093	-0.0082945181
309.76	5.1590952e-05	-5.8476146	-0.0081538652
310.4	5.1725093e-05	-5.8475727	-0.0082967713
311.04	5.2872507e-05	-5.8476382	-0.0082275753
311.68	5.2440439e-05	-5.8475485	-0.0083195002
312.32	5.4257901e-05	-5.8475636	-0.0082766775
312.96	5.3289296e-05	-5.8475205	-0.0081477516
313.6	5.3302214e-05	-5.8475719	-0.0080903297
314.24	5.1674005e-05	-5.8475942	-0.0083363719
314.88	5.1909311e-05	-5.8476232	-0.0082912257
315.52	5.1280616e-05	-5.8474418	-0.0082320296
316.16	5.1742419e-05	-5.8475495	-0.0082754905
316.8	5.1793332e-05	-5.847619	-0.0082818022
317.44	5.2381745e-05	-5.8475678	-0.0082014987
318.08	5.244737e-05	-5.8474973	-0.0082714621
318.72	5.2622285e-05	-5.8475108	-0.008375224
319.36	5.2544026e-05	-5.8475942	-0.0082377523
320	5.3122626e-05	-5.847637	-0.0083214926
320.64	5.2370683e-05	-5.8475811	-0.0081303028
321.28	5.1559737e-05	-5.8475857	-0.008189273
321.92	5.1383971e-05	-5.8475954	-0.0081959759
322.56	5.1786911e-05	-5.8475029	-0.0081992997
323.2	5.2699351e-05	-5.8475221	-0.0082624677
323.84	5.2801141e-05	-5.8476146	-0.0082913706
324.48	5.2218382e-05	-5.8475296	-0.0083991409
325.12	5.2123604e-05	-5.847515	-0.0080911785
325.76	5.2794003e-05	-5.8475761	-0.0085067962
326.4	5.3240075e-05	-5.8475443	-0.008247219
327.04	5.2242636e-05	-5.8475765	-0.0082647474
327.68	5.2967201e-05	-5.8475499	-0.0082879638
328.32	5.160506e-05	-5.8475489	-0.0082024342
328.96	5.2742269e-05	-5.8475269	-0.0083635953
329.6	5.1797997e-05	-5.8474839	-0.008080803
330.24	5.248949e-05	-5.8475677	-0.0083360029
330.88	5.329051e-05	-5.8475261	-0.0081990418
331.52	5.2657813e-05	-5.8474971	-0.008253586
332.16	5.2773239e-05	-5.8475483	-0.0082377097
332.8	5.2290277e-05	-5.8475899	-0.0082678988
333.44	5.2508375e-05	-5.8475674	-0.0081417183
334.08	5.2018919e-05	-5.8475396	-0.0082397654
334.72	5.1864108e-05	-5.8475584	-0.0083634612
335.36	5.2410423e-05	-5.8475777	-0.0083624033
336	5.2560882e-05	-5.8474985	-0.0081055289
336.64	5.3083742e-05	-5.847466	-0.0081878111
337.28	5.2000279e-05	-5.8475295	-0.008296774
337.92	5.2979632e-05	-5.8476138	-0.0082504574
338.56	5.1942292e-05	-5.8475523	-0.008217289
339.2	5.327905e-05	-5.8476003	-0.0080524131
339.84	5.2405743e-05	-5.8476138	-0.0083483038
340.48	5.199392e-05	-5.8474697	-0.0083277939
341.12	5.1898284e-05	-5.8475768	-0.0081863682
341.76	5.2142556e-05	-5.8475492	-0.0081619267
342.4	5.2398531e-05	-5.8475214	-0.0081943528
343.04	5.184702e-05	-5.8475485	-0.0082675661
343.68	5.2827837e-05	-5.8475631	-0.0082654833
344.32	5.2787231e-05	-5.8475675	-0.0081719984
344.96	5.2611773e-05	-5.847623	-0.0081977537
345.6	5.2595085e-05	-5.8476091	-0.0084438451
346.24	5.2381624e-05	-5.8475254	-0.0082371593
346.88	5.2052671e-05	-5.8475811	-0.0083469843
347.52	5.3146733e-05	-5.8475685	-0.0083245971
348.16	5.1641031e-05	-5.8475671	-0.0083145808
348.8	5.0933768e-05	-5.8475944	-0.0083015017
349.44	5.2619637e-05	-5.8476098	-0.0083578717
350.08	5.2353776e-05	-5.8475535	-0.008410281
350.72	5.2450194e-05	-5.847544	-0.0082558032
351.36	5.3502415e-05	-5.8475496	-0.0082037328
352	5.2743496e-05	-5.8475023	-0.0083449904
352.64	5.2401896e-05	-5.847623	-0.0081699336
353.28	5.2598751e-05	-5.8476048	-0.0083876412
353.92	5.2446197e-05	-5.8475119	-0.0082424076
354.56	5.2318078e-05	-5.8475352	-0.0082976449
355.2	5.2143161e-05	-5.8475956	-0.0081992178
355.84	5.1767441e-05	-5.8475672	-0.0081420815
356.48	5.2480348e-05	-5.8476096	-0.0083307436
357.12	5.1428982e-05	-5.8475757	-0.0082101351
357.76	5.2395676e-05	-5.8475578	-0.0082536457
358.4	5.1902603e-05	-5.8475665	-0.0080825245
359.04	5.2138266e-05	-5.8475388	-0.0082437712
359.68	5.2635232e-05	-5.8475302	-0.0083015924
360.32	5.2542622e-05	-5.8475583	-0.0083253406
360.96	5.3222291e-05	-5.8475732	-0.0082465012
361.6	5.1931063e-05	-5.8475489	-0.0083750022
362.24	5.1677527e-05	-5.8475766	-0.0082887338
362.88	5.2457792e-05	-5.8475633	-0.0082048662
363.52	5.2617919e-05	-5.8474887	-0.0082686789
364.16	5.4069238e-05	-5.8475502	-0.0083583228
364.8	5.266451e-05	-5.8475671	-0.0083469368
365.44	5.2965747e-05	-5.8475627	-0.0083946936
366.08	5.2245366e-05	-5.84759	-0.0083502859
366.72	5.3301024e-05	-5.8475775	-0.0084349999
367.36	5.2398472e-05	-5.8475398	-0.0082507264
368	5.142815e-05	-5.8475997	-0.0084735035
368.64	5.2628137e-05	-5.8474894	-0.0081584554
369.28	5.1560495e-05	-5.8475533	-0.0083189389
369.92	5.2460752e-05	-5.8475492	-0.0080349578
370.56	5.2328856e-05	-5.8475578	-0.0084250227
371.2	5.1804754e-05	-5.847543	-0.0082626852
371.84	5.2171268e-05	-5.8475152	-0.008209739
372.48	5.3255986e-05	-5.8475211	-0.0081575198
373.12	5.2677651e-05	-5.8475954	-0.0081466992
373.76	5.279396e-05	-5.8476285	-0.0084090568
374.4	5.3008323e-05	-5.8475641	-0.0085120046
375.04	5.1326835e-05	-5.8475347	-0.0082116236
375.68	5.242215e-05	-5.8475125	-0.0080293488
376.32	5.2018714e-05	-5.8475582	-0.0082755457
376.96	5.2335719e-05	-5.8475207	-0.0082242336
377.6	5.2909264e-05	-5.8475719	-0.0082569754
378.24	5.2798023e-05	-5.8475018	-0.0084124495
378.88	5.3100335e-05	-5.8476092	-0.0083642141
379.52	5.2084526e-05	-5.8475528	-0.0082803343
380.16	5.2888227e-05	-5.84761	-0.0082360065
380.8	5.2518812e-05	-5.8475776	-0.0083278496
381.44	5.2283548e-05	-5.8476103	-0.008204784
382.08	5.2408264e-05	-5.8475823	-0.0080435893
382.72	5.2424691e-05	-5.8475819	-0.0082527082
383.36	5.2483869e-05	-5.8476231	-0.0085062924
384	5.3199071e-05	-5.8475349	-0.0082900024
384.64	5.3154862e-05	-5.8475718	-0.0081154661
385.28	5.3196635e-05	-5.8475069	-0.0081167437
385.92	5.2605008e-05	-5.8476603	-0.0082105308
386.56	5.1885732e-05	-5.8475301	-0.0081662695
387.2	5.2429666e-05	-5.8475033	-0.0080697785
387.84	5.186532e-05	-5.8476053	-0.0082168836
388.48	5.1736343e-05	-5.8475212	-0.0083303669
389.12	5.234921e-05	-5.8475677	-0.0082326222
389.76	5.2711825e-05	-5.8475069	-0.0081155445
390.4	5.3355028e-05	-5.8475348	-0.0082564995
391.04	5.2510623e-05	-5.8475337	-0.0081526557
391.68	5.235912e-05	-5.8476456	-0.008455953
392.32	5.3397485e-05	-5.8476194	-0.0082767117
392.96	5.1503349e-05	-5.8475857	-0.0083570902
393.6	5.2326008e-05	-5.8475639	-0.0082014246
394.24	5.1942571e-05	-5.8475358	-0.008309388
394.88	5.1866466e-05	-5.8476563	-0.0082639178
395.52	5.2780912e-05	-5.8475959	-0.0083853342
396.16	5.2024316e-05	-5.8475153	-0.0083583732
396.8	5.3108943e-05	-5.8475948	-0.0082295638
397.44	5.287366e-05	-5.847492	-0.0081102097
398.08	5.340081e-05	-5.8475395	-0.0081793167
398.72	5.2725955e-05	-5.8475676	-0.0082738762
399.36	5.1812319e-05	-5.8475909	-0.0082628697
400	5.2039467e-05	-5.8475174	-0.0082394498
400.64	5.091766e-05	-5.8474932	-0.0081881452
401.28	5.2464339e-05	-5.8475221	-0.0083538733
401.92	5.194828e-05	-5.8476183	-0.0081976818
402.56	5.27454e-05	-5.8475995	-0.0082439541
403.2	5.298199e-05	-5.8475711	-0.0082719163
403.84	5.3360676e-05	-5.8475807	-0.0082077342
404.48	5.3276706e-05	-5.8475207	-0.0082087353
405.12	5.1733402e-05	-5.8476226	-0.0081170369
405.76	5.1980374e-05	-5.847489	-0.0082443626
406.4	5.1675047e-05	-5.8475498	-0.0082341969
407.04	5.1179636e-05	-5.8475121	-0.0081737375
407.68	5.1444119e-05	-5.8475908	-0.0082503428
408.32	5.3326443e-05	-5.8475963	-0.0082903578
408.96	5.3198871e-05	-5.8475672	-0.0082278791
409.6	5.3876484e-05	-5.8476137	-0.0083171279
410.24	5.3591357e-05	-5.8476088	-0.0082723641
410.88	5.3009351e-05	-5.8476321	-0.0081946094
411.52	5.2512596e-05	-5.8475537	-0.008360762
412.16	5.2353606e-05	-5.8475778	-0.0083516308
412.8	5.1825087e-05	-5.8475035	-0.0082018451
413.44	5.1179209e-05	-5.8476005	-0.0082475008
414.08	5.1691908e-05	-5.847591	-0.0085415829
414.72	5.3030609e-05	-5.8475307	-0.0083419295
415.36	5.220716e-05	-5.8475381	-0.0082897921
416	5.3874951e-05	-5.8475484	-0.0083056159
416.64	5.3603639e-05	-5.8475715	-0.0082795545
417.28	5.371669e-05	-5.8475259	-0.0082876813
417.92	5.1540037e-05	-5.8475762	-0.0081626898
418.56	5.2230406e-05	-5.8475874	-0.0082357583
419.2	5.1315554e-05	-5.847601	-0.0081460113
419.84	5.1999575e-05	-5.8475875	-0.008072467
420.48	5.1397077e-05	-5.8475302	-0.0081428339
421.12	5.1928298e-05	-5.8475386	-0.0081051466
421.76	5.3121291e-05	-5.847534	-0.0080419621
422.4	5.3525705e-05	-5.8476036	-0.0082598216
423.04	5.3244806e-05	-5.8475106	-0.0083672177
423.68	5.2785469e-05	-5.8476229	-0.0083391123
424.32	5.2126413e-05	-5.8475492	-0.0083155281
424.96	5.1200133e-05	-5.8475913	-0.0083940661
425.6	5.1008008e-05	-5.847573	-0.0082738507
426.24	5.1347277e-05	-5.8475264	-0.0082206905
426.88	5.2185596e-05	-5.8475493	-0.0083866389
427.52	5.1539404e-05	-5.8475752	-0.0084108909
428.16	5.331336e-05	-5.8475477	-0.0085008021
428.8	5.472572e-05	-5.8475998	-0.0083713077
429.44	5.3382318e-05	-5.8476083	-0.0082564111
430.08	5.2874486e-05	-5.8475719	-0.0083685654
430.72	5.2343776e-05	-5.8476148	-0.0083734821
431.36	5.1642687e-05	-5.8475316	-0.0083468958
432	5.1774954e-05	-5.8475461	-0.0083230739
432.64	5.0877376e-05	-5.847554	-0.0081537931
433.28	5.1946918e-05	-5.847498	-0.0081673476
433.92	5.2978789e-05	-5.8475951	-0.0082314725
434.56	5.3459322e-05	-5.8475292	-0.0081495601
435.2	5.3688212e-05	-5.8474964	-0.0080755116
435.84	5.3992857e-05	-5.8475671	-0.0080660594
436.48	5.2767827e-05	-5.8476324	-0.0081756449
437.12	5.183783e-05	-5.8475586	-0.0083669006
437.76	5.2092325e-05	-5.8475182	-0.0081773143
438.4	5.0215423e-05	-5.8475818	-0.0081934021
439.04	5.1723717e-05	-5.8475593	-0.0082594669
439.68	5.2130131e-05	-5.8476142	-0.0082688661
440.32	5.2690222e-05	-5.8475434	-0.0084718276
440.96	5.4305284e-05	-5.8475346	-0.0083011788
441.6	5.3419618e-05	-5.8476078	-0.008396104
442.24	5.3042633e-05	-5.8475756	-0.0083034003
442.88	5.2474019e-05	-5.8475114	-0.008360194
443.52	5.1566824e-05	-5.8475073	-0.008330595
444.16	5.0489815e-05	-5.8475957	-0.0082364624
444.8	5.1159365e-05	-5.847578	-0.0083421988
445.44	5.1405698e-05	-5.8475775	-0.008272184
446.08	5.1611813e-05	-5.8475855	-0.0084156691
446.72	5.3487398e-05	-5.8476277	-0.0083189899
447.36	5.4543177e-05	-5.8475765	-0.0082867453
448	5.4245572e-05	-5.8475761	-0.0081998116
448.64	5.3281656e-05	-5.8476132	-0.0082949083
449.28	5.2722134e-05	-5.8475956	-0.0081895833
449.92	5.1368322e-05	-5.8475772	-0.008214153
450.56	5.1071114e-05	-5.8475267	-0.0082904942
451.2	5.1869618e-05	-5.8475043	-0.0081755767
451.84	5.1981331e-05	-5.8475779	-0.008301152
452.48	5.2678577e-05	-5.8475538	-0.0083395731
453.12	5.3131368e-05	-5.8475992	-0.0082136564
453.76	5.3048776e-05	-5.8475981	-0.0083200595
454.4	5.3405833e-05	-5.8475751	-0.0082787605
455.04	5.2936125e-05	-5.8475711	-0.0081491748
455.68	5.2136006e-05	-5.8475394	-0.0083361605
456.32	5.1975398e-05	-5.847499	-0.0082317271
456.96	5.1237064e-05	-5.8475271	-0.0081711018
457.6	5.0894491e-05	-5.8475779	-0.0082778455
458.24	5.1891845e-05	-5.8475917	-0.0083424995
458.88	5.2009112e-05	-5.8475808	-0.0080794649
459.52	5.2322453e-05	-5.8475562	-0.0085632182
460.16	5.3797093e-05	-5.8475614	-0.0083302415
460.8	5.3862227e-05	-5.8475291	-0.0082631255
461.44	5.2625829e-05	-5.8476035	-0.0083721124
462.08	5.1973239e-05	-5.8476045	-0.0083622505
462.72	5.1414552e-05	-5.8476055	-0.0082541158
463.36	5.178065e-05	-5.8476021	-0.0083934455
464	5.1880165e-05	-5.8475183	-0.0082374611
464.64	5.1538256e-05	-5.8475262	-0.0082652729
465.28	5.2506906e-05	-5.8475812	-0.0081912773
465.92	5.3191306e-05	-5.8476175	-0.0082804902
466.56	5.4484778e-05	-5.8475994	-0.0082157526
467.2	5.3693818e-05	-5.8475802	-0.0082061258
467.84	5.3101494e-05	-5.8475715	-0.0082681034
468.48	5.2654164e-05	-5.8475215	-0.0080891166
469.12	5.1138932e-05	-5.8475309	-0.0082440929
469.76	5.0816625e-05	-5.8475826	-0.0083066151
470.4	5.1930847e-05	-5.8475695	-0.008284059
471.04	5.2065059e-05	-5.8474893	-0.0081464821
471.68	5.3144966e-05	-5.8475491	-0.0080391104
472.32	5.3658947e-05	-5.8474922	-0.0080858867
472.96	5.3836875e-05	-5.8475382	-0.0082348625
473.6	5.3576371e-05	-5.8475942	-0.0084675912
474.24	5.3043472e-05	-5.8476043	-0.00827845
474.88	5.182408e-05	-5.8476235	-0.0083719802
475.52	5.1499738e-05	-5.8475734	-0.008443658
476.16	5.0989995e-05	-5.8475687	-0.0082088287
476.8	5.0918064e-05	-5.8475775	-0.0083069645
477.44	5.2533058e-05	-5.8475824	-0.0084135419
478.08	5.2653913e-05	-5.8475622	-0.0083373742
478.72	5.3786761e-05	-5.8475386	-0.0082148233
479.36	5.3398377e-05	-5.8475842	-0.0083104816
480	5.437949e-05	-5.8475812	-0.0082986467
480.64	5.2285733e-05	-5.8474923	-0.0082139834
481.28	5.1801734e-05	-5.8476005	-0.0083142088
481.92	5.1471633e-05	-5.847648	-0.0081169144
482.56	5.1176437e-05	-5.8475132	-0.0082166479
483.2	5.161689e-05	-5.8475037	-0.008438732
483.84	5.1391898e-05	-5.8475625	-0.0081899728
484.48	5.3797824e-05	-5.8475957	-0.0081059526
485.12	5.3032215e-05	-5.8475284	-0.0081867713
485.76	5.3789083e-05	-5.8475891	-0.0081840809
486.4	5.3732627e-05	-5.8475758	-0.0081797275
487.04	5.2887253e-05	-5.8475627	-0.008020331
487.68	5.1510334e-05	-5.8474795	-0.0083089847
488.32	5.011597e-05	-5.8475958	-0.0082427499
488.96	5.1286868e-05	-5.8476159	-0.0081970009
489.6	5.1984268e-05	-5.8476297	-0.0083342295
490.24	5.2231061e-05	-5.8475864	-0.0082381317
490.88	5.253767e-05	-5.8475243	-0.0084024638
491.52	5.3510569e-05	-5.8475378	-0.0083772319
492.16	5.4557335e-05	-5.8475665	-0.0083198725
492.8	5.3479031e-05	-5.8474966	-0.0083973981
493.44	5.2602572e-05	-5.8476045	-0.008481459
494.08	5.1125452e-05	-5.8475771	-0.0082446545
494.72	5.0104765e-05	-5.8476006	-0.0084444093
495.36	5.1209994e-05	-5.8475785	-0.0083038465
496	5.1468593e-05	-5.8475917	-0.008353843
496.64	5.2294219e-05	-5.8476699	-0.0082471219
497.28	5.4230259e-05	-5.8475397	-0.0083760151
497.92	5.4483341e-05	-5.8475713	-0.0082740532
498.56	5.3965693e-05	-5.8475708	-0.0083637249
499.2	5.3087286e-05	-5.8475013	-0.0079947318
499.84	5.276953e-05	-5.8474563	-0.0080457745
