0	5.8728677e-05	-5.8567074	-0.053903671
0.64	5.9249426e-05	-5.8567588	-0.053855651
1.28	6.0844536e-05	-5.8568154	-0.053703215
1.92	5.9875328e-05	-5.8567202	-0.053697098
2.56	6.0148414e-05	-5.8568171	-0.05385088
3.2	6.0065027e-05	-5.8567469	-0.05386689
3.84	6.0930668e-05	-5.8567527	-0.053912218
4.48	5.9477234e-05	-5.8567475	-0.053918347
5.12	5.91452e-05	-5.8567111	-0.053863244
5.76	5.8900375e-05	-5.8567396	-0.053898514
6.4	6.0481652e-05	-5.8567415	-0.053757394
7.04	5.9012324e-05	-5.8567909	-0.053838098
7.68	6.020099e-05	-5.856768	-0.053658452
8.32	6.0037103e-05	-5.856697	-0.053683128
8.96	6.0537586e-05	-5.8566595	-0.053798378
9.6	6.1602323e-05	-5.856716	-0.053783044
10.24	6.0124422e-05	-5.8567429	-0.053699144
10.88	6.0362969e-05	-5.8567904	-0.053904835
11.52	5.963577e-05	-5.8567673	-0.053951071
12.16	5.9493747e-05	-5.8566842	-0.053771706
12.8	5.9385379e-05	-5.8567867	-0.053856401
13.44	6.0039426e-05	-5.8566848	-0.053899452
14.08	5.999568e-05	-5.8567677	-0.053846319
14.72	6.0380805e-05	-5.8567486	-0.053782687
15.36	6.0518697e-05	-5.8567387	-0.053948654
16	6.1063889e-05	-5.8567994	-0.053677977
16.64	6.0276436e-05	-5.8567524	-0.05363125
17.28	5.9881456e-05	-5.8567713	-0.053834834
17.92	5.9899033e-05	-5.8567722	-0.053823373
18.56	5.8078721e-05	-5.8567851	-0.053760001
19.2	5.8870546e-05	-5.8567257	-0.053897431
19.84	5.9180623e-05	-5.8567583	-0.053822527
20.48	5.9796008e-05	-5.8567722	-0.053895806
21.12	6.0429995e-05	-5.8567859	-0.053908716
21.76	6.0336265e-05	-5.8567664	-0.053808924
22.4	5.9787709e-05	-5.8567563	-0.05376689
23.04	6.0174473e-05	-5.8567243	-0.053814687
23.68	5.8903551e-05	-5.8567471	-0.053878086
24.32	6.039919e-05	-5.856768	-0.053964767
24.96	5.9034016e-05	-5.8567209	-0.053957603
25.6	5.8603007e-05	-5.8567859	-0.053734771
26.24	5.907074e-05	-5.8567816	-0.053876981
26.88	6.0408553e-05	-5.8567403	-0.053586719
27.52	6.0293431e-05	-5.856716	-0.053902201
28.16	6.0906815e-05	-5.8568088	-0.053734567
28.8	5.9615248e-05	-5.8566908	-0.053898877
29.44	5.9891723e-05	-5.8568077	-0.05394482
30.08	5.9510518e-05	-5.8567756	-0.053878835
30.72	5.8812703e-05	-5.856669	-0.053710167
31.36	5.924156e-05	-5.8567027	-0.053608711
32	5.897089e-05	-5.8566841	-0.0538446
32.64	5.8578632e-05	-5.8567903	-0.053832012
33.28	5.9127042e-05	-5.856683	-0.05377042
33.92	6.0270188e-05	-5.8567529	-0.053927281
34.56	6.0851169e-05	-5.8567388	-0.053717485
35.2	5.9825154e-05	-5.8567934	-0.053804005
35.84	6.0462515e-05	-5.8567618	-0.05355166
36.48	5.9023238e-05	-5.85678	-0.053846827
37.12	5.9183693e-05	-5.8567718	-0.053880065
37.76	5.9153794e-05	-5.856726	-0.053636241
38.4	5.9926841e-05	-5.8567129	-0.053805787
39.04	5.9357948e-05	-5.8567909	-0.053827878
39.68	5.8262358e-05	-5.856775	-0.053835108
40.32	6.0583603e-05	-5.856739	-0.053989623
40.96	6.1185076e-05	-5.8566971	-0.053825933
41.6	6.1106761e-05	-5.8567575	-0.05378341
42.24	6.0744274e-05	-5.8567623	-0.053850764
42.88	5.9481392e-05	-5.8567574	-0.053790646
43.52	5.9046032e-05	-5.8567115	-0.05381078
44.16	5.9238621e-05	-5.8567821	-0.053768339
44.8	5.990829e-05	-5.8567315	-0.053877125
45.44	6.0115122e-05	-5.8567031	-0.053814023
46.08	6.0387508e-05	-5.8567675	-0.053905591
46.72	6.068334e-05	-5.8567296	-0.053861662
47.36	6.1287131e-05	-5.8567297	-0.053864603
48	6.0798902e-05	-5.8568223	-0.053708216
48.64	6.024199e-05	-5.8567434	-0.053762406
49.28	6.0203624e-05	-5.8567073	-0.053708304
49.92	5.8812698e-05	-5.8566836	-0.053889334
50.56	5.9253861e-05	-5.8567264	-0.053716954
51.2	5.9390273e-05	-5.8567821	-0.053756354
51.84	5.8986304e-05	-5.8567623	-0.053913355
52.48	6.079522e-05	-5.8567536	-0.053757869
53.12	6.1752256e-05	-5.8566932	-0.053671359
53.76	6.0874086e-05	-5.8567618	-0.053972389
54.4	6.1467142e-05	-5.856744	-0.053750621
55.04	6.0382086e-05	-5.8566601	-0.054040071
55.68	6.011554e-05	-5.85674	-0.053947341
56.32	5.9937386e-05	-5.85675	-0.053758401
56.96	5.8718581e-05	-5.8568375	-0.053949602
57.6	5.8752804e-05	-5.8567627	-0.053846167
58.24	5.9435236e-05	-5.8567532	-0.053887237
58.88	6.0119133e-05	-5.8567621	-0.05393801
59.52	5.9888318e-05	-5.8567331	-0.053675656
60.16	6.053803e-05	-5.8566777	-0.053687349
60.8	6.0296356e-05	-5.8567244	-0.05384268
61.44	6.0773742e-05	-5.8567071	-0.053749701
62.08	5.9514069e-05	-5.8567163	-0.053751211
62.72	5.9403365e-05	-5.8567355	-0.053816763
63.36	5.8965402e-05	-5.8567772	-0.053918704
64	5.8365616e-05	-5.8567483	-0.053661836
64.64	5.9785225e-05	-5.8567115	-0.053883737
65.28	6.0477159e-05	-5.8567204	-0.053818464
65.92	5.9375684e-05	-5.8567419	-0.053821354
66.56	6.0764826e-05	-5.8567663	-0.053874812
67.2	6.0196829e-05	-5.8566919	-0.053647168
67.84	5.980515e-05	-5.8566925	-0.053794155
68.48	6.0846811e-05	-5.8567409	-0.053781234
69.12	5.8498446e-05	-5.8568276	-0.053868514
69.76	5.8617148e-05	-5.8568278	-0.053926562
70.4	6.1272736e-05	-5.8566905	-0.053920115
71.04	5.9537818e-05	-5.8567809	-0.053920601
71.68	6.0133787e-05	-5.8567201	-0.053864579
72.32	5.961909e-05	-5.8567143	-0.053630674
72.96	5.9360951e-05	-5.8567418	-0.053729469
73.6	6.0523084e-05	-5.8567249	-0.053746824
74.24	5.9618415e-05	-5.8567342	-0.05375627
74.88	5.937346e-05	-5.8566837	-0.053676812
75.52	5.8595755e-05	-5.8567208	-0.053716131
76.16	5.9000679e-05	-5.8567212	-0.053874298
76.8	5.9658566e-05	-5.8566981	-0.053870955
77.44	5.9320642e-05	-5.8567388	-0.053825959
78.08	6.0128262e-05	-5.856734	-0.053786084
78.72	5.9957207e-05	-5.8567658	-0.053894719
79.36	5.9810389e-05	-5.8567376	-0.053741749
80	6.0666703e-05	-5.8566878	-0.053779934
80.64	5.8900541e-05	-5.8567614	-0.053968376
81.28	5.9648849e-05	-5.8567259	-0.05383502
81.92	5.880638e-05	-5.8567629	-0.053863062
82.56	5.9144714e-05	-5.8567121	-0.05372685
83.2	5.9052938e-05	-5.8567766	-0.053667347
83.84	6.0159139e-05	-5.8568698	-0.053850166
84.48	6.02052e-05	-5.8567479	-0.053728349
85.12	5.9477508e-05	-5.8567744	-0.053760194
85.76	6.0851695e-05	-5.8566874	-0.053692154
86.4	5.9949839e-05	-5.8567011	-0.053829147
87.04	5.9494538e-05	-5.8567109	-0.053732461
87.68	5.9653652e-05	-5.8567447	-0.053936872
88.32	5.883661e-05	-5.8567818	-0.053841658
88.96	5.9600207e-05	-5.8566894	-0.053974556
89.6	5.9131068e-05	-5.856758	-0.054046541
90.24	5.9517403e-05	-5.856748	-0.053804014
90.88	6.0369824e-05	-5.8567757	-0.053729322
91.52	6.090626e-05	-5.8567013	-0.053727891
92.16	5.9231205e-05	-5.8568253	-0.053860929
92.8	6.0660819e-05	-5.8568229	-0.05390959
93.44	5.9930371e-05	-5.8567395	-0.053704778
94.08	5.8888718e-05	-5.8567395	-0.053760974
94.72	5.9638685e-05	-5.856778	-0.053770407
95.36	5.9110406e-05	-5.8567401	-0.053863337
96	6.0206598e-05	-5.856731	-0.053823046
96.64	5.9699414e-05	-5.8566829	-0.053574392
97.28	6.01652e-05	-5.8567148	-0.053908064
97.92	6.0896975e-05	-5.856757	-0.053781405
98.56	6.0432783e-05	-5.8566917	-0.05365821
99.2	5.9935889e-05	-5.8567014	-0.053875469
99.84	5.8952208e-05	-5.8567807	-0.053877169
100.48	5.8866039e-05	-5.856735	-0.053593373
101.12	5.9626631e-05	-5.8568384	-0.054017821
101.76	5.8341598e-05	-5.8567112	-0.053910164
102.4	5.9974852e-05	-5.8568328	-0.053882474
103.04	6.0027761e-05	-5.8566969	-0.053772774
103.68	6.1227397e-05	-5.8567577	-0.05380655
104.32	6.1188634e-05	-5.8567713	-0.053922992
104.96	6.046382e-05	-5.8567664	-0.05394999
105.6	6.0258292e-05	-5.8567578	-0.053628462
106.24	6.0153211e-05	-5.8567402	-0.053964675
106.88	5.8560063e-05	-5.8567208	-0.053837737
107.52	5.8413754e-05	-5.8568279	-0.053795615
108.16	5.9243458e-05	-5.8567445	-0.053665586
108.8	6.1340196e-05	-5.856755	-0.053755623
109.44	5.9950395e-05	-5.8566921	-0.053807265
110.08	6.0799066e-05	-5.8567851	-0.053988853
110.72	6.0475605e-05	-5.8567939	-0.053962601
111.36	6.0290306e-05	-5.8567244	-0.053795111
112	6.0627845e-05	-5.8567862	-0.053973666
112.64	5.9243242e-05	-5.8566882	-0.053825298
113.28	5.9075938e-05	-5.8567493	-0.053616305
113.92	5.9811806e-05	-5.8568012	-0.053788988
114.56	5.9019658e-05	-5.8567535	-0.053933803
115.2	6.0086172e-05	-5.8567582	-0.053797605
115.84	5.9976529e-05	-5.8567478	-0.053803092
116.48	6.0432339e-05	-5.856729	-0.053726933
117.12	6.0741467e-05	-5.8567152	-0.054008938
117.76	5.9941407e-05	-5.8567335	-0.053843473
118.4	6.1338596e-05	-5.8567312	-0.053676366
119.04	6.002895e-05	-5.8567914	-0.053710868
119.68	5.7679778e-05	-5.8567572	-0.053698619
120.32	5.8825127e-05	-5.8567073	-0.05381621
120.96	5.9429642e-05	-5.8567631	-0.053955092
121.6	5.9532675e-05	-5.8567762	-0.053964881
122.24	6.0746286e-05	-5.8567065	-0.053667681
122.88	6.1088552e-05	-5.8568644	-0.053952186
123.52	6.0828492e-05	-5.8567153	-0.053861368
124.16	6.0450258e-05	-5.8567481	-0.05371949
124.8	6.0239343e-05	-5.8567303	-0.05368416
125.44	5.8987671e-05	-5.8567719	-0.053865505
126.08	5.9371903e-05	-5.8567357	-0.053700907
126.72	5.9016782e-05	-5.8566934	-0.053741831
127.36	5.8951017e-05	-5.8568044	-0.053734411
128	6.0939376e-05	-5.856703	-0.053742466
128.64	5.9704685e-05	-5.8567798	-0.053820747
129.28	6.059599e-05	-5.8567848	-0.053804895
129.92	6.0905426e-05	-5.8566736	-0.053909274
130.56	5.9645454e-05	-5.8567521	-0.053880027
131.2	5.9691111e-05	-5.8567625	-0.053815698
131.84	5.9055233e-05	-5.8567209	-0.053682046
132.48	5.9349074e-05	-5.8567264	-0.053760924
133.12	5.9369028e-05	-5.8567263	-0.05378268
133.76	5.8798275e-05	-5.856711	-0.053833025
134.4	5.9714133e-05	-5.8567481	-0.053776967
135.04	5.9087138e-05	-5.8567279	-0.053750731
135.68	5.8965384e-05	-5.8567459	-0.05371198
136.32	6.0698253e-05	-5.8567014	-0.053717493
136.96	5.8245893e-05	-5.8567416	-0.053844256
137.6	5.9322759e-05	-5.8567577	-0.053752049
138.24	5.9613736e-05	-5.8567494	-0.053909029
138.88	5.8478774e-05	-5.8567255	-0.05366714
139.52	5.8775724e-05	-5.8567813	-0.053893121
140.16	5.9001173e-05	-5.8567297	-0.053630483
140.8	5.9832577e-05	-5.8567109	-0.053823862
141.44	6.173331e-05	-5.8567166	-0.053598268
142.08	6.0523616e-05	-5.8567057	-0.05368399
142.72	6.2147832e-05	-5.8567075	-0.053585134
143.36	5.9904694e-05	-5.8566782	-0.05379037
144	5.9798847e-05	-5.8567768	-0.053815802
144.64	6.0248878e-05	-5.8567362	-0.05380768
145.28	5.8398108e-05	-5.8567254	-0.053895098
145.92	5.9240954e-05	-5.8567073	-0.053839691
146.56	5.8749065e-05	-5.8567526	-0.053855291
147.2	6.1068646e-05	-5.8567399	-0.05395193
147.84	5.988895e-05	-5.8567425	-0.053835229
148.48	6.1645819e-05	-5.8568184	-0.053737419
149.12	6.0520208e-05	-5.8568083	-0.053879437
149.76	6.0626931e-05	-5.8567256	-0.053753785
150.4	5.9485089e-05	-5.8567534	-0.05385493
151.04	5.94922e-05	-5.8568193	-0.053770106
151.68	5.9670293e-05	-5.8566383	-0.053979217
152.32	5.9785227e-05	-5.8568055	-0.053920003
152.96	5.9268284e-05	-5.8566507	-0.053939726
153.6	6.0015129e-05	-5.856762	-0.053853365
154.24	6.1342569e-05	-5.8567021	-0.053824128
154.88	6.0920655e-05	-5.856706	-0.053860388
155.52	6.0574778e-05	-5.856692	-0.053667482
156.16	6.0967747e-05	-5.8567539	-0.053835587
156.8	5.9037751e-05	-5.8567578	-0.053840296
157.44	5.980085e-05	-5.8567035	-0.053672004
158.08	5.8546054e-05	-5.8567582	-0.053832371
158.72	5.9394781e-05	-5.8566655	-0.054002124
159.36	6.1032004e-05	-5.856708	-0.053861635
160	6.0628224e-05	-5.8567345	-0.053882336
160.64	5.9846967e-05	-5.8567562	-0.053821707
161.28	6.1241974e-05	-5.8567017	-0.053750866
161.92	6.0222932e-05	-5.8567384	-0.053785403
162.56	5.9846286e-05	-5.8567297	-0.054018009
163.2	5.8382042e-05	-5.8567945	-0.053908766
163.84	5.8844688e-05	-5.856791	-0.05382617
164.48	5.9217081e-05	-5.8567263	-0.053735201
165.12	5.8841137e-05	-5.8567765	-0.053853215
165.76	6.1021555e-05	-5.8567497	-0.053662421
166.4	6.1672655e-05	-5.8567074	-0.053740838
167.04	6.1261046e-05	-5.8566876	-0.053878916
167.68	6.1133231e-05	-5.856762	-0.053859503
168.32	6.1152416e-05	-5.8567488	-0.053940725
168.96	6.0225734e-05	-5.8567629	-0.053862559
169.6	5.9249846e-05	-5.8567305	-0.053698795
170.24	5.8866089e-05	-5.856754	-0.053925011
170.88	5.9348548e-05	-5.8567311	-0.053832919
171.52	5.8950848e-05	-5.8567671	-0.053767104
172.16	6.0409698e-05	-5.8566232	-0.053692603
172.8	6.1258816e-05	-5.8567579	-0.053736162
173.44	6.0095647e-05	-5.8567282	-0.053712007
174.08	6.0622886e-05	-5.8567755	-0.053835347
174.72	6.0991281e-05	-5.8566976	-0.053744369
175.36	5.8795149e-05	-5.8567711	-0.053906722
176	5.9412958e-05	-5.8567122	-0.053718678
176.64	5.8845664e-05	-5.8567633	-0.053824097
177.28	5.9549132e-05	-5.8567312	-0.053755923
177.92	5.9207757e-05	-5.8567394	-0.053806647
178.56	6.1238046e-05	-5.8566704	-0.053795311
179.2	6.0986448e-05	-5.8567296	-0.053853858
179.84	6.0923883e-05	-5.856743	-0.053786457
180.48	6.013827e-05	-5.8567611	-0.053775836
181.12	5.9614595e-05	-5.8567941	-0.053898164
181.76	5.8926257e-05	-5.8567109	-0.053918882
182.4	5.837896e-05	-5.8568183	-0.053674338
183.04	5.8453013e-05	-5.8567257	-0.053660963
183.68	5.9905992e-05	-5.8566756	-0.053808937
184.32	5.8841438e-05	-5.8567108	-0.053783587
184.96	6.0374847e-05	-5.8567717	-0.053681293
185.6	6.0392951e-05	-5.856715	-0.053936718
186.24	6.0045859e-05	-5.8566911	-0.053715435
186.88	6.0429237e-05	-5.8567569	-0.053695238
187.52	5.9588997e-05	-5.8567663	-0.053900534
188.16	5.897912e-05	-5.8566831	-0.053630693
188.8	5.8951418e-05	-5.8567259	-0.053805164
189.44	5.973359e-05	-5.8567316	-0.053779168
190.08	6.0024133e-05	-5.8568059	-0.05383952
190.72	6.0626782e-05	-5.856759	-0.053754968
191.36	6.0515429e-05	-5.8567345	-0.053820312
192	6.0721416e-05	-5.8567664	-0.053699399
192.64	6.1007375e-05	-5.8567664	-0.05386264
193.28	6.0420465e-05	-5.8567756	-0.053841945
193.92	6.0592614e-05	-5.8567489	-0.053961346
194.56	5.9666465e-05	-5.8567165	-0.053721929
195.2	5.8888648e-05	-5.8567677	-0.053802133
195.84	5.8456865e-05	-5.8567442	-0.05379986
196.48	5.9278474e-05	-5.8567632	-0.053850844
197.12	5.9179319e-05	-5.8567249	-0.053789896
197.76	5.9967558e-05	-5.8567012	-0.053835963
198.4	6.1219476e-05	-5.8567249	-0.053704165
199.04	6.1686853e-05	-5.856781	-0.053916761
199.68	6.0400763e-05	-5.8567524	-0.053876308
200.32	6.0138993e-05	-5.8567625	-0.053913899
200.96	5.875154e-05	-5.856739	-0.053805714
201.6	5.9212443e-05	-5.8567124	-0.053838722
202.24	5.8301635e-05	-5.8567813	-0.053849448
202.88	5.9009998e-05	-5.8567814	-0.053904348
203.52	5.9923205e-05	-5.8568092	-0.053551225
204.16	6.0877853e-05	-5.8567345	-0.053936888
204.8	6.1407495e-05	-5.8566645	-0.053648205
205.44	6.1894947e-05	-5.8567161	-0.053760409
206.08	6.0490207e-05	-5.8567387	-0.053815044
206.72	5.9821094e-05	-5.8567532	-0.053808542
207.36	5.9695255e-05	-5.8567727	-0.05385607
208	5.9799586e-05	-5.8566804	-0.053628653
208.64	5.979471e-05	-5.8567315	-0.053809622
209.28	5.896018e-05	-5.8567859	-0.053913286
209.92	5.9883724e-05	-5.8567439	-0.053953863
210.56	6.0595803e-05	-5.8567714	-0.053853273
211.2	6.0641784e-05	-5.8568405	-0.053991336
211.84	6.0381318e-05	-5.8567519	-0.053741604
212.48	5.9625625e-05	-5.8567473	-0.053825409
213.12	6.0488119e-05	-5.8567075	-0.053750605
213.76	5.8806413e-05	-5.8566696	-0.053889208
214.4	5.853758e-05	-5.8566513	-0.053765916
215.04	5.9891093e-05	-5.8567363	-0.05356059
215.68	5.8548149e-05	-5.8567156	-0.053840708
216.32	6.0082885e-05	-5.8567717	-0.053807702
216.96	6.0997812e-05	-5.8567483	-0.05388111
217.6	6.0668935e-05	-5.8567754	-0.053645474
218.24	6.0480974e-05	-5.8567195	-0.053923275
218.88	5.9464803e-05	-5.8567566	-0.053900222
219.52	6.0124857e-05	-5.8567165	-0.053842637
220.16	5.9217586e-05	-5.8567771	-0.053736846
220.8	5.9473967e-05	-5.8567685	-0.053630912
221.44	5.8739222e-05	-5.8566699	-0.053785057
222.08	5.9004882e-05	-5.8567205	-0.053796403
222.72	5.9576298e-05	-5.8567246	-0.053741905
223.36	6.0850659e-05	-5.8567668	-0.053542689
224	6.0833209e-05	-5.8567337	-0.053558784
224.64	6.0374812e-05	-5.8567428	-0.053900701
225.28	6.050544e-05	-5.8567996	-0.05396972
225.92	5.9713894e-05	-5.8567069	-0.053877697
226.56	5.8578277e-05	-5.8567161	-0.05382901
227.2	5.9509258e-05	-5.8567034	-0.053712963
227.84	5.9577957e-05	-5.8567173	-0.053846482
228.48	5.9472793e-05	-5.8567767	-0.053880039
229.12	6.0618148e-05	-5.8568046	-0.053730415
229.76	6.1226105e-05	-5.8567158	-0.053752948
230.4	6.0222698e-05	-5.856747	-0.053664547
231.04	6.0246262e-05	-5.8567055	-0.053783512
231.68	6.0129596e-05	-5.8567295	-0.053798008
232.32	5.9609605e-05	-5.8567767	-0.053736783
232.96	5.9152951e-05	-5.8567865	-0.053755461
233.6	5.9597776e-05	-5.8567594	-0.053856912
234.24	5.9273017e-05	-5.856768	-0.053771593
234.88	5.8188514e-05	-5.8567148	-0.053730099
235.52	5.9799641e-05	-5.8566734	-0.05371845
236.16	6.0150784e-05	-5.856724	-0.053702886
236.8	6.0328129e-05	-5.856761	-0.053769949
237.44	6.0315844e-05	-5.8567335	-0.053939874
238.08	6.0120234e-05	-5.856725	-0.053801999
238.72	5.9297543e-05	-5.856772	-0.053715427
239.36	5.9724122e-05	-5.8567035	-0.053879978
240	5.8094705e-05	-5.856772	-0.05375699
240.64	5.9803639e-05	-5.856694	-0.05380613
241.28	5.9879084e-05	-5.8567489	-0.053862083
241.92	6.0124753e-05	-5.8567665	-0.053754474
242.56	6.0429169e-05	-5.8567426	-0.053857495
243.2	5.9905769e-05	-5.8566954	-0.053824465
243.84	5.9712834e-05	-5.8567377	-0.053964254
244.48	5.9428181e-05	-5.8567479	-0.053824827
245.12	5.8837032e-05	-5.8567485	-0.053745373
245.76	5.828647e-05	-5.8567347	-0.053812674
246.4	5.9093478e-05	-5.8567077	-0.05363597
247.04	5.9912466e-05	-5.856787	-0.05378944
247.68	6.0187637e-05	-5.8567396	-0.053734835
248.32	6.0406536e-05	-5.8567759	-0.053736405
248.96	6.0661793e-05	-5.8567382	-0.053757455
249.6	6.1472612e-05	-5.8567203	-0.053716195
250.24	6.0173679e-05	-5.856757	-0.053902767
250.88	5.9133614e-05	-5.8567897	-0.053955096
251.52	5.9490076e-05	-5.856847	-0.053922077
252.16	5.9018209e-05	-5.8568053	-0.05384411
252.8	5.858833e-05	-5.8567025	-0.053753758
253.44	5.9696236e-05	-5.8567493	-0.053846205
254.08	6.0214294e-05	-5.8566929	-0.053851843
254.72	6.0644198e-05	-5.8567759	-0.053775593
255.36	6.1227963e-05	-5.8568271	-0.05372947
256	6.0644869e-05	-5.8567709	-0.053830121
256.64	6.0932602e-05	-5.8568278	-0.053944861
257.28	5.9914985e-05	-5.8567721	-0.053788265
257.92	5.8275139e-05	-5.8567342	-0.053759303
258.56	5.8864019e-05	-5.8566982	-0.053920263
259.2	6.1186775e-05	-5.8566863	-0.05376002
259.84	5.863184e-05	-5.8567295	-0.053807034
260.48	6.0690149e-05	-5.8568373	-0.054034607
261.12	6.1487167e-05	-5.8567348	-0.053831845
261.76	6.1873425e-05	-5.8567115	-0.053784308
262.4	6.0985655e-05	-5.8567993	-0.053782392
263.04	6.0889487e-05	-5.8567488	-0.053751541
263.68	5.9964065e-05	-5.8567071	-0.05396865
264.32	5.9606151e-05	-5.8567263	-0.053713
264.96	5.9656983e-05	-5.8567919	-0.053754151
265.6	5.9865776e-05	-5.8567454	-0.053794732
266.24	6.0413355e-05	-5.8566985	-0.053800805
266.88	6.059032e-05	-5.8567116	-0.053655443
267.52	6.056146e-05	-5.8567851	-0.05389788
268.16	5.9758931e-05	-5.8567839	-0.053791554
268.8	6.021484e-05	-5.8567009	-0.053963202
269.44	6.0283874e-05	-5.8566972	-0.053758171
270.08	5.9405708e-05	-5.8567764	-0.054005509
270.72	5.9443182e-05	-5.8566843	-0.053712894
271.36	5.8535489e-05	-5.8567908	-0.053804411
272	5.9676149e-05	-5.8567497	-0.053841212
272.64	5.9041394e-05	-5.8567715	-0.054009675
273.28	6.0071397e-05	-5.8567946	-0.053728404
273.92	6.0785415e-05	-5.8567526	-0.053750714
274.56	6.1881936e-05	-5.8567394	-0.053871572
275.2	6.0919618e-05	-5.8566831	-0.053847771
275.84	6.0371055e-05	-5.8567533	-0.053748198
276.48	5.9142728e-05	-5.8567531	-0.053829027
277.12	5.9134001e-05	-5.856712	-0.053888516
277.76	5.9408597e-05	-5.8567311	-0.053808968
278.4	5.9147365e-05	-5.8567584	-0.053903086
279.04	6.0014436e-05	-5.8567536	-0.053774582
279.68	5.963917e-05	-5.8567755	-0.053841166
280.32	6.0703861e-05	-5.8567478	-0.053786502
280.96	6.0828396e-05	-5.8567803	-0.053697883
281.6	5.9563858e-05	-5.8567377	-0.053849188
282.24	6.0544151e-05	-5.8567071	-0.053649539
282.88	5.9728048e-05	-5.8567306	-0.053798437
283.52	5.9331899e-05	-5.8567914	-0.054055573
284.16	5.7842612e-05	-5.8567249	-0.053953849
284.8	6.0158952e-05	-5.8567314	-0.053943469
285.44	5.9664675e-05	-5.8567438	-0.053882833
286.08	6.1012873e-05	-5.8567208	-0.053663543
286.72	6.0261048e-05	-5.8567193	-0.053965846
287.36	6.1100759e-05	-5.8567619	-0.053909549
288	6.0389581e-05	-5.8568037	-0.053682423
288.64	6.0117115e-05	-5.8567813	-0.05386002
289.28	5.9120027e-05	-5.8567163	-0.053812595
289.92	5.8704068e-05	-5.8568327	-0.053961066
290.56	5.8763024e-05	-5.8567211	-0.05386588
291.2	5.9808167e-05	-5.8566797	-0.053829442
291.84	5.9701036e-05	-5.8567297	-0.053826456
292.48	6.0134096e-05	-5.8568594	-0.05398792
293.12	6.0865493e-05	-5.8567897	-0.053782847
293.76	5.9919003e-05	-5.8566772	-0.053889842
294.4	6.0319139e-05	-5.8567619	-0.0537721
295.04	5.990451e-05	-5.8566742	-0.053814186
295.68	5.9627863e-05	-5.8568052	-0.053887045
296.32	5.9718085e-05	-5.8567315	-0.053878129
296.96	5.9257874e-05	-5.8567914	-0.053723333
297.6	6.0325466e-05	-5.856722	-0.053769629
298.24	6.0221364e-05	-5.8567953	-0.053864102
298.88	6.0538419e-05	-5.8567713	-0.053765268
299.52	6.1003593e-05	-5.8567479	-0.053780248
300.16	6.1083275e-05	-5.8567899	-0.053697346
300.8	6.027335e-05	-5.8567108	-0.05379803
301.44	6.0288206e-05	-5.8567863	-0.053799915
302.08	6.0013745e-05	-5.8567359	-0.053799455
302.72	6.0042454e-05	-5.8567831	-0.054048208
303.36	5.9652013e-05	-5.8567267	-0.05382008
304	5.9003971e-05	-5.8567532	-0.053830051
304.64	6.0009518e-05	-5.8567158	-0.053747916
305.28	5.9879353e-05	-5.85671	-0.053940369
305.92	6.009136e-05	-5.8568771	-0.053830382
306.56	6.051718e-05	-5.8567195	-0.05388774
307.2	5.9960405e-05	-5.8567106	-0.053991113
307.84	6.0485789e-05	-5.8567402	-0.053820137
308.48	5.9158693e-05	-5.8567074	-0.053726855
309.12	5.917885e-05	-5.8567033	-0.0539231
309.76	5.8957859e-05	-5.8567679	-0.053780007
310.4	5.9780988e-05	-5.856698	-0.053874025
311.04	5.9312773e-05	-5.8567475	-0.053683561
311.68	6.0530193e-05	-5.8567337	-0.053733534
312.32	6.1318231e-05	-5.8567015	-0.053768615
312.96	6.1154753e-05	-5.8567389	-0.053741764
313.6	6.0591737e-05	-5.856744	-0.053724617
314.24	5.99146e-05	-5.8567631	-0.053916442
314.88	6.0193284e-05	-5.8567365	-0.053886645
315.52	5.8422569e-05	-5.8568049	-0.053783231
316.16	5.8634045e-05	-5.8567395	-0.053963569
316.8	5.928081e-05	-5.8567019	-0.05380237
317.44	5.99457e-05	-5.856692	-0.053650901
318.08	6.0530962e-05	-5.8567475	-0.053562196
318.72	6.0495195e-05	-5.8567332	-0.053688466
319.36	6.0894226e-05	-5.8567667	-0.053818483
320	6.0143742e-05	-5.8567485	-0.053991242
320.64	5.9454463e-05	-5.8567258	-0.05375961
321.28	5.9907543e-05	-5.8567456	-0.053756083
321.92	5.8393931e-05	-5.8567256	-0.053795758
322.56	5.9584913e-05	-5.8567076	-0.053517384
323.2	5.8587563e-05	-5.8567754	-0.053823123
323.84	6.0730913e-05	-5.8566786	-0.053930505
324.48	6.0747505e-05	-5.8567337	-0.053857707
325.12	6.0445206e-05	-5.8567938	-0.053804259
325.76	6.1294095e-05	-5.8567999	-0.053884516
326.4	5.9608059e-05	-5.8567342	-0.053839991
327.04	5.8905415e-05	-5.8567532	-0.053835255
327.68	5.804686e-05	-5.8566879	-0.053820114
328.32	5.8358609e-05	-5.8567255	-0.053735339
328.96	5.888492e-05	-5.8567859	-0.053744927
329.6	6.0309095e-05	-5.8567955	-0.053819507
330.24	6.0188951e-05	-5.8567664	-0.053888696
330.88	6.0281319e-05	-5.8567472	-0.053978817
331.52	6.0944978e-05	-5.8567525	-0.053849781
332.16	6.0097489e-05	-5.856771	-0.053756026
332.8	5.930168e-05	-5.8567527	-0.053925668
333.44	5.8622168e-05	-5.856674	-0.053787289
334.08	5.8726004e-05	-5.8567677	-0.053942902
334.72	5.9429579e-05	-5.8567962	-0.053932914
335.36	5.8414106e-05	-5.8567108	-0.053907597
336	6.0002097e-05	-5.856702	-0.053662295
336.64	6.0779598e-05	-5.8567018	-0.053856328
337.28	5.9538462e-05	-5.8567651	-0.053823678
337.92	5.9818019e-05	-5.8567794	-0.053773802
338.56	5.9970402e-05	-5.8568314	-0.053853717
339.2	6.0412967e-05	-5.8566887	-0.053763544
339.84	5.9596613e-05	-5.8567168	-0.053867873
340.48	5.94631e-05	-5.8567592	-0.053921402
341.12	5.8652689e-05	-5.8567257	-0.053711217
341.76	5.892308e-05	-5.8566183	-0.053715445
342.4	5.9636505e-05	-5.8567667	-0.053939917
343.04	6.1530445e-05	-5.8567302	-0.053756353
343.68	6.0553865e-05	-5.8567566	-0.053663948
344.32	6.0997273e-05	-5.8566317	-0.053903025
344.96	6.0494088e-05	-5.8567391	-0.053818916
345.6	5.9419372e-05	-5.8567438	-0.053690455
346.24	5.9636357e-05	-5.8567868	-0.053858469
346.88	5.9189148e-05	-5.8567404	-0.053826772
347.52	5.8287923e-05	-5.8567253	-0.053811033
348.16	5.9290065e-05	-5.8567533	-0.053959354
348.8	5.9508321e-05	-5.8567105	-0.053875624
349.44	6.0776149e-05	-5.8567852	-0.053930744
350.08	6.0750057e-05	-5.8567475	-0.053794584
350.72	6.1869384e-05	-5.856707	-0.053901712
351.36	5.9803878e-05	-5.8568129	-0.053839667
352	5.9113194e-05	-5.856753	-0.053825197
352.64	5.8549707e-05	-5.8567906	-0.053823691
353.28	5.8692888e-05	-5.8568004	-0.053801175
353.92	5.7635501e-05	-5.8568083	-0.053689901
354.56	5.9076402e-05	-5.8567436	-0.053895162
355.2	6.0477184e-05	-5.8567531	-0.053760283
355.84	6.1747971e-05	-5.8567627	-0.053619506
356.48	6.0989039e-05	-5.8567151	-0.053903069
357.12	6.097104e-05	-5.8568179	-0.053957036
357.76	6.1334122e-05	-5.856689	-0.053858023
358.4	5.9732443e-05	-5.856698	-0.053774393
359.04	5.9045969e-05	-5.8567075	-0.053725448
359.68	5.9104475e-05	-5.8567264	-0.053853174
360.32	5.9688667e-05	-5.8567357	-0.053849836
360.96	5.9149232e-05	-5.8567063	-0.053899619
361.6	6.1115859e-05	-5.8567816	-0.053906742
362.24	6.0202625e-05	-5.8567751	-0.053815465
362.88	6.1028427e-05	-5.8567757	-0.0538616
363.52	5.9639872e-05	-5.8567236	-0.053768658
364.16	6.042393e-05	-5.8567115	-0.053793359
364.8	5.9255638e-05	-5.8568	-0.053845003
365.44	5.8203796e-05	-5.8567533	-0.053926879
366.08	5.887545e-05	-5.8567448	-0.053778024
366.72	6.0122361e-05	-5.8567501	-0.053860237
367.36	6.0231783e-05	-5.8567165	-0.053847172
368	6.0182119e-05	-5.8567432	-0.054006975
368.64	6.0234527e-05	-5.8567564	-0.05381151
369.28	6.0482068e-05	-5.8567844	-0.053790385
369.92	6.1818178e-05	-5.8567631	-0.053816629
370.56	6.1218624e-05	-5.856731	-0.05374978
371.2	6.0517616e-05	-5.8567316	-0.053913588
371.84	5.8647454e-05	-5.8567306	-0.053694268
372.48	5.8930772e-05	-5.8567589	-0.053736234
373.12	5.9844006e-05	-5.8567544	-0.053697873
373.76	6.0005805e-05	-5.8567534	-0.053919772
374.4	6.043154e-05	-5.8567433	-0.053836461
375.04	6.0612747e-05	-5.856724	-0.053756243
375.68	6.004354e-05	-5.8566909	-0.053832679
376.32	6.0900694e-05	-5.8567902	-0.053915288
376.96	6.0201685e-05	-5.8567861	-0.053884212
377.6	5.9860174e-05	-5.8566475	-0.053834315
378.24	5.8006742e-05	-5.8567487	-0.053752996
378.88	5.8692337e-05	-5.8567632	-0.053792405
379.52	5.8956685e-05	-5.8567627	-0.053888201
380.16	5.9366052e-05	-5.856734	-0.053763933
380.8	6.0954145e-05	-5.8567017	-0.05373137
381.44	6.119045e-05	-5.8567152	-0.053779224
382.08	6.2166659e-05	-5.856721	-0.053781667
382.72	6.0316264e-05	-5.8567805	-0.053920257
383.36	6.0247911e-05	-5.8567491	-0.053717993
384	5.9159431e-05	-5.8567306	-0.053715224
384.64	5.8882619e-05	-5.8567123	-0.053968269
385.28	5.7782674e-05	-5.856753	-0.053799512
385.92	5.9415398e-05	-5.8567118	-0.053845626
386.56	5.943869e-05	-5.8567384	-0.053807305
387.2	6.1273777e-05	-5.8567437	-0.053869489
387.84	6.1156506e-05	-5.8568175	-0.053824008
388.48	6.1041195e-05	-5.8567897	-0.05379032
389.12	6.0428651e-05	-5.8567064	-0.053869201
389.76	5.9850633e-05	-5.8567304	-0.053688725
390.4	5.9265856e-05	-5.8567402	-0.053940798
391.04	5.9417707e-05	-5.8567361	-0.053898751
391.68	5.9338303e-05	-5.8567357	-0.05392153
392.32	6.064592e-05	-5.8567964	-0.053672735
392.96	6.0142504e-05	-5.8567156	-0.053751909
393.6	5.983062e-05	-5.8566817	-0.053791609
394.24	6.053288e-05	-5.85671	-0.053733659
394.88	6.1026146e-05	-5.856776	-0.053744801
395.52	5.9700454e-05	-5.8567153	-0.053758419
396.16	5.9570467e-05	-5.8567257	-0.053880211
396.8	6.0011376e-05	-5.856727	-0.053727774
397.44	5.8725218e-05	-5.8567726	-0.05370593
398.08	5.9812417e-05	-5.8566849	-0.053867481
398.72	5.9807236e-05	-5.8567815	-0.053823175
399.36	6.1197183e-05	-5.8566932	-0.053826765
400	6.0193597e-05	-5.8567099	-0.053758973
400.64	6.1419412e-05	-5.8568039	-0.053862286
401.28	6.2030124e-05	-5.8567585	-0.053800163
401.92	6.0413056e-05	-5.8568278	-0.053678653
402.56	6.0192501e-05	-5.8567311	-0.053873955
403.2	5.9542589e-05	-5.8567453	-0.053887707
403.84	5.9338551e-05	-5.8567545	-0.053915454
404.48	5.9438872e-05	-5.8568331	-0.053849615
405.12	5.9360413e-05	-5.856725	-0.053718677
405.76	6.0058801e-05	-5.8567711	-0.053721593
406.4	6.0075764e-05	-5.8567889	-0.053922199
407.04	6.0752666e-05	-5.8567522	-0.053788712
407.68	5.9754011e-05	-5.8566913	-0.053712985
408.32	5.99412e-05	-5.8567856	-0.05377216
408.96	5.9398473e-05	-5.8568095	-0.053777125
409.6	5.8638859e-05	-5.8566932	-0.053777258
410.24	5.9191192e-05	-5.8567496	-0.053947791
410.88	5.9457538e-05	-5.8567772	-0.053732237
411.52	5.9065599e-05	-5.8567199	-0.05375467
412.16	6.0820295e-05	-5.856781	-0.053784666
412.8	6.131928e-05	-5.8567854	-0.053826968
413.44	6.1471379e-05	-5.8567437	-0.05386419
414.08	6.1304213e-05	-5.8567907	-0.053801631
414.72	6.0194269e-05	-5.8567907	-0.053960931
415.36	5.9911204e-05	-5.8567589	-0.053801746
416	5.8582436e-05	-5.8566838	-0.053632906
416.64	5.9375448e-05	-5.8567684	-0.053856265
417.28	6.0250194e-05	-5.8567593	-0.053757473
417.92	6.0058318e-05	-5.8566836	-0.053681422
418.56	6.0411261e-05	-5.8567572	-0.053762464
419.2	6.0332437e-05	-5.8568217	-0.053852146
419.84	6.1201244e-05	-5.8567621	-0.053867759
420.48	6.0539097e-05	-5.8567296	-0.053802294
421.12	6.0336069e-05	-5.8567072	-0.053686385
421.76	5.9062353e-05	-5.8567535	-0.053759382
422.4	5.8613673e-05	-5.8567536	-0.053818883
423.04	5.819196e-05	-5.8567206	-0.053856311
423.68	5.8625286e-05	-5.8567343	-0.05382427
424.32	5.9621414e-05	-5.8568133	-0.053900534
424.96	6.0508681e-05	-5.856748	-0.05383007
425.6	6.1163675e-05	-5.856762	-0.053699575
426.24	6.1228338e-05	-5.8566691	-0.053638171
426.88	5.9668989e-05	-5.856701	-0.053843515
427.52	6.0444992e-05	-5.8566563	-0.053781582
428.16	5.9726014e-05	-5.8567728	-0.053779268
428.8	5.9444105e-05	-5.8567404	-0.053823034
429.44	5.8737843e-05	-5.856749	-0.05376312
430.08	6.0195464e-05	-5.8567079	-0.05390023
430.72	6.04326e-05	-5.8567629	-0.053610449
431.36	6.0838075e-05	-5.8567064	-0.053995877
432	6.084958e-05	-5.8567198	-0.053848888
432.64	6.0513512e-05	-5.8567801	-0.053834052
433.28	6.1509545e-05	-5.856726	-0.053899711
433.92	5.988052e-05	-5.8567767	-0.053816714
434.56	5.9843201e-05	-5.8566847	-0.053581759
435.2	5.8261323e-05	-5.8567395	-0.053752171
435.84	5.9460316e-05	-5.8567264	-0.053963245
436.48	5.9743094e-05	-5.8567677	-0.053841904
437.12	6.12182e-05	-5.8567634	-0.0537169
437.76	5.974722e-05	-5.8567424	-0.053690126
438.4	6.1340429e-05	-5.8568039	-0.053799859
439.04	6.1412968e-05	-5.8567949	-0.053831683
439.68	6.0264497e-05	-5.856683	-0.053921786
440.32	5.9722042e-05	-5.8567116	-0.053968256
440.96	5.8970196e-05	-5.8567212	-0.053672695
441.6	5.9525332e-05	-5.8567269	-0.053818294
442.24	5.8771124e-05	-5.8567817	-0.053752007
442.88	5.9485824e-05	-5.856772	-0.053597901
443.52	6.0835372e-05	-5.8566884	-0.053661058
444.16	6.1370277e-05	-5.8567716	-0.05369844
444.8	6.1814003e-05	-5.8567438	-0.053825761
445.44	6.1267619e-05	-5.8567529	-0.053912665
446.08	5.963397e-05	-5.8567711	-0.053867963
446.72	6.0034325e-05	-5.8568378	-0.053776079
447.36	5.8620337e-05	-5.8567816	-0.053794846
448	5.9483194e-05	-5.8566339	-0.053825583
448.64	5.8639899e-05	-5.8567209	-0.053915775
449.28	5.8989947e-05	-5.8567387	-0.054009328
449.92	6.0094837e-05	-5.8567012	-0.053805316
450.56	6.1480023e-05	-5.8567854	-0.053845691
451.2	6.0165867e-05	-5.8567933	-0.053672553
451.84	6.0420282e-05	-5.856664	-0.053534875
452.48	6.0824006e-05	-5.8567214	-0.053911104
453.12	5.9612846e-05	-5.8567587	-0.05392864
453.76	5.9847584e-05	-5.8567458	-0.053780615
454.4	5.9688744e-05	-5.8567177	-0.053897701
455.04	5.9003876e-05	-5.8567954	-0.053884693
455.68	5.9444213e-05	-5.8567155	-0.053778397
456.32	6.1699134e-05	-5.8567444	-0.053932285
456.96	6.1508257e-05	-5.8567109	-0.053864721
457.6	6.1486595e-05	-5.8567063	-0.053772755
458.24	6.0924311e-05	-5.8567532	-0.053789551
458.88	6.035307e-05	-5.8567167	-0.053817176
459.52	6.0270738e-05	-5.8567084	-0.053902682
460.16	5.9176996e-05	-5.8567218	-0.053756038
460.8	5.908713e-05	-5.8567541	-0.053884218
461.44	6.0467119e-05	-5.8568337	-0.05380563
462.08	6.0936895e-05	-5.856726	-0.053777478
462.72	6.1514618e-05	-5.8567767	-0.05388503
463.36	6.0416396e-05	-5.8567797	-0.053888385
464	6.1262342e-05	-5.8567715	-0.053910474
464.64	5.9747874e-05	-5.8567243	-0.053809221
465.28	6.0221991e-05	-5.8566981	-0.053889364
465.92	5.9710639e-05	-5.8567451	-0.053859282
466.56	5.9983193e-05	-5.8567411	-0.053847894
467.2	5.8374668e-05	-5.8567626	-0.053906092
467.84	5.9647038e-05	-5.8566886	-0.053895325
468.48	6.0489066e-05	-5.8567302	-0.053825285
469.12	6.0048828e-05	-5.8566822	-0.053763969
469.76	6.0723112e-05	-5.8566918	-0.053751651
470.4	6.0609595e-05	-5.8567616	-0.0539207
471.04	6.148656e-05	-5.8567634	-0.05376216
471.68	5.9546697e-05	-5.8567719	-0.053882412
472.32	5.9702383e-05	-5.8568148	-0.053818486
472.96	5.8735428e-05	-5.8567491	-0.053966678
473.6	5.946302e-05	-5.8568147	-0.053804247
474.24	5.8859905e-05	-5.8567249	-0.053813484
474.88	6.0735583e-05	-5.8567815	-0.053677901
475.52	6.0855933e-05	-5.8567389	-0.053799509
476.16	6.0485959e-05	-5.8566869	-0.053766543
476.8	6.1107698e-05	-5.8567854	-0.053849198
477.44	6.0450354e-05	-5.856795	-0.053862071
478.08	5.9987959e-05	-5.8567165	-0.054006667
478.72	5.9666434e-05	-5.8567497	-0.053774953
479.36	5.8403035e-05	-5.8567442	-0.053801143
480	5.94871e-05	-5.8568008	-0.053733813
480.64	5.8694881e-05	-5.8567573	-0.053733525
481.28	6.0327947e-05	-5.8567159	-0.053900013
481.92	6.0789986e-05	-5.8567433	-0.053845337
482.56	6.0290417e-05	-5.8567378	-0.053852059
483.2	6.1045874e-05	-5.8567807	-0.053929793
483.84	6.1230587e-05	-5.8567678	-0.053946312
484.48	5.9739316e-05	-5.8566884	-0.053710941
485.12	5.943788e-05	-5.8567728	-0.053801369
485.76	6.0043704e-05	-5.8567738	-0.053840958
486.4	5.9526416e-05	-5.8567451	-0.053823538
487.04	5.9673425e-05	-5.8567582	-0.053851363
487.68	6.0737063e-05	-5.8567348	-0.053770593
488.32	6.0716637e-05	-5.8567292	-0.053835284
488.96	6.0826007e-05	-5.8567429	-0.053876829
489.6	6.0557059e-05	-5.8568267	-0.053699649
490.24	6.0355022e-05	-5.856716	-0.053749914
490.88	5.8924595e-05	-5.8567111	-0.053896999
491.52	5.8579664e-05	-5.8567535	-0.053761964
492.16	5.9445418e-05	-5.8567174	-0.053625309
492.8	5.9477068e-05	-5.8567171	-0.053880017
493.44	5.9589797e-05	-5.8567487	-0.053811993
494.08	5.9480558e-05	-5.8567984	-0.053805659
494.72	6.1044273e-05	-5.8567619	-0.053792069
495.36	6.0836615e-05	-5.8567615	-0.053810586
496	6.101184e-05	-5.8567018	-0.053829437
496.64	5.9767169e-05	-5.8567109	-0.053940513
497.28	5.9626151e-05	-5.8567212	-0.053947022
497.92	5.9790533e-05	-5.8567316	-0.053803842
498.56	5.8522157e-05	-5.8568282	-0.053735138
499.2	5.9450794e-05	-5.8567355	-0.053710603
499.84	5.9930901e-05	-5.8567117	-0.053967885
