0	3.6722693e-05	-5.8428635	-0.019380692
0.64	3.6006937e-05	-5.8428673	-0.019303939
1.28	3.7310759e-05	-5.8428401	-0.019362978
1.92	3.7406227e-05	-5.8428208	-0.019147526
2.56	3.6952876e-05	-5.842736	-0.019398533
3.2	3.7941358e-05	-5.8428065	-0.019102141
3.84	3.8097077e-05	-5.8428069	-0.019250201
4.48	3.7704842e-05	-5.842849	-0.019342885
5.12	3.6991665e-05	-5.8428444	-0.019248145
5.76	3.635931e-05	-5.8428676	-0.019295185
6.4	3.6404759e-05	-5.8428073	-0.019328715
7.04	3.7269608e-05	-5.8427987	-0.019361552
7.68	3.7528621e-05	-5.8428542	-0.019194484
8.32	3.752428e-05	-5.8428069	-0.019301209
8.96	3.8245296e-05	-5.8428256	-0.019273112
9.6	3.7891638e-05	-5.8428065	-0.019457804
10.24	3.80744e-05	-5.8428209	-0.019337787
10.88	3.7640217e-05	-5.8428025	-0.019362081
11.52	3.7469643e-05	-5.842817	-0.019255941
12.16	3.6764554e-05	-5.8428355	-0.019268858
12.8	3.6769895e-05	-5.8428124	-0.019136063
13.44	3.6759774e-05	-5.8428493	-0.019238343
14.08	3.77159e-05	-5.8427937	-0.019165315
14.72	3.7045477e-05	-5.8428063	-0.019365649
15.36	3.7667208e-05	-5.8427785	-0.019123355
16	3.8280435e-05	-5.8427976	-0.019308881
16.64	3.7730934e-05	-5.8427881	-0.019267576
17.28	3.78704e-05	-5.8428586	-0.019371852
17.92	3.6868366e-05	-5.8428351	-0.019317391
18.56	3.7296312e-05	-5.8428221	-0.019237969
19.2	3.6588396e-05	-5.8427936	-0.019274304
19.84	3.7427848e-05	-5.8427708	-0.01916414
20.48	3.7010443e-05	-5.8427883	-0.019282465
21.12	3.6927394e-05	-5.8427735	-0.019160651
21.76	3.8370878e-05	-5.8429326	-0.019496818
22.4	3.7531086e-05	-5.8428015	-0.019228696
23.04	3.818831e-05	-5.8428258	-0.019248262
23.68	3.7798338e-05	-5.8428168	-0.019368856
24.32	3.7179566e-05	-5.8427936	-0.019296984
24.96	3.6832682e-05	-5.8428496	-0.019142322
25.6	3.74226e-05	-5.842813	-0.019276092
26.24	3.7124444e-05	-5.8428402	-0.01921276
26.88	3.7257889e-05	-5.8428164	-0.019199072
27.52	3.7404444e-05	-5.8427972	-0.019333815
28.16	3.7913567e-05	-5.8427926	-0.019288133
28.8	3.7776766e-05	-5.8428204	-0.019352281
29.44	3.7747632e-05	-5.842858	-0.019220578
30.08	3.6961692e-05	-5.8428114	-0.019343465
30.72	3.7082921e-05	-5.8428122	-0.019282169
31.36	3.7381963e-05	-5.8428548	-0.019273105
32	3.7046614e-05	-5.8428638	-0.019361104
32.64	3.6802244e-05	-5.8428398	-0.019265541
33.28	3.7298629e-05	-5.8428023	-0.019293916
33.92	3.7805129e-05	-5.8428673	-0.019259036
34.56	3.7537226e-05	-5.8427596	-0.019200085
35.2	3.8430864e-05	-5.842835	-0.019257755
35.84	3.8022912e-05	-5.8428165	-0.019318221
36.48	3.8184063e-05	-5.84285	-0.019337118
37.12	3.6661207e-05	-5.842784	-0.019293495
37.76	3.724627e-05	-5.8427849	-0.019302956
38.4	3.7219119e-05	-5.8428267	-0.019175995
39.04	3.6691867e-05	-5.8428908	-0.019312443
39.68	3.6878769e-05	-5.8428576	-0.01928134
40.32	3.8266422e-05	-5.8427979	-0.019266229
40.96	3.8110705e-05	-5.84283	-0.019372514
41.6	3.7266128e-05	-5.8427874	-0.019159789
42.24	3.7798078e-05	-5.8428443	-0.01925999
42.88	3.6864909e-05	-5.8428022	-0.019391325
43.52	3.7387393e-05	-5.8428081	-0.019335613
44.16	3.6412003e-05	-5.8428353	-0.019233696
44.8	3.688984e-05	-5.8428263	-0.019331228
45.44	3.6983051e-05	-5.8427607	-0.019264915
46.08	3.7583939e-05	-5.8428443	-0.019174863
46.72	3.829061e-05	-5.8428071	-0.019231301
47.36	3.8217442e-05	-5.8428208	-0.019190112
48	3.7895255e-05	-5.8428253	-0.019332937
48.64	3.7992799e-05	-5.8428353	-0.019312398
49.28	3.7278843e-05	-5.8428353	-0.019178652
49.92	3.6491584e-05	-5.8427933	-0.019396467
50.56	3.6851868e-05	-5.8428543	-0.019365998
51.2	3.7785869e-05	-5.842776	-0.019126455
51.84	3.6784394e-05	-5.8428116	-0.019203881
52.48	3.7805835e-05	-5.8428863	-0.019435702
53.12	3.8097961e-05	-5.8428208	-0.019265411
53.76	3.7887986e-05	-5.8427739	-0.019250676
54.4	3.7765569e-05	-5.8428392	-0.019433524
55.04	3.7422979e-05	-5.8427697	-0.019134237
55.68	3.7966346e-05	-5.8428594	-0.0191895
56.32	3.8225361e-05	-5.8428416	-0.019399753
56.96	3.7146855e-05	-5.8428035	-0.019148505
57.6	3.6960637e-05	-5.8428123	-0.019320952
58.24	3.7358625e-05	-5.8428027	-0.019185922
58.88	3.7575692e-05	-5.8428347	-0.019341645
59.52	3.8634561e-05	-5.8428353	-0.019188798
60.16	3.8443124e-05	-5.8427885	-0.019205403
60.8	3.7956845e-05	-5.8428209	-0.019319279
61.44	3.7617355e-05	-5.8428677	-0.019202014
62.08	3.6945783e-05	-5.8428259	-0.019408063
62.72	3.6718245e-05	-5.8428727	-0.019220216
63.36	3.6165038e-05	-5.842835	-0.019386754
64	3.7308778e-05	-5.8428032	-0.019307531
64.64	3.7392755e-05	-5.8428445	-0.019329223
65.28	3.7489959e-05	-5.8427974	-0.019307935
65.92	3.744193e-05	-5.8428806	-0.019271692
66.56	3.8506851e-05	-5.8427978	-0.019174617
67.2	3.8613763e-05	-5.8428588	-0.019317965
67.84	3.823531e-05	-5.8428172	-0.019264614
68.48	3.7713328e-05	-5.8428314	-0.019295474
69.12	3.7132877e-05	-5.8427987	-0.019207425
69.76	3.6220841e-05	-5.8428211	-0.019265202
70.4	3.7444812e-05	-5.8428266	-0.019305611
71.04	3.752936e-05	-5.8428306	-0.019357347
71.68	3.8186538e-05	-5.842798	-0.01915839
72.32	3.8131143e-05	-5.8428393	-0.019281697
72.96	3.800415e-05	-5.8427973	-0.019198959
73.6	3.7525729e-05	-5.8428345	-0.01938802
74.24	3.7460642e-05	-5.842784	-0.019323717
74.88	3.6765127e-05	-5.8428212	-0.019429171
75.52	3.7026154e-05	-5.8428591	-0.01934285
76.16	3.6789114e-05	-5.8428449	-0.019274727
76.8	3.7199531e-05	-5.8427612	-0.019178807
77.44	3.7176087e-05	-5.8428302	-0.019315184
78.08	3.8037866e-05	-5.8428303	-0.019254882
78.72	3.8413957e-05	-5.8427698	-0.019308933
79.36	3.7903623e-05	-5.8428252	-0.019262593
80	3.786376e-05	-5.8428535	-0.01941815
80.64	3.7338635e-05	-5.8428631	-0.019280488
81.28	3.6954194e-05	-5.8427983	-0.019324167
81.92	3.6522043e-05	-5.8427982	-0.019340841
82.56	3.6748145e-05	-5.8428123	-0.019247204
83.2	3.7001624e-05	-5.842826	-0.019302904
83.84	3.7518425e-05	-5.8427885	-0.01922229
84.48	3.8132157e-05	-5.8428257	-0.019275673
85.12	3.7762937e-05	-5.8428017	-0.01928628
85.76	3.8458853e-05	-5.8427979	-0.019128503
86.4	3.7675057e-05	-5.8428441	-0.01926699
87.04	3.718137e-05	-5.8428351	-0.019266651
87.68	3.7161688e-05	-5.8427892	-0.019286729
88.32	3.6742495e-05	-5.8427798	-0.019284699
88.96	3.724257e-05	-5.8427988	-0.019227402
89.6	3.7037154e-05	-5.8428724	-0.019387832
90.24	3.7964716e-05	-5.8428493	-0.019365338
90.88	3.7917512e-05	-5.8428625	-0.019310618
91.52	3.8264013e-05	-5.8427835	-0.019360821
92.16	3.8762222e-05	-5.8428354	-0.019211118
92.8	3.7819797e-05	-5.8427932	-0.019312877
93.44	3.7606093e-05	-5.8427334	-0.019207966
94.08	3.7056874e-05	-5.84278	-0.019226864
94.72	3.6720388e-05	-5.8428124	-0.01922417
95.36	3.7258492e-05	-5.8428685	-0.019313322
96	3.6997279e-05	-5.8428304	-0.019266858
96.64	3.8102404e-05	-5.8428353	-0.019338339
97.28	3.7514649e-05	-5.8427876	-0.01930267
97.92	3.776403e-05	-5.8427877	-0.019209653
98.56	3.8015617e-05	-5.8427882	-0.01923039
99.2	3.7630407e-05	-5.8428583	-0.019376547
99.84	3.7314083e-05	-5.8428448	-0.0192564
100.48	3.6963147e-05	-5.8428404	-0.019290855
101.12	3.6281752e-05	-5.8428538	-0.019170955
101.76	3.7270671e-05	-5.8427801	-0.01931599
102.4	3.7274253e-05	-5.8428119	-0.019197644
103.04	3.8319168e-05	-5.8427889	-0.019147221
103.68	3.8542891e-05	-5.8428165	-0.0192316
104.32	3.7934854e-05	-5.8428344	-0.019283042
104.96	3.757704e-05	-5.8428298	-0.019404731
105.6	3.7427449e-05	-5.8428117	-0.019230617
106.24	3.714869e-05	-5.842854	-0.019419167
106.88	3.6947249e-05	-5.8428543	-0.019124504
107.52	3.687864e-05	-5.8428032	-0.019341407
108.16	3.7404459e-05	-5.8428359	-0.019364313
108.8	3.6910494e-05	-5.8427557	-0.019209403
109.44	3.8103655e-05	-5.8428538	-0.019287862
110.08	3.7863544e-05	-5.842774	-0.019307064
110.72	3.8222745e-05	-5.8428347	-0.019248591
111.36	3.7777713e-05	-5.8427881	-0.019268744
112	3.786329e-05	-5.8428633	-0.019347137
112.64	3.7625791e-05	-5.8428081	-0.01924644
113.28	3.6718366e-05	-5.8427844	-0.01927588
113.92	3.7141792e-05	-5.8428546	-0.01924589
114.56	3.7163127e-05	-5.8428542	-0.019210276
115.2	3.7305328e-05	-5.8428536	-0.019263265
115.84	3.8264502e-05	-5.8427934	-0.0192061
116.48	3.7695165e-05	-5.8427737	-0.019219655
117.12	3.8075842e-05	-5.84283	-0.019282521
117.76	3.7959351e-05	-5.8428908	-0.019286997
118.4	3.7937464e-05	-5.8428124	-0.01932093
119.04	3.6962984e-05	-5.8428075	-0.019172229
119.68	3.6938547e-05	-5.842873	-0.019337714
120.32	3.6843358e-05	-5.8428264	-0.01937308
120.96	3.7156732e-05	-5.8428401	-0.019368354
121.6	3.7997825e-05	-5.8428077	-0.01939343
122.24	3.7993839e-05	-5.8428256	-0.019346452
122.88	3.7993882e-05	-5.8428531	-0.019183052
123.52	3.7693159e-05	-5.8427831	-0.019226568
124.16	3.8161016e-05	-5.8427469	-0.01926226
124.8	3.7355491e-05	-5.8427701	-0.019274165
125.44	3.7335131e-05	-5.8427847	-0.019275088
126.08	3.6801672e-05	-5.8428264	-0.019271838
126.72	3.6631912e-05	-5.8428586	-0.019274642
127.36	3.7376643e-05	-5.842817	-0.019210257
128	3.7495808e-05	-5.8428489	-0.019253626
128.64	3.7788111e-05	-5.8428114	-0.019187236
129.28	3.8584802e-05	-5.8428583	-0.019326655
129.92	3.8248525e-05	-5.8428302	-0.019307425
130.56	3.8028615e-05	-5.8428166	-0.019246417
131.2	3.7400863e-05	-5.8427842	-0.019325227
131.84	3.7202566e-05	-5.8428451	-0.019274107
132.48	3.6850444e-05	-5.8428543	-0.019337713
133.12	3.6849311e-05	-5.8427705	-0.019182455
133.76	3.7060482e-05	-5.8427794	-0.01930177
134.4	3.7716805e-05	-5.8428026	-0.019283422
135.04	3.8285706e-05	-5.8427978	-0.019219933
135.68	3.761102e-05	-5.8427782	-0.019329636
136.32	3.8581626e-05	-5.8428864	-0.019337754
136.96	3.7828904e-05	-5.8427932	-0.019331105
137.6	3.7540989e-05	-5.842831	-0.019338582
138.24	3.6775303e-05	-5.8428448	-0.019311677
138.88	3.7298448e-05	-5.8428642	-0.019251939
139.52	3.7482665e-05	-5.8428269	-0.019193008
140.16	3.7577291e-05	-5.8428496	-0.019335391
140.8	3.7514671e-05	-5.8427836	-0.019261648
141.44	3.8174158e-05	-5.8428115	-0.019326322
142.08	3.8372969e-05	-5.842765	-0.019345474
142.72	3.8288027e-05	-5.8428117	-0.019411425
143.36	3.7883192e-05	-5.8428306	-0.019178234
144	3.7497817e-05	-5.842859	-0.019194249
144.64	3.630181e-05	-5.8428165	-0.019314999
145.28	3.6756058e-05	-5.8427938	-0.019292456
145.92	3.6459229e-05	-5.8428304	-0.019188018
146.56	3.7586197e-05	-5.8427657	-0.01931975
147.2	3.7966325e-05	-5.8428211	-0.019182584
147.84	3.8361782e-05	-5.8427977	-0.019269708
148.48	3.7565289e-05	-5.8428666	-0.019248894
149.12	3.8308961e-05	-5.8428444	-0.019201356
149.76	3.8290737e-05	-5.8428033	-0.019204541
150.4	3.7430275e-05	-5.8428683	-0.019183862
151.04	3.6143546e-05	-5.8428257	-0.019352116
151.68	3.6468297e-05	-5.8427749	-0.01929601
152.32	3.7175801e-05	-5.8427985	-0.019331211
152.96	3.7394058e-05	-5.8428398	-0.019343561
153.6	3.8669916e-05	-5.8427659	-0.019269793
154.24	3.8475561e-05	-5.8428071	-0.019174707
154.88	3.7687527e-05	-5.8428714	-0.019255877
155.52	3.8730239e-05	-5.8427751	-0.019293374
156.16	3.7599418e-05	-5.8428259	-0.019148493
156.8	3.7626139e-05	-5.8428081	-0.019302504
157.44	3.7162272e-05	-5.8428221	-0.019331884
158.08	3.7180671e-05	-5.8429059	-0.019409768
158.72	3.6907752e-05	-5.8427516	-0.019275176
159.36	3.7694706e-05	-5.84284	-0.019332917
160	3.8609464e-05	-5.8428541	-0.019369055
160.64	3.8233497e-05	-5.84283	-0.019278009
161.28	3.7919928e-05	-5.8427832	-0.019226361
161.92	3.7439354e-05	-5.8428624	-0.019215562
162.56	3.7117997e-05	-5.842807	-0.019276982
163.2	3.6656165e-05	-5.8428398	-0.019282917
163.84	3.724508e-05	-5.842892	-0.019317491
164.48	3.6788551e-05	-5.842831	-0.019084631
165.12	3.6371587e-05	-5.8428254	-0.019390138
165.76	3.6900108e-05	-5.8428019	-0.019300124
166.4	3.8198091e-05	-5.8428443	-0.019241293
167.04	3.8437217e-05	-5.8428721	-0.019253736
167.68	3.7640441e-05	-5.8427459	-0.019152346
168.32	3.7609852e-05	-5.842858	-0.019401935
168.96	3.7560751e-05	-5.8428215	-0.019215977
169.6	3.7748939e-05	-5.8427805	-0.019167971
170.24	3.6843748e-05	-5.8428451	-0.019247281
170.88	3.6582452e-05	-5.8427981	-0.019148337
171.52	3.6294645e-05	-5.8428438	-0.01923361
172.16	3.7656761e-05	-5.8428258	-0.019365511
172.8	3.8236957e-05	-5.8427792	-0.019186628
173.44	3.8455588e-05	-5.8427931	-0.019250175
174.08	3.8206525e-05	-5.8428813	-0.019276037
174.72	3.7669073e-05	-5.8427977	-0.019276958
175.36	3.7481713e-05	-5.8428216	-0.019231023
176	3.6961652e-05	-5.8428449	-0.019284997
176.64	3.6897965e-05	-5.8428451	-0.019312815
177.28	3.756247e-05	-5.8428177	-0.019310744
177.92	3.7281649e-05	-5.8428773	-0.019270157
178.56	3.7319819e-05	-5.8428347	-0.019298958
179.2	3.7970959e-05	-5.8428021	-0.019317432
179.84	3.8373796e-05	-5.8428022	-0.019267509
180.48	3.8075001e-05	-5.8427789	-0.01919519
181.12	3.7502414e-05	-5.8427697	-0.019270624
181.76	3.7115864e-05	-5.8427887	-0.019437921
182.4	3.6412508e-05	-5.8428259	-0.019273517
183.04	3.6858536e-05	-5.8428266	-0.019290568
183.68	3.6680575e-05	-5.8428075	-0.019243952
184.32	3.7400774e-05	-5.8427796	-0.019165795
184.96	3.7544483e-05	-5.8427695	-0.019151185
185.6	3.7011256e-05	-5.8428057	-0.019250917
186.24	3.7849807e-05	-5.8427645	-0.019319082
186.88	3.7509041e-05	-5.8428622	-0.019293388
187.52	3.789504e-05	-5.8428168	-0.019414982
188.16	3.6734444e-05	-5.8428629	-0.019324088
188.8	3.6524322e-05	-5.8427935	-0.019151573
189.44	3.6531953e-05	-5.8427936	-0.019277775
190.08	3.6740754e-05	-5.8428213	-0.019212938
190.72	3.7056067e-05	-5.8428023	-0.019384049
191.36	3.7396534e-05	-5.8428298	-0.01915859
192	3.7747099e-05	-5.8427412	-0.01925422
192.64	3.8414997e-05	-5.8428349	-0.019204337
193.28	3.775992e-05	-5.8428067	-0.019248141
193.92	3.721318e-05	-5.8428395	-0.019199226
194.56	3.7747577e-05	-5.8428082	-0.019208457
195.2	3.6824081e-05	-5.8427473	-0.019298175
195.84	3.6382107e-05	-5.8428074	-0.019241828
196.48	3.7219505e-05	-5.8428264	-0.019278007
197.12	3.7135845e-05	-5.8428163	-0.019164485
197.76	3.7520281e-05	-5.8427787	-0.019258855
198.4	3.7802906e-05	-5.8428529	-0.019158564
199.04	3.8466958e-05	-5.8428443	-0.019298711
199.68	3.8603357e-05	-5.8428402	-0.019224969
200.32	3.7356423e-05	-5.84277	-0.019136461
200.96	3.6815407e-05	-5.8427981	-0.019322045
201.6	3.6120675e-05	-5.8428583	-0.019260699
202.24	3.7286602e-05	-5.8428873	-0.019284121
202.88	3.6868978e-05	-5.8428352	-0.019250378
203.52	3.6863936e-05	-5.8428019	-0.019365796
204.16	3.7964371e-05	-5.8428767	-0.019260199
204.8	3.7753547e-05	-5.8428016	-0.019308196
205.44	3.8157183e-05	-5.8428114	-0.019299621
206.08	3.7216922e-05	-5.8427971	-0.019274189
206.72	3.7452891e-05	-5.8428028	-0.019229942
207.36	3.6793851e-05	-5.8428726	-0.019245254
208	3.7224494e-05	-5.8427804	-0.019270752
208.64	3.7297836e-05	-5.842864	-0.019206316
209.28	3.6487252e-05	-5.8428301	-0.019350375
209.92	3.770518e-05	-5.8427654	-0.019273901
210.56	3.8367296e-05	-5.8428119	-0.019202846
211.2	3.8214363e-05	-5.8428346	-0.01929024
211.84	3.7816433e-05	-5.8427972	-0.01919633
212.48	3.7790006e-05	-5.8428908	-0.019318209
213.12	3.6581207e-05	-5.8428531	-0.019234926
213.76	3.6629361e-05	-5.8427887	-0.019217643
214.4	3.6692399e-05	-5.8427937	-0.019272555
215.04	3.7024064e-05	-5.8428777	-0.019304004
215.68	3.7809197e-05	-5.8428407	-0.019218349
216.32	3.76548e-05	-5.8428025	-0.019281413
216.96	3.773415e-05	-5.842881	-0.019373749
217.6	3.8220785e-05	-5.8428346	-0.01924221
218.24	3.8051958e-05	-5.8427602	-0.019424175
218.88	3.8402289e-05	-5.8428589	-0.019229412
219.52	3.7918797e-05	-5.8428546	-0.019376881
220.16	3.6928083e-05	-5.8428357	-0.019187069
220.8	3.7360986e-05	-5.8428363	-0.019323412
221.44	3.6825895e-05	-5.842789	-0.019179717
222.08	3.6740895e-05	-5.842793	-0.019250149
222.72	3.7506618e-05	-5.8428488	-0.019300087
223.36	3.8288083e-05	-5.8429233	-0.019333927
224	3.8438691e-05	-5.8428302	-0.019267035
224.64	3.7734341e-05	-5.8428623	-0.01924777
225.28	3.7278399e-05	-5.8428439	-0.019266222
225.92	3.7649495e-05	-5.8428312	-0.019345477
226.56	3.6506967e-05	-5.8427888	-0.019339026
227.2	3.7059991e-05	-5.8427617	-0.019223805
227.84	3.6863931e-05	-5.8428123	-0.019206974
228.48	3.794424e-05	-5.8428592	-0.019341553
229.12	3.7577678e-05	-5.8428859	-0.019226216
229.76	3.8810904e-05	-5.8428028	-0.019232948
230.4	3.7803867e-05	-5.8428621	-0.019307999
231.04	3.8013891e-05	-5.8428162	-0.019295296
231.68	3.7810034e-05	-5.8428167	-0.019245056
232.32	3.6870161e-05	-5.8428213	-0.019255994
232.96	3.707385e-05	-5.8427522	-0.019273577
233.6	3.7500955e-05	-5.8427574	-0.019078617
234.24	3.7035943e-05	-5.8429054	-0.019393469
234.88	3.7330967e-05	-5.8428538	-0.019131683
235.52	3.761161e-05	-5.8428253	-0.019323615
236.16	3.8231968e-05	-5.842844	-0.01929389
236.8	3.8393829e-05	-5.8427883	-0.019281308
237.44	3.80537e-05	-5.8427744	-0.019217373
238.08	3.7594337e-05	-5.8428538	-0.019447787
238.72	3.6900353e-05	-5.8428027	-0.019353759
239.36	3.718567e-05	-5.8428129	-0.0193854
240	3.6633897e-05	-5.8427938	-0.01931548
240.64	3.6826617e-05	-5.842854	-0.019303881
241.28	3.7531162e-05	-5.842812	-0.019399031
241.92	3.7450154e-05	-5.8427879	-0.019220508
242.56	3.8005242e-05	-5.8428065	-0.019233368
243.2	3.842711e-05	-5.8428302	-0.019272684
243.84	3.7646067e-05	-5.8427462	-0.019278172
244.48	3.72509e-05	-5.8427931	-0.019342924
245.12	3.7500364e-05	-5.8428686	-0.019210624
245.76	3.6970757e-05	-5.842836	-0.019340778
246.4	3.7573578e-05	-5.8428086	-0.019356019
247.04	3.6624927e-05	-5.8428537	-0.01929101
247.68	3.7662672e-05	-5.8428585	-0.019373317
248.32	3.7786148e-05	-5.8427834	-0.01924782
248.96	3.8008539e-05	-5.8427599	-0.019340946
249.6	3.7925789e-05	-5.8428669	-0.019272238
250.24	3.8268373e-05	-5.842826	-0.019283291
250.88	3.7785556e-05	-5.8428682	-0.019217674
251.52	3.6761158e-05	-5.8428261	-0.019273981
252.16	3.6543096e-05	-5.8428821	-0.019216338
252.8	3.690463e-05	-5.8428311	-0.019258914
253.44	3.7748598e-05	-5.8428407	-0.019289711
254.08	3.7921513e-05	-5.8427516	-0.019252883
254.72	3.7545591e-05	-5.8427971	-0.019295885
255.36	3.8808661e-05	-5.8428026	-0.019222989
256	3.8301513e-05	-5.8428767	-0.019281773
256.64	3.7923321e-05	-5.8427886	-0.019305365
257.28	3.7636724e-05	-5.8428635	-0.019240323
257.92	3.7219918e-05	-5.842808	-0.019364183
258.56	3.6892262e-05	-5.8428033	-0.019308117
259.2	3.6254323e-05	-5.8428304	-0.019315662
259.84	3.7503341e-05	-5.8427798	-0.019342877
260.48	3.8005974e-05	-5.8428121	-0.019263299
261.12	3.7317809e-05	-5.8428061	-0.019259311
261.76	3.8442811e-05	-5.8427977	-0.019204026
262.4	3.8059392e-05	-5.8428579	-0.019331446
263.04	3.7536166e-05	-5.8428115	-0.019335124
263.68	3.7486063e-05	-5.842803	-0.019226132
264.32	3.7202198e-05	-5.8428359	-0.01918225
264.96	3.6656634e-05	-5.8427333	-0.019282537
265.6	3.688055e-05	-5.8428449	-0.01932227
266.24	3.7260516e-05	-5.8428121	-0.01922909
266.88	3.7718233e-05	-5.8427977	-0.019320894
267.52	3.7960428e-05	-5.8428113	-0.019355914
268.16	3.8245461e-05	-5.8428393	-0.019286919
268.8	3.8252235e-05	-5.8428024	-0.019257798
269.44	3.7361757e-05	-5.8428068	-0.019220963
270.08	3.7205556e-05	-5.8428633	-0.019330364
270.72	3.7098708e-05	-5.8428173	-0.019342314
271.36	3.7064963e-05	-5.8427756	-0.019320499
272	3.6758354e-05	-5.8427936	-0.019269807
272.64	3.7723694e-05	-5.842845	-0.019417211
273.28	3.7725307e-05	-5.8427884	-0.019158125
273.92	3.8092499e-05	-5.842816	-0.019254561
274.56	3.8374577e-05	-5.8427976	-0.019214141
275.2	3.7702169e-05	-5.8428252	-0.019245976
275.84	3.7910049e-05	-5.8428772	-0.019252598
276.48	3.7118272e-05	-5.8428819	-0.019390216
277.12	3.7085687e-05	-5.8428034	-0.019143925
277.76	3.6718328e-05	-5.8428031	-0.01925336
278.4	3.6195994e-05	-5.8428069	-0.019262571
279.04	3.7531016e-05	-5.8427656	-0.019206826
279.68	3.7824783e-05	-5.842807	-0.019296797
280.32	3.8985528e-05	-5.8427983	-0.019258538
280.96	3.7998526e-05	-5.8428158	-0.019190492
281.6	3.8120316e-05	-5.8427931	-0.019292645
282.24	3.757736e-05	-5.8428212	-0.019289397
282.88	3.6686163e-05	-5.8428071	-0.019269795
283.52	3.6779083e-05	-5.8428682	-0.0192399
284.16	3.6504847e-05	-5.8428588	-0.019246274
284.8	3.6863908e-05	-5.8428354	-0.019406779
285.44	3.7414497e-05	-5.8428306	-0.019258138
286.08	3.8040167e-05	-5.8428304	-0.019426331
286.72	3.7688539e-05	-5.8428201	-0.019388049
287.36	3.8225203e-05	-5.8427648	-0.019342544
288	3.8119059e-05	-5.8428024	-0.019126687
288.64	3.7873729e-05	-5.8427937	-0.019244671
289.28	3.6969492e-05	-5.8428029	-0.019326804
289.92	3.6589394e-05	-5.8428356	-0.019246662
290.56	3.6291517e-05	-5.8427888	-0.019224589
291.2	3.7877989e-05	-5.8427991	-0.019401001
291.84	3.7331673e-05	-5.8428629	-0.019255137
292.48	3.7985441e-05	-5.8428208	-0.019346042
293.12	3.8451662e-05	-5.8428534	-0.019347646
293.76	3.8849499e-05	-5.8428352	-0.019266623
294.4	3.7876211e-05	-5.8427558	-0.019313792
295.04	3.7599652e-05	-5.8428448	-0.019265517
295.68	3.6947577e-05	-5.8428031	-0.019225222
296.32	3.6631674e-05	-5.842738	-0.019253625
296.96	3.6782014e-05	-5.8427473	-0.019276725
297.6	3.6965805e-05	-5.8428864	-0.019232307
298.24	3.7881578e-05	-5.8427888	-0.019191958
298.88	3.8045733e-05	-5.8428254	-0.019358401
299.52	3.807071e-05	-5.8428856	-0.019208637
300.16	3.7596007e-05	-5.8428807	-0.019252489
300.8	3.7425243e-05	-5.8428067	-0.019367433
301.44	3.7761675e-05	-5.8428405	-0.019327484
302.08	3.6858771e-05	-5.8428216	-0.019371624
302.72	3.6568938e-05	-5.8428263	-0.019268228
303.36	3.696659e-05	-5.8428543	-0.019222445
304	3.7251454e-05	-5.84284	-0.019229715
304.64	3.7510763e-05	-5.8427697	-0.019197625
305.28	3.7538878e-05	-5.8428667	-0.019198449
305.92	3.8749002e-05	-5.8428072	-0.019300989
306.56	3.8191755e-05	-5.8428442	-0.019299533
307.2	3.7673107e-05	-5.8428118	-0.019286024
307.84	3.676923e-05	-5.8428676	-0.019312363
308.48	3.716333e-05	-5.842822	-0.019290722
309.12	3.735047e-05	-5.8428689	-0.01921592
309.76	3.6933035e-05	-5.8428216	-0.019272544
310.4	3.767697e-05	-5.8427984	-0.019203323
311.04	3.7249876e-05	-5.8428111	-0.019289942
311.68	3.8474417e-05	-5.8428257	-0.019237002
312.32	3.8553377e-05	-5.8427745	-0.019226629
312.96	3.7637549e-05	-5.8428159	-0.019351745
313.6	3.7351395e-05	-5.8428395	-0.019320413
314.24	3.7161708e-05	-5.8428726	-0.019312795
314.88	3.6526829e-05	-5.8428725	-0.019370797
315.52	3.6115554e-05	-5.8428676	-0.019281153
316.16	3.6605746e-05	-5.8427607	-0.019282039
316.8	3.7163716e-05	-5.8428257	-0.019292962
317.44	3.8620868e-05	-5.8428218	-0.019284608
318.08	3.7582879e-05	-5.8427598	-0.019178693
318.72	3.780722e-05	-5.8428437	-0.019334223
319.36	3.7458043e-05	-5.8428251	-0.01940153
320	3.7247989e-05	-5.8427837	-0.019190213
320.64	3.8149654e-05	-5.842855	-0.019261591
321.28	3.6801773e-05	-5.8427937	-0.019308385
321.92	3.7967855e-05	-5.8428368	-0.019302806
322.56	3.7339485e-05	-5.8428311	-0.019359602
323.2	3.7327497e-05	-5.8428397	-0.019313002
323.84	3.7977145e-05	-5.8428211	-0.019326835
324.48	3.7998092e-05	-5.8427834	-0.01923925
325.12	3.7667343e-05	-5.842825	-0.01920139
325.76	3.783545e-05	-5.8427976	-0.019369059
326.4	3.7613866e-05	-5.842812	-0.019338056
327.04	3.7212596e-05	-5.8428216	-0.019253944
327.68	3.6902577e-05	-5.842803	-0.01931909
328.32	3.6541003e-05	-5.8428028	-0.019221101
328.96	3.7164282e-05	-5.8428495	-0.019288163
329.6	3.758112e-05	-5.8427702	-0.019196051
330.24	3.7908997e-05	-5.8428257	-0.019158402
330.88	3.8066407e-05	-5.8428254	-0.019332499
331.52	3.7969884e-05	-5.8428392	-0.019298376
332.16	3.7667018e-05	-5.8428346	-0.019261782
332.8	3.6541521e-05	-5.8427831	-0.019251567
333.44	3.7457699e-05	-5.8428358	-0.01926433
334.08	3.6634575e-05	-5.8428634	-0.019179193
334.72	3.676782e-05	-5.8428449	-0.019289868
335.36	3.776211e-05	-5.8428221	-0.019362103
336	3.7372446e-05	-5.8427978	-0.019188757
336.64	3.7993976e-05	-5.8428908	-0.019378847
337.28	3.9025968e-05	-5.8427844	-0.01925715
337.92	3.7687872e-05	-5.842797	-0.019258223
338.56	3.7526737e-05	-5.8427927	-0.019353065
339.2	3.6912778e-05	-5.8428673	-0.01922047
339.84	3.7325885e-05	-5.8427521	-0.01926845
340.48	3.7387023e-05	-5.8428595	-0.019307604
341.12	3.7718084e-05	-5.8427574	-0.019312553
341.76	3.7031876e-05	-5.8428679	-0.019270847
342.4	3.7342986e-05	-5.8428767	-0.019203578
343.04	3.7452521e-05	-5.8428203	-0.019392198
343.68	3.7624744e-05	-5.8428574	-0.019288117
344.32	3.7794847e-05	-5.842839	-0.019280015
344.96	3.7596086e-05	-5.8428208	-0.019119659
345.6	3.7145088e-05	-5.8427839	-0.019227311
346.24	3.6817135e-05	-5.842854	-0.019352643
346.88	3.6692243e-05	-5.8427798	-0.019341866
347.52	3.7095014e-05	-5.8428265	-0.019251047
348.16	3.7155369e-05	-5.8428446	-0.019219878
348.8	3.7306574e-05	-5.8427789	-0.019288212
349.44	3.823248e-05	-5.842821	-0.019409121
350.08	3.828077e-05	-5.8428161	-0.019265224
350.72	3.7986604e-05	-5.842816	-0.019398347
351.36	3.7774635e-05	-5.8427652	-0.019170412
352	3.7104375e-05	-5.8428491	-0.019345752
352.64	3.680218e-05	-5.8428542	-0.019272022
353.28	3.7050086e-05	-5.8428686	-0.019368239
353.92	3.7258301e-05	-5.8428174	-0.01928051
354.56	3.6762975e-05	-5.8427697	-0.019309266
355.2	3.788184e-05	-5.8428491	-0.019338011
355.84	3.7710958e-05	-5.8428808	-0.019242227
356.48	3.8119765e-05	-5.8427508	-0.019326025
357.12	3.8362079e-05	-5.8428165	-0.019157272
357.76	3.7562274e-05	-5.8427978	-0.019220853
358.4	3.7313366e-05	-5.8428495	-0.01928332
359.04	3.7154865e-05	-5.8428639	-0.019264687
359.68	3.683457e-05	-5.8429009	-0.019320235
360.32	3.6795065e-05	-5.8428353	-0.019383719
360.96	3.7485514e-05	-5.8428214	-0.019222562
361.6	3.7959089e-05	-5.8428071	-0.019202236
362.24	3.77629e-05	-5.8427599	-0.019146864
362.88	3.771025e-05	-5.8427923	-0.019194563
363.52	3.8219458e-05	-5.8428304	-0.019329032
364.16	3.7383993e-05	-5.8428722	-0.019228946
364.8	3.6705569e-05	-5.8427653	-0.019321272
365.44	3.6493213e-05	-5.8427796	-0.019195737
366.08	3.6687411e-05	-5.8428821	-0.019253816
366.72	3.6986574e-05	-5.8428308	-0.019227491
367.36	3.6742546e-05	-5.8428763	-0.019349636
368	3.8056182e-05	-5.8428211	-0.019204392
368.64	3.7741942e-05	-5.8428296	-0.019355834
369.28	3.8351081e-05	-5.8427651	-0.019255898
369.92	3.7360832e-05	-5.8428158	-0.019252148
370.56	3.7151937e-05	-5.8427931	-0.019306059
371.2	3.7167217e-05	-5.8427798	-0.019260742
371.84	3.6718363e-05	-5.8428402	-0.019381413
372.48	3.7142094e-05	-5.8427847	-0.019297551
373.12	3.6787318e-05	-5.8428258	-0.01923671
373.76	3.7751597e-05	-5.842812	-0.019312227
374.4	3.7921501e-05	-5.8428302	-0.019286741
375.04	3.8393538e-05	-5.8427931	-0.019232756
375.68	3.7841707e-05	-5.8428159	-0.01944329
376.32	3.7512075e-05	-5.8428858	-0.019382441
376.96	3.7599595e-05	-5.8427099	-0.019173268
377.6	3.6931712e-05	-5.8428122	-0.019271689
378.24	3.632048e-05	-5.8428165	-0.019230144
378.88	3.7594258e-05	-5.8428503	-0.019304669
379.52	3.773673e-05	-5.8427987	-0.019296088
380.16	3.7415052e-05	-5.8428302	-0.019175451
380.8	3.8368817e-05	-5.8427887	-0.019324953
381.44	3.7783309e-05	-5.8428436	-0.019254095
382.08	3.8236526e-05	-5.8428675	-0.019183137
382.72	3.767016e-05	-5.8427651	-0.019323696
383.36	3.7444768e-05	-5.8428401	-0.019294562
384	3.7692822e-05	-5.8428455	-0.019357273
384.64	3.592291e-05	-5.8428766	-0.019214411
385.28	3.7207922e-05	-5.8428265	-0.019250993
385.92	3.7223862e-05	-5.8428958	-0.019225783
386.56	3.7204833e-05	-5.84283	-0.019319608
387.2	3.8375224e-05	-5.842812	-0.019289981
387.84	3.8313243e-05	-5.8427698	-0.019256083
388.48	3.8518922e-05	-5.8427701	-0.019373789
389.12	3.7529958e-05	-5.8428534	-0.019201329
389.76	3.7186206e-05	-5.8427933	-0.019354261
390.4	3.6937556e-05	-5.8428634	-0.019237336
391.04	3.775087e-05	-5.8428319	-0.019299892
391.68	3.7222347e-05	-5.842794	-0.019209397
392.32	3.6966428e-05	-5.8427978	-0.019252942
392.96	3.7250337e-05	-5.8428439	-0.019368708
393.6	3.823399e-05	-5.842849	-0.019290332
394.24	3.7844043e-05	-5.8428018	-0.01922482
394.88	3.8133669e-05	-5.8427884	-0.019278115
395.52	3.7213988e-05	-5.8428904	-0.019352389
396.16	3.8087749e-05	-5.8428128	-0.019248385
396.8	3.6974774e-05	-5.8429007	-0.019277775
397.44	3.6789873e-05	-5.8427612	-0.019281905
398.08	3.7101164e-05	-5.842859	-0.019214819
398.72	3.7463646e-05	-5.8428727	-0.019325683
399.36	3.7669255e-05	-5.8429001	-0.019275496
400	3.8346206e-05	-5.8428211	-0.019199047
400.64	3.8354561e-05	-5.8428163	-0.019301032
401.28	3.7549076e-05	-5.8427878	-0.019227341
401.92	3.7522001e-05	-5.8428349	-0.019262955
402.56	3.7510173e-05	-5.8428216	-0.019278907
403.2	3.6891092e-05	-5.8428263	-0.01934922
403.84	3.657532e-05	-5.842761	-0.019315665
404.48	3.72883e-05	-5.8428452	-0.01926323
405.12	3.6610498e-05	-5.8428392	-0.019269295
405.76	3.7491736e-05	-5.8428765	-0.019386609
406.4	3.7547267e-05	-5.8428575	-0.019356283
407.04	3.7592427e-05	-5.842848	-0.019291423
407.68	3.8197783e-05	-5.842849	-0.019235748
408.32	3.7600176e-05	-5.8428816	-0.019317668
408.96	3.7264559e-05	-5.8427564	-0.019281579
409.6	3.714626e-05	-5.8428127	-0.019200291
410.24	3.6498206e-05	-5.8428168	-0.019255232
410.88	3.6957935e-05	-5.8427378	-0.019179796
411.52	3.7277821e-05	-5.842863	-0.01924784
412.16	3.8925197e-05	-5.8427895	-0.019199449
412.8	3.8027745e-05	-5.8428299	-0.019200147
413.44	3.7613091e-05	-5.8427969	-0.019249218
414.08	3.7459037e-05	-5.8428297	-0.019314411
414.72	3.810191e-05	-5.8428264	-0.019266333
415.36	3.712643e-05	-5.8427796	-0.019287003
416	3.682256e-05	-5.8428636	-0.019246479
416.64	3.661368e-05	-5.8428309	-0.019305276
417.28	3.693485e-05	-5.8428772	-0.019327305
417.92	3.7490246e-05	-5.8428119	-0.019394455
418.56	3.7672869e-05	-5.842816	-0.019202483
419.2	3.872601e-05	-5.8427562	-0.019253171
419.84	3.8531043e-05	-5.84277	-0.019304342
420.48	3.7988404e-05	-5.8428211	-0.019197294
421.12	3.7540973e-05	-5.8428074	-0.019273253
421.76	3.6602704e-05	-5.8428304	-0.019188583
422.4	3.7117138e-05	-5.8428081	-0.01926962
423.04	3.7221436e-05	-5.8428128	-0.019311206
423.68	3.7647371e-05	-5.8427848	-0.01920887
424.32	3.7122246e-05	-5.8428161	-0.019220817
424.96	3.8327776e-05	-5.8428073	-0.019278991
425.6	3.9185602e-05	-5.8428031	-0.019321402
426.24	3.794581e-05	-5.8428345	-0.019330096
426.88	3.7088147e-05	-5.8428017	-0.019188819
427.52	3.7365165e-05	-5.8428353	-0.019333979
428.16	3.7573241e-05	-5.8428547	-0.019313203
428.8	3.6506191e-05	-5.8427331	-0.01909583
429.44	3.6808253e-05	-5.8428542	-0.019301309
430.08	3.688178e-05	-5.8428072	-0.019237698
430.72	3.7756599e-05	-5.8428305	-0.019329366
431.36	3.7989309e-05	-5.8427929	-0.019156012
432	3.8225404e-05	-5.8428672	-0.01935069
432.64	3.8250514e-05	-5.8428675	-0.019520694
433.28	3.7826637e-05	-5.842863	-0.019295413
433.92	3.7189121e-05	-5.8427562	-0.019259017
434.56	3.6821285e-05	-5.8428448	-0.019211967
435.2	3.7133604e-05	-5.8428546	-0.019206441
435.84	3.6768739e-05	-5.8428541	-0.019332188
436.48	3.6976006e-05	-5.842835	-0.019243353
437.12	3.8507868e-05	-5.842887	-0.019350298
437.76	3.7785858e-05	-5.8428624	-0.019321004
438.4	3.760344e-05	-5.8428015	-0.019178763
439.04	3.7903917e-05	-5.8428532	-0.019401721
439.68	3.7217314e-05	-5.8428346	-0.019287529
440.32	3.7490813e-05	-5.8428542	-0.019383864
440.96	3.6632389e-05	-5.8427563	-0.019277585
441.6	3.6948602e-05	-5.8428358	-0.019188817
442.24	3.6732892e-05	-5.8428354	-0.019322777
442.88	3.7236819e-05	-5.8428073	-0.019350064
443.52	3.764055e-05	-5.8428163	-0.019346237
444.16	3.8379956e-05	-5.8428489	-0.019249414
444.8	3.7982929e-05	-5.8427973	-0.019247611
445.44	3.8276338e-05	-5.8427746	-0.019246258
446.08	3.7446946e-05	-5.842807	-0.019260402
446.72	3.721352e-05	-5.8428168	-0.019275057
447.36	3.6458781e-05	-5.8428538	-0.019348654
448	3.6629062e-05	-5.8427797	-0.019185089
448.64	3.7212876e-05	-5.8428311	-0.019304811
449.28	3.751975e-05	-5.8428493	-0.019331187
449.92	3.7288934e-05	-5.842867	-0.019356823
450.56	3.830819e-05	-5.8428442	-0.019258321
451.2	3.8042208e-05	-5.8428252	-0.019281832
451.84	3.7697426e-05	-5.8427973	-0.019261234
452.48	3.7621387e-05	-5.8428445	-0.019210064
453.12	3.7139051e-05	-5.8428494	-0.01931998
453.76	3.6601717e-05	-5.8428448	-0.019144381
454.4	3.727229e-05	-5.8428176	-0.019182879
455.04	3.6346338e-05	-5.842793	-0.019152273
455.68	3.7877366e-05	-5.8427891	-0.019264758
456.32	3.8736285e-05	-5.8428125	-0.019197082
456.96	3.7645639e-05	-5.8428109	-0.01926379
457.6	3.8257563e-05	-5.8428487	-0.019327265
458.24	3.8062106e-05	-5.8428071	-0.019225548
458.88	3.7625856e-05	-5.8427841	-0.019262804
459.52	3.6705171e-05	-5.8428677	-0.019306441
460.16	3.7760097e-05	-5.8428832	-0.019291835
460.8	3.700958e-05	-5.8428312	-0.019208987
461.44	3.7617874e-05	-5.84285	-0.019286251
462.08	3.7057887e-05	-5.8427743	-0.019278214
462.72	3.7930053e-05	-5.8427418	-0.01929386
463.36	3.8002185e-05	-5.842867	-0.019155223
464	3.7764447e-05	-5.8427784	-0.019433117
464.64	3.8189964e-05	-5.8428166	-0.019240571
465.28	3.7507191e-05	-5.842826	-0.019314141
465.92	3.7265381e-05	-5.8428126	-0.019208782
466.56	3.6725368e-05	-5.8428403	-0.019268293
467.2	3.7386559e-05	-5.842799	-0.019326806
467.84	3.7140998e-05	-5.8428215	-0.019264115
468.48	3.7822951e-05	-5.8428214	-0.019365239
469.12	3.7003433e-05	-5.8428012	-0.019350269
469.76	3.8053155e-05	-5.8428856	-0.019195593
470.4	3.7918296e-05	-5.8428345	-0.01922873
471.04	3.7754766e-05	-5.8429047	-0.019338323
471.68	3.7358575e-05	-5.8429144	-0.019312835
472.32	3.7355863e-05	-5.8428174	-0.019376531
472.96	3.6417908e-05	-5.8427888	-0.019354979
473.6	3.6730636e-05	-5.8428169	-0.0192515
474.24	3.6882311e-05	-5.8427885	-0.019192678
474.88	3.7411632e-05	-5.8428208	-0.019346692
475.52	3.7712572e-05	-5.8428577	-0.019442728
476.16	3.7910098e-05	-5.8428762	-0.019325808
476.8	3.7912228e-05	-5.8428625	-0.019263754
477.44	3.8061468e-05	-5.8428121	-0.019220967
478.08	3.7282052e-05	-5.8427656	-0.019204929
478.72	3.6720107e-05	-5.8428075	-0.019203897
479.36	3.6645314e-05	-5.8428681	-0.01926776
480	3.6676526e-05	-5.8428121	-0.019311336
480.64	3.6671211e-05	-5.8428673	-0.019204519
481.28	3.7701853e-05	-5.8428629	-0.019216245
481.92	3.7447216e-05	-5.8428109	-0.019177796
482.56	3.9054746e-05	-5.8428355	-0.019291758
483.2	3.8402859e-05	-5.8428026	-0.019403187
483.84	3.8606189e-05	-5.8427895	-0.019160173
484.48	3.6677947e-05	-5.8427976	-0.019347857
485.12	3.7055557e-05	-5.8427614	-0.01916101
485.76	3.6910251e-05	-5.8428032	-0.019191074
486.4	3.7055625e-05	-5.8428496	-0.019215952
487.04	3.7505001e-05	-5.8428122	-0.019335916
487.68	3.7618631e-05	-5.8428441	-0.019305126
488.32	3.7866082e-05	-5.8428113	-0.01931476
488.96	3.7787129e-05	-5.8427832	-0.019419011
489.6	3.7164023e-05	-5.8428666	-0.019298265
490.24	3.7582827e-05	-5.8428304	-0.019343307
490.88	3.7577707e-05	-5.8428404	-0.019214652
491.52	3.6919986e-05	-5.8427845	-0.019295527
492.16	3.7015121e-05	-5.8428079	-0.019306772
492.8	3.6917572e-05	-5.8428261	-0.019125613
493.44	3.7428296e-05	-5.8428167	-0.019407821
494.08	3.7637161e-05	-5.8427883	-0.019272903
494.72	3.8504994e-05	-5.842784	-0.01947684
495.36	3.7855528e-05	-5.8428344	-0.01926308
496	3.8044175e-05	-5.8428303	-0.019211365
496.64	3.747651e-05	-5.8428257	-0.019303575
497.28	3.6148933e-05	-5.8428111	-0.019217862
497.92	3.7331774e-05	-5.8428546	-0.019304756
498.56	3.6824751e-05	-5.8428031	-0.019183112
499.2	3.6971196e-05	-5.8428727	-0.019426729
499.84	3.7971736e-05	-5.8427474	-0.019187964
