0	0.0014641541	-5.8482081	-0.026303427
0.64	0.0014872471	-5.8482965	-0.027140783
1.28	0.0014727939	-5.8483316	-0.025998059
1.92	0.0015120818	-5.8481353	-0.026350647
2.56	0.001521832	-5.8481731	-0.02591936
3.2	0.0015241566	-5.848051	-0.025953563
3.84	0.0015205553	-5.8481215	-0.027613892
4.48	0.0015098998	-5.8481503	-0.026428549
5.12	0.0015001768	-5.8482228	-0.025118901
5.76	0.0014835956	-5.8482584	-0.026990939
6.4	0.0014878712	-5.8481676	-0.027154969
7.04	0.0014897978	-5.8481659	-0.025962096
7.68	0.0015023638	-5.8481207	-0.026862635
8.32	0.0015307836	-5.8482302	-0.026682213
8.96	0.0015127857	-5.8480397	-0.02648607
9.6	0.0015219577	-5.8480194	-0.026606584
10.24	0.0015322357	-5.8482002	-0.026698573
10.88	0.0014982809	-5.848171	-0.026903783
11.52	0.0014791977	-5.8482529	-0.026287647
12.16	0.0014808778	-5.8481555	-0.025907161
12.8	0.0014584077	-5.8481189	-0.026212704
13.44	0.0014688843	-5.8480727	-0.025918994
14.08	0.0014910318	-5.8481273	-0.026822173
14.72	0.0014844146	-5.847938	-0.026023737
15.36	0.0015371586	-5.848314	-0.027644913
16	0.0015178173	-5.8482256	-0.026259735
16.64	0.0015370133	-5.8482264	-0.026896465
17.28	0.0015189699	-5.8483633	-0.026090992
17.92	0.0014775306	-5.8480963	-0.026109384
18.56	0.0014880273	-5.8481916	-0.026206148
19.2	0.0014944453	-5.8482276	-0.026629422
19.84	0.0014811242	-5.8481333	-0.026708321
20.48	0.0014812717	-5.8479941	-0.025874325
21.12	0.0015261413	-5.8482084	-0.026886471
21.76	0.0015417321	-5.8481157	-0.027427591
22.4	0.0015275179	-5.8479621	-0.02582861
23.04	0.0015336176	-5.8481752	-0.026641278
23.68	0.001518812	-5.8481812	-0.026691178
24.32	0.0015085015	-5.8481874	-0.02598868
24.96	0.0014547471	-5.8482819	-0.027285224
25.6	0.0014864971	-5.8481855	-0.026670907
26.24	0.0014916321	-5.8482795	-0.026096688
26.88	0.0015139205	-5.8481754	-0.026003999
27.52	0.0014942328	-5.8481745	-0.026601794
28.16	0.0015199358	-5.8480887	-0.026396771
28.8	0.0015481404	-5.8481634	-0.026512278
29.44	0.0014994994	-5.848025	-0.025848402
30.08	0.001502562	-5.8480586	-0.026991495
30.72	0.0014854357	-5.8481346	-0.026958066
31.36	0.0014700405	-5.8481472	-0.027181798
32	0.0014800802	-5.8481917	-0.026257677
32.64	0.0014943046	-5.8483124	-0.025793973
33.28	0.0015049632	-5.8483495	-0.026955404
33.92	0.0015166719	-5.8482391	-0.02625936
34.56	0.0015101929	-5.8480966	-0.026924807
35.2	0.0015035609	-5.8480469	-0.026013158
35.84	0.0015205498	-5.8482205	-0.025904023
36.48	0.0014852505	-5.8481561	-0.026521993
37.12	0.0014936267	-5.8482799	-0.025681414
37.76	0.0014786712	-5.8480976	-0.026290373
38.4	0.0014655064	-5.848358	-0.026969196
39.04	0.0014937186	-5.848261	-0.026679683
39.68	0.0015043946	-5.8481668	-0.026915794
40.32	0.0015126385	-5.8480635	-0.026550052
40.96	0.0015476371	-5.8482911	-0.026039022
41.6	0.0015363764	-5.8480447	-0.026158261
42.24	0.0015310054	-5.8480969	-0.026353588
42.88	0.0014946626	-5.8480416	-0.026691613
43.52	0.0014713721	-5.8482522	-0.02627032
44.16	0.0014833096	-5.8480686	-0.027203231
44.8	0.0014700106	-5.8480054	-0.02734236
45.44	0.0014809101	-5.8482489	-0.026374901
46.08	0.0014945546	-5.8481432	-0.026126805
46.72	0.0014821558	-5.8479364	-0.026247824
47.36	0.0015312744	-5.848133	-0.025913241
48	0.0015211094	-5.8482832	-0.025784815
48.64	0.0014758045	-5.8482158	-0.027477852
49.28	0.0015030302	-5.8481998	-0.026160796
49.92	0.0014713304	-5.8483442	-0.026490374
50.56	0.0014781623	-5.8481704	-0.025593858
51.2	0.0014907131	-5.8481817	-0.026581432
51.84	0.0014960276	-5.8483476	-0.026432164
52.48	0.001511067	-5.8482004	-0.026329328
53.12	0.0015312704	-5.8479399	-0.026580437
53.76	0.0014973094	-5.8480604	-0.026307202
54.4	0.001511966	-5.8482642	-0.025851609
55.04	0.0015017357	-5.8482638	-0.026672246
55.68	0.0014780845	-5.8480793	-0.025649796
56.32	0.0014703881	-5.848224	-0.027530317
56.96	0.0014849876	-5.8482714	-0.026896939
57.6	0.0014830965	-5.8483114	-0.026364927
58.24	0.0014918414	-5.8481976	-0.026183511
58.88	0.0015106526	-5.8481487	-0.026381639
59.52	0.0015208429	-5.8480131	-0.026032145
60.16	0.0015155485	-5.8482178	-0.026208187
60.8	0.0015105802	-5.8482101	-0.026129949
61.44	0.0014894089	-5.848187	-0.026245077
62.08	0.0014833717	-5.8481974	-0.026364896
62.72	0.0014700785	-5.8481361	-0.026116049
63.36	0.0014644651	-5.8482168	-0.026500252
64	0.0014816392	-5.8482085	-0.026800216
64.64	0.0014806104	-5.8482352	-0.027077429
65.28	0.0015323925	-5.8480916	-0.026804032
65.92	0.0015192219	-5.8482776	-0.026555032
66.56	0.0015094453	-5.8479814	-0.02597001
67.2	0.001478883	-5.8481712	-0.026452017
67.84	0.0014839968	-5.8482842	-0.026027603
68.48	0.0014904568	-5.8481922	-0.026898304
69.12	0.0014893002	-5.848128	-0.026637336
69.76	0.0014816745	-5.8483301	-0.027499515
70.4	0.0014879978	-5.8480473	-0.026368931
71.04	0.0015054843	-5.8480816	-0.026152055
71.68	0.0015075001	-5.8481148	-0.025371013
72.32	0.0015130713	-5.8483007	-0.025829133
72.96	0.0015382071	-5.8482018	-0.026094786
73.6	0.001511069	-5.8480662	-0.026789832
74.24	0.0014870516	-5.8481708	-0.025690726
74.88	0.0014643116	-5.8481425	-0.026689318
75.52	0.0014728264	-5.8480859	-0.027050589
76.16	0.0014696347	-5.8481202	-0.026852049
76.8	0.0014691642	-5.8481865	-0.026177079
77.44	0.0015076319	-5.8482168	-0.025977826
78.08	0.0014828992	-5.8480364	-0.026337398
78.72	0.0015215663	-5.8480301	-0.026156007
79.36	0.0015327642	-5.8481357	-0.026688493
80	0.0015029483	-5.8481564	-0.026564469
80.64	0.001480621	-5.8482192	-0.026706186
81.28	0.0014878383	-5.8482379	-0.027293513
81.92	0.0014966869	-5.8481932	-0.025712392
82.56	0.0014553734	-5.8483169	-0.026879991
83.2	0.0015087096	-5.8483046	-0.026008914
83.84	0.0015088545	-5.848117	-0.026011501
84.48	0.0015149452	-5.8483162	-0.026764148
85.12	0.0015360567	-5.8484114	-0.025751114
85.76	0.0015158823	-5.848146	-0.026696699
86.4	0.0014875539	-5.8480437	-0.02652115
87.04	0.0014959608	-5.8482017	-0.026232239
87.68	0.0014786973	-5.8482167	-0.026650919
88.32	0.0014904201	-5.8482834	-0.02695236
88.96	0.0014812074	-5.8481582	-0.027062226
89.6	0.0015096307	-5.8482967	-0.026593143
90.24	0.0015223048	-5.8482426	-0.026526045
90.88	0.0015054536	-5.848044	-0.026026123
91.52	0.0015418618	-5.8481934	-0.026977697
92.16	0.0014995136	-5.8480249	-0.026940527
92.8	0.0014868894	-5.8481827	-0.026106893
93.44	0.0014786482	-5.8480871	-0.026869284
94.08	0.0014791841	-5.8482678	-0.026408865
94.72	0.0014427164	-5.8482518	-0.026268552
95.36	0.0014688453	-5.8480735	-0.026460744
96	0.0014921459	-5.8481772	-0.026628199
96.64	0.0015122893	-5.8482376	-0.027100746
97.28	0.0014979342	-5.8480941	-0.026009554
97.92	0.0014954982	-5.8481486	-0.025774027
98.56	0.0015366941	-5.8481328	-0.026563264
99.2	0.0014758154	-5.848269	-0.02651668
99.84	0.0014824067	-5.8481568	-0.026439734
100.48	0.0014475833	-5.8480489	-0.026853576
101.12	0.0014945053	-5.848142	-0.026383592
101.76	0.0014582222	-5.8482486	-0.025765874
102.4	0.0014989333	-5.8481231	-0.026895615
103.04	0.0015067387	-5.8480785	-0.026037429
103.68	0.0015056017	-5.8480832	-0.026266805
104.32	0.0015180696	-5.8482714	-0.025912622
104.96	0.0015111775	-5.8481189	-0.027093279
105.6	0.001499562	-5.8483112	-0.026629671
106.24	0.0014466694	-5.8483413	-0.026233352
106.88	0.0014797624	-5.8481911	-0.026980361
107.52	0.0014615029	-5.848252	-0.026613043
108.16	0.0014981963	-5.8481584	-0.02635915
108.8	0.0014917268	-5.8481534	-0.026490833
109.44	0.0014970578	-5.8484244	-0.025881093
110.08	0.0014937445	-5.8481357	-0.02627361
110.72	0.0015185593	-5.8483798	-0.026953339
111.36	0.0015175361	-5.8480804	-0.026086167
112	0.0015164243	-5.8480528	-0.026321212
112.64	0.0014917375	-5.8479343	-0.026382274
113.28	0.0014792855	-5.8482983	-0.026935292
113.92	0.0014707364	-5.8482322	-0.026657913
114.56	0.0014787084	-5.8480634	-0.026138736
115.2	0.0014798599	-5.8482114	-0.027249689
115.84	0.0014975512	-5.8480911	-0.025769502
116.48	0.0015185447	-5.848178	-0.026182835
117.12	0.0015226608	-5.8481074	-0.025838591
117.76	0.0015029467	-5.8481767	-0.026718723
118.4	0.0014861619	-5.8482022	-0.026647816
119.04	0.001476258	-5.8481116	-0.026270555
119.68	0.0014791865	-5.8481843	-0.026825327
120.32	0.0014298525	-5.8481018	-0.026272676
120.96	0.0014802664	-5.8479632	-0.026318421
121.6	0.0015278713	-5.8483118	-0.026949496
122.24	0.0015190549	-5.8480638	-0.026362503
122.88	0.0015494156	-5.8480628	-0.026917964
123.52	0.0015081082	-5.8481782	-0.026457797
124.16	0.0015464245	-5.8482665	-0.026091879
124.8	0.0014976623	-5.8483304	-0.026694721
125.44	0.0014615324	-5.8482547	-0.02646303
126.08	0.0014746406	-5.848314	-0.026041812
126.72	0.001485409	-5.8482515	-0.026639967
127.36	0.0015080067	-5.8482179	-0.025981778
128	0.0014984852	-5.8480907	-0.026574827
128.64	0.0015221313	-5.8481003	-0.026845595
129.28	0.0015239195	-5.8481133	-0.026382023
129.92	0.0015338186	-5.8482448	-0.02640811
130.56	0.0014929351	-5.8483626	-0.02609319
131.2	0.0014794167	-5.8481776	-0.026448219
131.84	0.0014794011	-5.8483343	-0.026393093
132.48	0.001480696	-5.848204	-0.02640399
133.12	0.0014834675	-5.8483863	-0.026202972
133.76	0.0014885069	-5.8482232	-0.02716704
134.4	0.0015123994	-5.8479896	-0.025997038
135.04	0.0015306406	-5.8482588	-0.025911738
135.68	0.0015411598	-5.84834	-0.026101425
136.32	0.0015123619	-5.8481792	-0.026528187
136.96	0.0015095284	-5.8481668	-0.026349983
137.6	0.0014848885	-5.8481155	-0.026846856
138.24	0.0014855073	-5.8481476	-0.026716904
138.88	0.001474742	-5.8482158	-0.02651576
139.52	0.0014806286	-5.8479697	-0.026438336
140.16	0.001515491	-5.8481429	-0.026987778
140.8	0.001521514	-5.8482384	-0.026600129
141.44	0.0015153842	-5.8483181	-0.026261459
142.08	0.0014865013	-5.8480218	-0.027191397
142.72	0.0015114653	-5.8483462	-0.026515881
143.36	0.0015057008	-5.8482351	-0.026323523
144	0.0014778774	-5.8483156	-0.026982017
144.64	0.0014724573	-5.8482131	-0.026358298
145.28	0.0014844528	-5.8482875	-0.027083132
145.92	0.0014686601	-5.8482752	-0.026426399
146.56	0.0014761124	-5.8478495	-0.025792378
147.2	0.0015083704	-5.8479348	-0.026772966
147.84	0.0015257579	-5.8482202	-0.026726545
148.48	0.0015160429	-5.8481777	-0.026322049
149.12	0.0015161211	-5.848201	-0.026384115
149.76	0.0014914904	-5.8482757	-0.027328755
150.4	0.0014808331	-5.8483183	-0.026346925
151.04	0.0014800929	-5.8483447	-0.026165707
151.68	0.0014818036	-5.8481448	-0.026791803
152.32	0.001469012	-5.8480997	-0.027021163
152.96	0.0014799091	-5.8480512	-0.025710364
153.6	0.0015299119	-5.8480981	-0.025576555
154.24	0.0015121468	-5.8481952	-0.026181406
154.88	0.0015417774	-5.8482083	-0.025682432
155.52	0.0015156669	-5.8480843	-0.026773086
156.16	0.0014975846	-5.8481738	-0.025794287
156.8	0.0014734507	-5.8481257	-0.026813218
157.44	0.0014680332	-5.8482954	-0.025719968
158.08	0.0014494229	-5.8481846	-0.026669517
158.72	0.0015060293	-5.8481911	-0.027767106
159.36	0.0015016605	-5.8481569	-0.027109187
160	0.0015158035	-5.8482586	-0.025768559
160.64	0.0015208922	-5.8480824	-0.025519303
161.28	0.0015241735	-5.8481706	-0.026500231
161.92	0.0015130866	-5.8482718	-0.026942804
162.56	0.0015001603	-5.8482535	-0.027100355
163.2	0.0014586272	-5.8480811	-0.02662707
163.84	0.001463024	-5.8482882	-0.026969199
164.48	0.0014702648	-5.8480221	-0.027149244
165.12	0.0014999085	-5.8480836	-0.026289332
165.76	0.0014882777	-5.8481841	-0.027220666
166.4	0.0015296548	-5.8480451	-0.025896183
167.04	0.0015073101	-5.8482775	-0.026550895
167.68	0.001506734	-5.8481293	-0.026323635
168.32	0.0015136101	-5.8482124	-0.025783126
168.96	0.0014825442	-5.8480883	-0.026431779
169.6	0.0015013495	-5.8483028	-0.026171702
170.24	0.0014679152	-5.8481065	-0.026397408
170.88	0.0015049409	-5.8482761	-0.026092969
171.52	0.0014888568	-5.8483141	-0.026598105
172.16	0.0015226402	-5.8481855	-0.026215459
172.8	0.0015170044	-5.8481515	-0.027145946
173.44	0.0015056346	-5.847973	-0.026048257
174.08	0.0015183807	-5.848147	-0.026726851
174.72	0.0014888112	-5.8480716	-0.026400753
175.36	0.0014794943	-5.8481271	-0.026167844
176	0.0014768223	-5.848259	-0.027026078
176.64	0.0014408619	-5.848131	-0.026667559
177.28	0.0014874116	-5.8481686	-0.026469484
177.92	0.0015230162	-5.848163	-0.026788483
178.56	0.0015046943	-5.848318	-0.026471944
179.2	0.0015275514	-5.8481299	-0.026288144
179.84	0.0015200184	-5.8480986	-0.027051104
180.48	0.0015148973	-5.8480938	-0.026474568
181.12	0.0015040075	-5.8481626	-0.026305797
181.76	0.0014829073	-5.8482115	-0.027036808
182.4	0.0014757012	-5.8481357	-0.026099813
183.04	0.0014759532	-5.848068	-0.0264115
183.68	0.0014843773	-5.8481747	-0.02716126
184.32	0.0015205226	-5.8481832	-0.025949487
184.96	0.0015101034	-5.8483211	-0.026022341
185.6	0.0014983327	-5.8482281	-0.026166907
186.24	0.0014993091	-5.8480685	-0.026556141
186.88	0.001512384	-5.8482123	-0.027077131
187.52	0.0015026124	-5.8482426	-0.026292166
188.16	0.0014920533	-5.8482512	-0.02610179
188.8	0.0014632159	-5.8482042	-0.026161459
189.44	0.0014640039	-5.8481582	-0.02650564
190.08	0.0015074903	-5.8483448	-0.026100632
190.72	0.001503588	-5.8482262	-0.026517203
191.36	0.0015123968	-5.8480352	-0.025794368
192	0.0015172209	-5.8480727	-0.026805934
192.64	0.0015184058	-5.8481505	-0.026630417
193.28	0.0015111319	-5.8480437	-0.026906944
193.92	0.0014991771	-5.8481759	-0.026317183
194.56	0.0014931469	-5.8482741	-0.027114342
195.2	0.0014759719	-5.8482083	-0.026811541
195.84	0.0014710722	-5.8483071	-0.026535394
196.48	0.0014953838	-5.8479842	-0.026613954
197.12	0.0015141764	-5.8479997	-0.026490401
197.76	0.0015191662	-5.8482871	-0.025848108
198.4	0.0015132864	-5.8482094	-0.026852931
199.04	0.0015503945	-5.8482203	-0.026091044
199.68	0.0015234659	-5.8480618	-0.025618537
200.32	0.0015150601	-5.8481813	-0.02653856
200.96	0.0014934871	-5.8482361	-0.026786234
201.6	0.001456751	-5.8480808	-0.026392631
202.24	0.0014535314	-5.8481462	-0.026988943
202.88	0.0015018032	-5.8481733	-0.027024539
203.52	0.0015098328	-5.8483006	-0.026155333
204.16	0.001519929	-5.848207	-0.026211539
204.8	0.0015294423	-5.8480031	-0.0261666
205.44	0.001515937	-5.8481287	-0.027211989
206.08	0.0015096754	-5.8480838	-0.026655109
206.72	0.0014930726	-5.848314	-0.026961901
207.36	0.0014846083	-5.8481653	-0.025949594
208	0.0014718269	-5.8481979	-0.025410204
208.64	0.0014874662	-5.8481529	-0.026643575
209.28	0.0014915433	-5.8481987	-0.02649748
209.92	0.0014913605	-5.8482308	-0.026587092
210.56	0.001506942	-5.8479853	-0.026428221
211.2	0.0015087889	-5.8482062	-0.027070623
211.84	0.0015152411	-5.8482532	-0.026005141
212.48	0.0014839753	-5.8480935	-0.026635295
213.12	0.0014899294	-5.8481454	-0.026469299
213.76	0.0014955762	-5.8482547	-0.026548406
214.4	0.0014756993	-5.8482328	-0.026720116
215.04	0.001480473	-5.8482525	-0.026373169
215.68	0.0014806585	-5.8481266	-0.025765279
216.32	0.0015146738	-5.8481222	-0.025508545
216.96	0.0015285206	-5.8481115	-0.027507754
217.6	0.0015216935	-5.8482467	-0.025938692
218.24	0.0015392683	-5.8481401	-0.026997713
218.88	0.0014926085	-5.8481755	-0.026342396
219.52	0.001493852	-5.8480709	-0.026366049
220.16	0.0014774539	-5.848152	-0.027225067
220.8	0.0014991558	-5.84809	-0.025607679
221.44	0.0014633408	-5.8483355	-0.026285923
222.08	0.0014989369	-5.848281	-0.026194618
222.72	0.0015111749	-5.8482308	-0.026168077
223.36	0.0015499171	-5.8481198	-0.026736844
224	0.0015165873	-5.8482363	-0.026326725
224.64	0.001498947	-5.8481536	-0.02656934
225.28	0.001495159	-5.8480528	-0.026249559
225.92	0.0014698039	-5.8483302	-0.026655094
226.56	0.0015034622	-5.8482667	-0.026464648
227.2	0.0014713611	-5.8479582	-0.026429359
227.84	0.0014793895	-5.848019	-0.02560222
228.48	0.0015008009	-5.8483527	-0.026668985
229.12	0.0015120092	-5.8481176	-0.027053459
229.76	0.0015318274	-5.8482043	-0.027479682
230.4	0.0015451669	-5.8480471	-0.026551322
231.04	0.0015390706	-5.8481271	-0.026153604
231.68	0.0014937331	-5.8482236	-0.026199753
232.32	0.0014805522	-5.8482334	-0.026927055
232.96	0.0014773721	-5.8482288	-0.02621038
233.6	0.0014790685	-5.8482196	-0.026889314
234.24	0.0014562677	-5.8479576	-0.026980363
234.88	0.0015105178	-5.8482533	-0.025618289
235.52	0.0015109023	-5.8482052	-0.026127492
236.16	0.0015106555	-5.8480328	-0.026258274
236.8	0.00151141	-5.8480322	-0.026712704
237.44	0.0015263838	-5.8482053	-0.026248969
238.08	0.0014823017	-5.848218	-0.026399793
238.72	0.0014597061	-5.8480662	-0.026210077
239.36	0.0015095064	-5.8480475	-0.026235859
240	0.001487458	-5.8482622	-0.026826386
240.64	0.0014834929	-5.8481248	-0.026994316
241.28	0.0014998938	-5.8482674	-0.02682304
241.92	0.0015270998	-5.8483054	-0.025992705
242.56	0.0014964538	-5.8480686	-0.025982861
243.2	0.0015121029	-5.8481122	-0.027165195
243.84	0.0014960836	-5.8481613	-0.025845639
244.48	0.0014645912	-5.8481784	-0.026215185
245.12	0.0014870318	-5.8481898	-0.026421799
245.76	0.0014682802	-5.8483593	-0.02730369
246.4	0.0014619706	-5.8480724	-0.026779862
247.04	0.0014886558	-5.848245	-0.025416752
247.68	0.0015043717	-5.847918	-0.026641899
248.32	0.0015167244	-5.8481224	-0.026590885
248.96	0.0015026197	-5.8481649	-0.02681758
249.6	0.0014986782	-5.8481104	-0.025846401
250.24	0.0014950855	-5.848176	-0.026457294
250.88	0.0014888959	-5.8482518	-0.02667657
251.52	0.0015074081	-5.8482228	-0.026068515
252.16	0.0014617479	-5.8481457	-0.026695526
252.8	0.00147841	-5.8483767	-0.026508256
253.44	0.0014767036	-5.8481535	-0.027207666
254.08	0.0014862399	-5.8481275	-0.026767258
254.72	0.0015116192	-5.8480601	-0.026996145
255.36	0.0015130043	-5.848125	-0.026434806
256	0.0015094491	-5.8484587	-0.026133385
256.64	0.0015144842	-5.8480321	-0.026157932
257.28	0.0014922169	-5.848198	-0.026525586
257.92	0.0014709589	-5.848223	-0.026416629
258.56	0.0014637742	-5.8479774	-0.025576475
259.2	0.0014723644	-5.8481818	-0.026529327
259.84	0.0014926562	-5.8482612	-0.026168057
260.48	0.001506723	-5.8481902	-0.026688988
261.12	0.0015261802	-5.8481884	-0.026621557
261.76	0.0015388625	-5.8481596	-0.026728692
262.4	0.0015302871	-5.8481595	-0.026427449
263.04	0.0014620735	-5.8480863	-0.025999509
263.68	0.0015114871	-5.8481383	-0.02697439
264.32	0.0014829335	-5.8481169	-0.026550486
264.96	0.00147666	-5.8482105	-0.02623815
265.6	0.0014779701	-5.84835	-0.026472578
266.24	0.0014965718	-5.8481638	-0.026766113
266.88	0.001504707	-5.8480757	-0.026123285
267.52	0.0015522835	-5.8481672	-0.026898642
268.16	0.0015341565	-5.8483044	-0.026513642
268.8	0.0015018828	-5.8482297	-0.025926097
269.44	0.0014911697	-5.8481436	-0.026282115
270.08	0.0014678174	-5.8483207	-0.026775915
270.72	0.0014741978	-5.848247	-0.026953692
271.36	0.0014406013	-5.8482362	-0.026785106
272	0.0014836208	-5.8482015	-0.026563084
272.64	0.0014695469	-5.8480579	-0.026198566
273.28	0.0015303207	-5.8482238	-0.026998702
273.92	0.0015142722	-5.8481998	-0.0267051
274.56	0.0015398635	-5.8481968	-0.025515474
275.2	0.0015199301	-5.8482205	-0.026425964
275.84	0.0015239319	-5.8481906	-0.027123436
276.48	0.0015159134	-5.8481952	-0.026224518
277.12	0.0014692107	-5.8482008	-0.027201803
277.76	0.0014653675	-5.848105	-0.026071158
278.4	0.0014812755	-5.8480275	-0.026417054
279.04	0.0015134374	-5.8482559	-0.025944321
279.68	0.0015246255	-5.84815	-0.026308248
280.32	0.0015352476	-5.8482303	-0.025993827
280.96	0.0015276513	-5.8480181	-0.02630664
281.6	0.0015291065	-5.848236	-0.027037672
282.24	0.0014719965	-5.848175	-0.026735254
282.88	0.0014575554	-5.8481885	-0.027096994
283.52	0.0014681138	-5.8481055	-0.026334187
284.16	0.0014698351	-5.8483218	-0.026362019
284.8	0.0014979787	-5.8481179	-0.02625743
285.44	0.0014875897	-5.8482005	-0.025795673
286.08	0.0014930563	-5.8481323	-0.026071035
286.72	0.0015308442	-5.8480946	-0.026604604
287.36	0.001528359	-5.8482743	-0.025805762
288	0.0015086239	-5.8480786	-0.026022119
288.64	0.001494448	-5.8482545	-0.026545498
289.28	0.0014729686	-5.8481964	-0.025898
289.92	0.0014650407	-5.8483702	-0.027009405
290.56	0.001487063	-5.8484474	-0.026473431
291.2	0.001480994	-5.8481018	-0.026348191
291.84	0.0014919854	-5.8482228	-0.02666625
292.48	0.0015077759	-5.8480371	-0.025518398
293.12	0.0015185254	-5.8480539	-0.025803971
293.76	0.0014947927	-5.8481506	-0.026600739
294.4	0.0015423592	-5.8480933	-0.026181463
295.04	0.0014809199	-5.8480881	-0.026565248
295.68	0.0014657631	-5.8481798	-0.02605899
296.32	0.0014714802	-5.8481774	-0.027070661
296.96	0.0014714042	-5.8481782	-0.026557921
297.6	0.0014797959	-5.8481739	-0.026061302
298.24	0.0014913283	-5.8483289	-0.02599124
298.88	0.0015229513	-5.8480161	-0.026681815
299.52	0.0015008648	-5.8480169	-0.026133116
300.16	0.0015320375	-5.8481012	-0.025972684
300.8	0.0014777053	-5.8480617	-0.026988117
301.44	0.0015022516	-5.8482069	-0.025633761
302.08	0.0014721898	-5.8481436	-0.027208778
302.72	0.0014709455	-5.8481228	-0.02640213
303.36	0.0014798631	-5.8480116	-0.025350918
304	0.0015001777	-5.8481524	-0.02606597
304.64	0.0015277289	-5.8481554	-0.02628757
305.28	0.0015352512	-5.8481883	-0.026300905
305.92	0.0015287633	-5.848119	-0.026866056
306.56	0.0015327676	-5.8481795	-0.026768686
307.2	0.0015158286	-5.8481915	-0.026524896
307.84	0.0014493583	-5.8481416	-0.026335143
308.48	0.001487204	-5.8480778	-0.026238674
309.12	0.0014793802	-5.8482235	-0.025933135
309.76	0.0014765267	-5.8480751	-0.02649485
310.4	0.0015031551	-5.8484156	-0.025518819
311.04	0.001519679	-5.8481052	-0.02710536
311.68	0.0015103289	-5.8480865	-0.026464674
312.32	0.0015279359	-5.8483093	-0.026628821
312.96	0.0015183246	-5.8481644	-0.026037451
313.6	0.0014916203	-5.8481054	-0.026379711
314.24	0.0014827583	-5.8482634	-0.02642884
314.88	0.0014663509	-5.8481787	-0.026890009
315.52	0.0014834417	-5.848257	-0.025858175
316.16	0.0014509471	-5.848199	-0.026121172
316.8	0.0014961629	-5.8481335	-0.026061653
317.44	0.0015326093	-5.8482031	-0.02602545
318.08	0.0015085602	-5.8480976	-0.026706931
318.72	0.00153426	-5.8483593	-0.025530019
319.36	0.0015155215	-5.848193	-0.02607445
320	0.0015042168	-5.8482934	-0.026584403
320.64	0.0015010946	-5.8482113	-0.026936582
321.28	0.0014415058	-5.8479248	-0.02740438
321.92	0.001493804	-5.848118	-0.025142384
322.56	0.001483969	-5.8483004	-0.026306518
323.2	0.0015106276	-5.8483896	-0.026465138
323.84	0.0015177195	-5.848115	-0.026776087
324.48	0.0015109216	-5.8481032	-0.026300918
325.12	0.0015298663	-5.8481247	-0.02563547
325.76	0.0015068721	-5.8481854	-0.027278124
326.4	0.0015126954	-5.8481027	-0.026216479
327.04	0.0015001822	-5.8482958	-0.027358081
327.68	0.0014866602	-5.848185	-0.027068166
328.32	0.0014805776	-5.8482228	-0.026335759
328.96	0.0014604158	-5.8481293	-0.026436281
329.6	0.0014855845	-5.848157	-0.025840022
330.24	0.0015272454	-5.8481254	-0.026725531
330.88	0.0015193591	-5.8480006	-0.026545564
331.52	0.0015203185	-5.8481556	-0.026475371
332.16	0.001496321	-5.848064	-0.026833027
332.8	0.0015179195	-5.8480793	-0.02685704
333.44	0.0014799999	-5.84825	-0.026197769
334.08	0.0014756253	-5.8481788	-0.026162947
334.72	0.0014610597	-5.848237	-0.026052157
335.36	0.0014813682	-5.8481595	-0.025810331
336	0.0015253202	-5.8482648	-0.026007364
336.64	0.0015200873	-5.8481002	-0.026178777
337.28	0.0015408994	-5.8481365	-0.026994734
337.92	0.0015215072	-5.8481146	-0.026317343
338.56	0.001493466	-5.848192	-0.026927008
339.2	0.001488961	-5.8481741	-0.026081968
339.84	0.0014909647	-5.8480881	-0.02594574
340.48	0.0014684529	-5.8481708	-0.026090964
341.12	0.0014774889	-5.8481884	-0.026526693
341.76	0.0015011163	-5.8482796	-0.026735473
342.4	0.0015063629	-5.8481143	-0.026041391
343.04	0.001526718	-5.8482693	-0.026506212
343.68	0.0015168199	-5.8482788	-0.026328423
344.32	0.0015217545	-5.8480945	-0.026628737
344.96	0.0014953817	-5.8482019	-0.026532826
345.6	0.0014851229	-5.8481999	-0.026546338
346.24	0.0014901789	-5.848173	-0.026662911
346.88	0.001473734	-5.8482199	-0.026565823
347.52	0.0015032688	-5.8483478	-0.02695497
348.16	0.001489924	-5.8482509	-0.026377951
348.8	0.0015091542	-5.8481138	-0.026793212
349.44	0.0015212029	-5.8480377	-0.026258657
350.08	0.0014828551	-5.848171	-0.027355823
350.72	0.0015050879	-5.8480821	-0.026925573
351.36	0.0015083776	-5.8481729	-0.026245474
352	0.0014924405	-5.8480895	-0.026276948
352.64	0.0014883676	-5.848182	-0.026411159
353.28	0.0014656618	-5.8480696	-0.026486918
353.92	0.0014721216	-5.848176	-0.026463089
354.56	0.0015075808	-5.8481477	-0.025800123
355.2	0.0015005189	-5.8481951	-0.027204676
355.84	0.0015201722	-5.8481767	-0.026517484
356.48	0.0015274232	-5.8481066	-0.026569651
357.12	0.0014987082	-5.8481919	-0.026552135
357.76	0.001500352	-5.8481002	-0.026073028
358.4	0.0014619174	-5.8481989	-0.027316963
359.04	0.0014705877	-5.8481042	-0.026081775
359.68	0.0014822443	-5.848163	-0.026380608
360.32	0.0014823488	-5.848095	-0.025748222
360.96	0.00149362	-5.8479884	-0.026659847
361.6	0.0015212464	-5.8482212	-0.026715166
362.24	0.0015376278	-5.8483444	-0.026279348
362.88	0.0015341667	-5.8482443	-0.026343612
363.52	0.0015172378	-5.8480736	-0.02681139
364.16	0.0015208157	-5.8481631	-0.02573798
364.8	0.0014967826	-5.8480894	-0.027531081
365.44	0.0014630254	-5.8482205	-0.026917714
366.08	0.0014881476	-5.8482283	-0.026316618
366.72	0.0014849424	-5.8482231	-0.026118004
367.36	0.0014802221	-5.8480166	-0.026249823
368	0.0015321379	-5.8482679	-0.026631788
368.64	0.0015185467	-5.8481997	-0.025924632
369.28	0.0014935327	-5.8481376	-0.026277409
369.92	0.0015335079	-5.848216	-0.026601965
370.56	0.0014831629	-5.8479911	-0.026355749
371.2	0.0014787353	-5.8482687	-0.026851081
371.84	0.0014922187	-5.8481649	-0.026714638
372.48	0.0014578073	-5.8481106	-0.026004831
373.12	0.0014716016	-5.8482664	-0.026077845
373.76	0.0015055765	-5.8481181	-0.026622717
374.4	0.0015161555	-5.8482089	-0.026413524
375.04	0.0015015829	-5.8482662	-0.026834771
375.68	0.0014917547	-5.8482495	-0.025467143
376.32	0.0015427761	-5.8481788	-0.026853261
376.96	0.0014790656	-5.8480851	-0.026324499
377.6	0.0014649029	-5.8481734	-0.026192719
378.24	0.0014770819	-5.84828	-0.026275764
378.88	0.0014712834	-5.8480799	-0.027256857
379.52	0.001531438	-5.8481338	-0.027571113
380.16	0.0015129232	-5.8481603	-0.02556493
380.8	0.0015398273	-5.8482395	-0.026297606
381.44	0.0015325076	-5.8479635	-0.026412888
382.08	0.0015115963	-5.8482031	-0.026304684
382.72	0.001518682	-5.8481782	-0.026179314
383.36	0.001489716	-5.8481317	-0.027432469
384	0.0014588119	-5.8482075	-0.026959765
384.64	0.001476949	-5.8479999	-0.026057228
385.28	0.0014623316	-5.8481373	-0.026461433
385.92	0.0015085827	-5.848181	-0.026045213
386.56	0.0015145324	-5.8482146	-0.026002337
387.2	0.0015235011	-5.8481834	-0.026321917
387.84	0.0015089961	-5.8481299	-0.026056433
388.48	0.0015002113	-5.8482459	-0.027005302
389.12	0.0014773252	-5.8482155	-0.025700154
389.76	0.0014916836	-5.8481389	-0.026520078
390.4	0.0014993979	-5.8481816	-0.026993934
391.04	0.0014838468	-5.8481886	-0.027131396
391.68	0.00148209	-5.8481316	-0.027346696
392.32	0.0015048569	-5.8481418	-0.026812897
392.96	0.0014979463	-5.848044	-0.02581211
393.6	0.0015400762	-5.8482427	-0.026602718
394.24	0.0015201064	-5.8480297	-0.027438636
394.88	0.0014987057	-5.848234	-0.025710483
395.52	0.0014980921	-5.8481208	-0.025998948
396.16	0.0014919536	-5.848282	-0.02672088
396.8	0.0014670815	-5.8481163	-0.026071018
397.44	0.0014518625	-5.848118	-0.026709257
398.08	0.0014976645	-5.8481192	-0.026326543
398.72	0.0015144914	-5.8482257	-0.025991534
399.36	0.001511528	-5.8481989	-0.026196767
400	0.0015509411	-5.8482114	-0.027487039
400.64	0.0015150072	-5.8482224	-0.025660497
401.28	0.001476085	-5.8480431	-0.025744479
401.92	0.0014833947	-5.8481556	-0.026806251
402.56	0.0015052887	-5.8482005	-0.026964443
403.2	0.0014669081	-5.8482113	-0.02726184
403.84	0.0014717106	-5.8481544	-0.026831393
404.48	0.0014682152	-5.8481005	-0.026801005
405.12	0.0014782655	-5.8481936	-0.026521777
405.76	0.0014967695	-5.8481852	-0.026469116
406.4	0.0015150799	-5.8482222	-0.026127172
407.04	0.0015280338	-5.8482474	-0.02694361
407.68	0.0015136873	-5.8482527	-0.026517452
408.32	0.0014797424	-5.8480559	-0.026456633
408.96	0.0014887095	-5.8481208	-0.026343415
409.6	0.0014682137	-5.8482226	-0.027499692
410.24	0.001464541	-5.8482521	-0.026143491
410.88	0.0014824029	-5.8481091	-0.02586652
411.52	0.0015183849	-5.8482146	-0.027047903
412.16	0.0015149275	-5.8482235	-0.025997913
412.8	0.0015095603	-5.8480113	-0.025997486
413.44	0.0015141707	-5.848055	-0.02643525
414.08	0.0015047404	-5.8482474	-0.026452684
414.72	0.0014987206	-5.8480881	-0.025984595
415.36	0.0014865047	-5.8480256	-0.026555555
416	0.0014681315	-5.8482934	-0.02672607
416.64	0.0014685933	-5.8481137	-0.026249719
417.28	0.0014817685	-5.8481038	-0.025956565
417.92	0.0015145075	-5.8482172	-0.026729405
418.56	0.0015474834	-5.8482861	-0.026752771
419.2	0.0015151259	-5.8482204	-0.026007155
419.84	0.0015369049	-5.8481016	-0.02599358
420.48	0.0015052843	-5.8480477	-0.026150156
421.12	0.0014772279	-5.848183	-0.025590323
421.76	0.0014827685	-5.8482111	-0.026441751
422.4	0.0014696088	-5.8481682	-0.026532444
423.04	0.0014825347	-5.848102	-0.026620936
423.68	0.0014757472	-5.8481456	-0.02715855
424.32	0.0014885782	-5.8480049	-0.026165729
424.96	0.0015274316	-5.8482299	-0.026686015
425.6	0.0015357718	-5.8481477	-0.026368003
426.24	0.0015134212	-5.8481753	-0.026660475
426.88	0.0014994105	-5.8482617	-0.026509092
427.52	0.0015024935	-5.8481299	-0.026983247
428.16	0.0014981793	-5.8481134	-0.027102539
428.8	0.0014750891	-5.8480954	-0.026041447
429.44	0.0014754563	-5.8481199	-0.027011765
430.08	0.0014816042	-5.8480391	-0.026925846
430.72	0.0015410836	-5.848223	-0.025744739
431.36	0.0015035022	-5.8481653	-0.025971717
432	0.0015091623	-5.8480472	-0.026659964
432.64	0.0015205223	-5.8483068	-0.026587192
433.28	0.0015105604	-5.8481426	-0.026221591
433.92	0.0014717165	-5.8480765	-0.026634574
434.56	0.0014549761	-5.8481989	-0.026647806
435.2	0.001481691	-5.848254	-0.026514949
435.84	0.0014888448	-5.8481982	-0.02580689
436.48	0.0015193808	-5.8480437	-0.026733498
437.12	0.0015105036	-5.848156	-0.026519867
437.76	0.0015428599	-5.8480731	-0.026671169
438.4	0.0014955632	-5.8480088	-0.026004008
439.04	0.0015035256	-5.8481312	-0.026411717
439.68	0.0015089694	-5.8483216	-0.026225855
440.32	0.0014683964	-5.8481876	-0.026142088
440.96	0.00145879	-5.848152	-0.026793345
441.6	0.0014713848	-5.848281	-0.026818065
442.24	0.0015024272	-5.8483222	-0.026690866
442.88	0.0014769375	-5.8481967	-0.026234909
443.52	0.0014847515	-5.848023	-0.025047143
444.16	0.0015116181	-5.8480718	-0.026198636
444.8	0.0015341058	-5.8481258	-0.025798025
445.44	0.0015099424	-5.8481655	-0.026146299
446.08	0.0014878461	-5.8481903	-0.025896531
446.72	0.0014956299	-5.8481625	-0.026772407
447.36	0.0014921659	-5.8481261	-0.025822695
448	0.0014980648	-5.8481376	-0.026557731
448.64	0.0014949364	-5.8482213	-0.026868633
449.28	0.0015133615	-5.8482511	-0.026586774
449.92	0.0015349783	-5.8482179	-0.02627668
450.56	0.001511138	-5.8482431	-0.026576956
451.2	0.0015106387	-5.848226	-0.026358158
451.84	0.0014864075	-5.84842	-0.02514244
452.48	0.0015211129	-5.848177	-0.026700755
453.12	0.0014434907	-5.8481759	-0.026947603
453.76	0.0014546121	-5.8480811	-0.026854209
454.4	0.0014757774	-5.8482247	-0.026690276
455.04	0.001475997	-5.8482059	-0.02643461
455.68	0.0014897172	-5.8482135	-0.02594602
456.32	0.0015144931	-5.8480887	-0.026952082
456.96	0.0015336367	-5.8481158	-0.026798301
457.6	0.0015203317	-5.848071	-0.026598328
458.24	0.0015258898	-5.8481846	-0.026018428
458.88	0.0014567114	-5.8482385	-0.026436202
459.52	0.001471452	-5.8483076	-0.026913865
460.16	0.00147688	-5.8481072	-0.026135218
460.8	0.0014901948	-5.8483064	-0.027341063
461.44	0.0014731459	-5.848177	-0.026344441
462.08	0.0015050953	-5.8480763	-0.026683653
462.72	0.0015157563	-5.8480929	-0.026762939
463.36	0.0015416605	-5.8480817	-0.02719799
464	0.0015246243	-5.848118	-0.02662616
464.64	0.0015128719	-5.8482112	-0.027052803
465.28	0.0015125152	-5.8482361	-0.026494416
465.92	0.0014573303	-5.8480325	-0.025373605
466.56	0.0014408095	-5.8480126	-0.026008343
467.2	0.0014982132	-5.8482981	-0.025143826
467.84	0.0014989182	-5.8481778	-0.026742386
468.48	0.0014924967	-5.8480922	-0.026588484
469.12	0.0015101461	-5.848126	-0.026836469
469.76	0.0014914135	-5.8480561	-0.026088068
470.4	0.0015106969	-5.8483407	-0.025925249
471.04	0.0015050965	-5.848131	-0.026156357
471.68	0.0014845021	-5.8482689	-0.025847134
472.32	0.0014934758	-5.8482033	-0.026851284
472.96	0.0014619595	-5.8482182	-0.026217763
473.6	0.0014961921	-5.8481404	-0.026854791
474.24	0.0014920677	-5.8481725	-0.026779737
474.88	0.001485465	-5.8481172	-0.026341649
475.52	0.0015257671	-5.8481531	-0.02644805
476.16	0.0015177937	-5.8481668	-0.02683987
476.8	0.0015303001	-5.8482474	-0.02668319
477.44	0.0014752008	-5.8480678	-0.026532441
478.08	0.0014642923	-5.8481188	-0.026660821
478.72	0.0014656565	-5.8481469	-0.027213413
479.36	0.001487003	-5.848084	-0.026869683
480	0.0014997803	-5.8481017	-0.026214507
480.64	0.0014931257	-5.8481646	-0.027196346
481.28	0.0015020167	-5.8482881	-0.026018375
481.92	0.0015333691	-5.8482276	-0.026549797
482.56	0.0015193467	-5.8482158	-0.026252055
483.2	0.0014942742	-5.847992	-0.026483337
483.84	0.0014903862	-5.8483064	-0.026062978
484.48	0.0014756687	-5.8482163	-0.026167956
485.12	0.0014682368	-5.8483357	-0.026476194
485.76	0.0014793535	-5.8482129	-0.027659071
486.4	0.0014699484	-5.8480173	-0.026170136
487.04	0.0014832693	-5.8481843	-0.02604688
487.68	0.0015051923	-5.8484621	-0.026176772
488.32	0.0015270919	-5.8483741	-0.026776164
488.96	0.0015531567	-5.8480313	-0.026659918
489.6	0.001484707	-5.8481399	-0.02609061
490.24	0.001502659	-5.8482654	-0.026167253
490.88	0.0014621112	-5.8481024	-0.026633997
491.52	0.0014840771	-5.8482863	-0.026771631
492.16	0.0014738756	-5.8483653	-0.026282154
492.8	0.0015126788	-5.8482171	-0.026559187
493.44	0.0014916448	-5.8481568	-0.026354869
494.08	0.0015112196	-5.8483946	-0.025252549
494.72	0.0015276624	-5.8482065	-0.027499496
495.36	0.0015386768	-5.8479866	-0.026110152
496	0.0015068895	-5.8481129	-0.025070413
496.64	0.001477642	-5.8481804	-0.02560678
497.28	0.001495076	-5.848177	-0.026302233
497.92	0.0014729253	-5.8481697	-0.026121955
498.56	0.0014445804	-5.8481424	-0.025657572
499.2	0.0014627188	-5.8481562	-0.025604547
499.84	0.0014911755	-5.8484581	-0.026797758
