0	0.013535993	-5.8419662	0.0046890514
0.64	0.0136025	-5.841907	0.0088682297
1.28	0.013587569	-5.8418827	0.0091518161
1.92	0.013404053	-5.8415676	0.0051546431
2.56	0.013514487	-5.8417272	0.0038845385
3.2	0.013277633	-5.8414928	0.005693386
3.84	0.013634421	-5.8419326	0.0058101677
4.48	0.013499276	-5.8418028	0.0043525308
5.12	0.013405353	-5.8416761	0.0058701973
5.76	0.013813092	-5.8424258	0.0010144631
6.4	0.013922867	-5.8429074	0.0012894466
7.04	0.013453084	-5.8428547	0.0011413963
7.68	0.01330471	-5.8431627	0.00017287858
8.32	0.013067028	-5.8433586	-0.0021770507
8.96	0.013027382	-5.8435654	-0.0015275471
9.6	0.013181548	-5.8430966	0.0020430906
10.24	0.0136458	-5.8434484	0.00068075224
10.88	0.013834745	-5.8433109	-0.0001311213
11.52	0.014090083	-5.8433216	-0.0028502721
12.16	0.013958202	-5.8438022	-0.00093892031
12.8	0.013895303	-5.8441	-0.0047458708
13.44	0.01330515	-5.8444184	-0.0057407336
14.08	0.012874769	-5.8455379	-0.0056131472
14.72	0.012902057	-5.8453871	-0.0079610102
15.36	0.012735097	-5.845326	-0.0063598169
16	0.013102965	-5.8452728	-0.0063295182
16.64	0.01357484	-5.8449024	-0.0022883569
17.28	0.013944856	-5.844465	-0.0015375978
17.92	0.01427761	-5.8439758	-0.0038217411
18.56	0.014173502	-5.8442699	-0.0014269457
19.2	0.013558718	-5.8442434	-0.0016924782
19.84	0.013207281	-5.8453536	-0.0049257098
20.48	0.012984487	-5.8459578	-0.0063820389
21.12	0.01257994	-5.8458919	-0.0052444838
21.76	0.012768066	-5.8460552	-0.0073281483
22.4	0.012980998	-5.8457306	-0.0066551101
23.04	0.013689947	-5.8451438	-0.0062577601
23.68	0.014238262	-5.8445803	-0.0020690561
24.32	0.014207066	-5.8440503	-0.0021506814
24.96	0.013870307	-5.8438211	-0.0015466972
25.6	0.013789433	-5.8445175	-0.0036620828
26.24	0.013191822	-5.8452291	-0.0072505762
26.88	0.01293734	-5.846017	-0.0074339292
27.52	0.012775843	-5.8462752	-0.0072610467
28.16	0.012839986	-5.846216	-0.0068278544
28.8	0.013095623	-5.8457666	-0.0076777994
29.44	0.01346601	-5.8452425	-0.004685249
30.08	0.014043639	-5.8447348	-0.0050218004
30.72	0.014298924	-5.8443489	-0.0042914851
31.36	0.014189508	-5.8447256	-0.0031640289
32	0.013753069	-5.8449736	-0.0079273393
32.64	0.013080278	-5.8455648	-0.0084219048
33.28	0.012758655	-5.8454769	-0.0096708766
33.92	0.012743275	-5.8460854	-0.0075029594
34.56	0.013001914	-5.846075	-0.008656673
35.2	0.013237383	-5.8453967	-0.0071840808
35.84	0.013762802	-5.844697	-0.0055726833
36.48	0.014054523	-5.8447147	-0.0045436562
37.12	0.014207429	-5.8443892	-0.006361116
37.76	0.014094388	-5.8443446	-0.0024461649
38.4	0.0136059	-5.8450236	-0.0053273114
39.04	0.013224017	-5.845758	-0.0051569361
39.68	0.012701893	-5.8456441	-0.0097748368
40.32	0.012732975	-5.8462008	-0.010275388
40.96	0.013178071	-5.8462847	-0.0092298529
41.6	0.013196148	-5.8453244	-0.006251171
42.24	0.013935235	-5.8455077	-0.0041237367
42.88	0.014069052	-5.8444536	-0.0028033177
43.52	0.014220041	-5.8445856	-0.003572431
44.16	0.014144582	-5.8450146	-0.004427996
44.8	0.013660077	-5.8456008	-0.0059767379
45.44	0.01300856	-5.8455817	-0.0066670333
46.08	0.012664424	-5.8458588	-0.0096112545
46.72	0.01258635	-5.8461061	-0.0056140017
47.36	0.012805346	-5.8454955	-0.009360713
48	0.013252533	-5.8456236	-0.0039997152
48.64	0.014085952	-5.8456164	-0.0063553345
49.28	0.014106337	-5.8448976	-0.0045560051
49.92	0.014374365	-5.8452388	-0.0076235007
50.56	0.013750471	-5.8457637	-0.0059742295
51.2	0.013333419	-5.8467268	-0.0079459057
51.84	0.012645799	-5.8468971	-0.0086796389
52.48	0.012625032	-5.8475688	-0.011750204
53.12	0.012929322	-5.847732	-0.010370465
53.76	0.013119922	-5.8465165	-0.0071222234
54.4	0.013649538	-5.8459623	-0.0071308976
55.04	0.014180165	-5.8455173	-0.0086424185
55.68	0.014510259	-5.8456779	-0.0056339646
56.32	0.014128317	-5.8453965	-0.003902141
56.96	0.013619524	-5.8455008	-0.0079427973
57.6	0.013347577	-5.8469597	-0.0081850725
58.24	0.013008369	-5.8479038	-0.011562721
58.88	0.012359259	-5.8473093	-0.011899869
59.52	0.012876657	-5.8474551	-0.011234674
60.16	0.012997149	-5.8468165	-0.0065582018
60.8	0.013846076	-5.8463609	-0.0072650761
61.44	0.014334151	-5.8458654	-0.0060211645
62.08	0.014524442	-5.8456138	-0.0066140745
62.72	0.014180768	-5.8453984	-0.0038688316
63.36	0.013822137	-5.8464417	-0.0080229166
64	0.013134539	-5.846552	-0.0095190659
64.64	0.012888891	-5.847494	-0.014449839
65.28	0.012561873	-5.8475339	-0.01182214
65.92	0.012626878	-5.8471779	-0.0090128777
66.56	0.013092471	-5.846877	-0.0081250494
67.2	0.01380422	-5.8463489	-0.0096049737
67.84	0.014450037	-5.8458754	-0.0073679294
68.48	0.014697428	-5.8457675	-0.0063121156
69.12	0.014285364	-5.8458265	-0.0077500324
69.76	0.013582679	-5.8459671	-0.0073861161
70.4	0.013232516	-5.8475755	-0.011572198
71.04	0.01277738	-5.8474189	-0.013108433
71.68	0.012513938	-5.8474587	-0.011732257
72.32	0.012398388	-5.8470393	-0.010820421
72.96	0.013096526	-5.8464809	-0.009341028
73.6	0.013698432	-5.8459061	-0.0079487409
74.24	0.014230735	-5.8456318	-0.0076028605
74.88	0.014631862	-5.8456245	-0.0055849725
75.52	0.014141488	-5.845917	-0.0070934499
76.16	0.013604862	-5.8466347	-0.0073805129
76.8	0.012910982	-5.8471666	-0.010457532
77.44	0.012736073	-5.8479142	-0.014500074
78.08	0.012593441	-5.847662	-0.011244439
78.72	0.012754183	-5.8471447	-0.010293176
79.36	0.013363319	-5.8466457	-0.008137024
80	0.013835776	-5.8463002	-0.0059196996
80.64	0.014341352	-5.8456394	-0.0057237415
81.28	0.014389293	-5.8458432	-0.0074097737
81.92	0.014097318	-5.8459548	-0.005245024
82.56	0.013418095	-5.8468681	-0.010841825
83.2	0.013006671	-5.8470064	-0.010133976
83.84	0.012695834	-5.8478274	-0.012595603
84.48	0.012598172	-5.8475345	-0.013401025
85.12	0.012799221	-5.8471553	-0.011844813
85.76	0.013395929	-5.8465806	-0.0079957848
86.4	0.014193043	-5.8461749	-0.0089517849
87.04	0.014337411	-5.8455094	-0.0068837117
87.68	0.014444217	-5.8460197	-0.0082798143
88.32	0.014173679	-5.8464224	-0.0053800522
88.96	0.013696094	-5.8468344	-0.011965479
89.6	0.013032938	-5.8474514	-0.013391941
90.24	0.012471041	-5.8474511	-0.012703304
90.88	0.012672674	-5.8476436	-0.012383855
91.52	0.012794834	-5.8471044	-0.010512183
92.16	0.0137037	-5.8468159	-0.0093012681
92.8	0.014153029	-5.8459183	-0.0076838288
93.44	0.014428046	-5.845787	-0.0056764159
94.08	0.01454754	-5.8459661	-0.0071730849
94.72	0.013948912	-5.8463797	-0.0085808597
95.36	0.013262282	-5.8469985	-0.0087251126
96	0.012810783	-5.8474431	-0.013100459
96.64	0.012597108	-5.8477955	-0.012214382
97.28	0.012775271	-5.8477415	-0.014139916
97.92	0.013168015	-5.8471299	-0.010445298
98.56	0.013688634	-5.8465909	-0.0085752721
99.2	0.014340535	-5.8460481	-0.0087157003
99.84	0.014559068	-5.8459672	-0.0079892464
100.48	0.014182771	-5.8460725	-0.0081185904
101.12	0.013723694	-5.8463255	-0.0098102918
101.76	0.012959228	-5.8468351	-0.0068729376
102.4	0.01276685	-5.8475324	-0.012155252
103.04	0.012458708	-5.8477924	-0.013151918
103.68	0.012830795	-5.8475018	-0.013266518
104.32	0.013144841	-5.847409	-0.011305164
104.96	0.013830676	-5.8464099	-0.010031227
105.6	0.014408496	-5.8460473	-0.00806799
106.24	0.014296018	-5.8454508	-0.0072205778
106.88	0.014501085	-5.8460625	-0.0095622296
107.52	0.013567499	-5.8464058	-0.010873711
108.16	0.013041046	-5.8466554	-0.011330175
108.8	0.012837202	-5.8477269	-0.012165333
109.44	0.012428578	-5.8475422	-0.012534696
110.08	0.012892785	-5.8477	-0.012328237
110.72	0.013028963	-5.8467909	-0.010795875
111.36	0.013981436	-5.8467612	-0.0064574712
112	0.0144298	-5.8460231	-0.010855472
112.64	0.014468227	-5.8459396	-0.0079825401
113.28	0.014194642	-5.8459748	-0.0060340195
113.92	0.01373086	-5.8465813	-0.010378664
114.56	0.013048893	-5.8469706	-0.011657097
115.2	0.012702863	-5.8473006	-0.01285749
115.84	0.012545664	-5.8475827	-0.013356713
116.48	0.01265274	-5.8473697	-0.010503842
117.12	0.013329951	-5.8469407	-0.010134959
117.76	0.013840198	-5.8462599	-0.0062745318
118.4	0.014432596	-5.8458029	-0.0063570545
119.04	0.014635842	-5.8459362	-0.008924605
119.68	0.014199289	-5.8461501	-0.0089869838
120.32	0.013708471	-5.8470328	-0.012793859
120.96	0.013065088	-5.8472379	-0.010220685
121.6	0.012642555	-5.8476694	-0.013137668
122.24	0.01254024	-5.8474457	-0.01295233
122.88	0.012682317	-5.8469908	-0.013680264
123.52	0.013375545	-5.8465253	-0.0092394781
124.16	0.014207851	-5.8464727	-0.0097472611
124.8	0.014559956	-5.8459861	-0.0081783827
125.44	0.014569015	-5.8457332	-0.006798454
126.08	0.014245924	-5.8464623	-0.0083377789
126.72	0.013517408	-5.8463504	-0.011527377
127.36	0.012714647	-5.8471973	-0.0098528355
128	0.012400302	-5.8474693	-0.012049073
128.64	0.012353027	-5.8474064	-0.012373704
129.28	0.012856731	-5.8472572	-0.010446982
129.92	0.013554434	-5.8468898	-0.0091855621
130.56	0.013953966	-5.8461533	-0.008521668
131.2	0.01462042	-5.8460143	-0.0071439621
131.84	0.014493917	-5.8458959	-0.0076513702
132.48	0.013933333	-5.846158	-0.012714151
133.12	0.013163515	-5.8466168	-0.0077651029
133.76	0.012865207	-5.8474709	-0.012295639
134.4	0.012662401	-5.8476836	-0.01352918
135.04	0.012497563	-5.8476784	-0.011759226
135.68	0.012980986	-5.8470514	-0.010367102
136.32	0.013672618	-5.8464599	-0.011217682
136.96	0.014470368	-5.846235	-0.0094806159
137.6	0.014472994	-5.8456832	-0.00747018
138.24	0.014390636	-5.8461226	-0.0068652858
138.88	0.013920945	-5.8467893	-0.010011043
139.52	0.013184224	-5.8467465	-0.01063716
140.16	0.012943281	-5.8474547	-0.011943554
140.8	0.012584238	-5.8479575	-0.01123557
141.44	0.012472829	-5.8471719	-0.012226025
142.08	0.013068167	-5.8469062	-0.0095602914
142.72	0.013807848	-5.8465896	-0.0090681757
143.36	0.014271167	-5.8459957	-0.0069617868
144	0.014446051	-5.8459985	-0.0062319808
144.64	0.014300703	-5.8460674	-0.009662925
145.28	0.01400286	-5.8467185	-0.0083028044
145.92	0.013285731	-5.8469491	-0.011045849
146.56	0.012745172	-5.8472907	-0.011758698
147.2	0.012534172	-5.8474786	-0.012178392
147.84	0.012826749	-5.8475946	-0.012232458
148.48	0.013102326	-5.8470595	-0.011222397
149.12	0.013600714	-5.8466055	-0.0069565136
149.76	0.014169054	-5.8458593	-0.0057266693
150.4	0.014202778	-5.8456116	-0.0055163845
151.04	0.014160042	-5.8457328	-0.006844977
151.68	0.013813695	-5.8465563	-0.0079923026
152.32	0.013300723	-5.8472835	-0.012898198
152.96	0.012693498	-5.8474441	-0.01257717
153.6	0.01272718	-5.8475949	-0.011609963
154.24	0.012928706	-5.8477866	-0.011793498
154.88	0.013140544	-5.8468892	-0.010230201
155.52	0.013819484	-5.8463951	-0.0088936901
156.16	0.014231404	-5.8459095	-0.0069828148
156.8	0.014731802	-5.8459434	-0.0079826109
157.44	0.014084053	-5.8462046	-0.0070877641
158.08	0.013427244	-5.8466198	-0.0081341288
158.72	0.013187844	-5.8470543	-0.013864399
159.36	0.012686609	-5.8475356	-0.0087875389
160	0.012458544	-5.8477041	-0.012598469
160.64	0.012512972	-5.846929	-0.013512107
161.28	0.013367294	-5.8468554	-0.0094060772
161.92	0.013795956	-5.8463295	-0.0068665009
162.56	0.014394218	-5.8461234	-0.0079995662
163.2	0.014568697	-5.8460093	-0.0090716881
163.84	0.013968758	-5.8460204	-0.009305298
164.48	0.013471702	-5.8466909	-0.0076831436
165.12	0.012989966	-5.8473815	-0.012501686
165.76	0.012744034	-5.8474877	-0.014210997
166.4	0.012368585	-5.84707	-0.011143971
167.04	0.012897701	-5.8473561	-0.010492473
167.68	0.013288892	-5.8465979	-0.0077863174
168.32	0.013991607	-5.8464054	-0.00614041
168.96	0.014625094	-5.8463663	-0.0085398202
169.6	0.014323964	-5.8457742	-0.010071234
170.24	0.013945158	-5.8461088	-0.010062474
170.88	0.013273743	-5.846732	-0.010311581
171.52	0.012938427	-5.8473132	-0.012165435
172.16	0.01266334	-5.8476604	-0.0099851093
172.8	0.012552334	-5.8474567	-0.0095082517
173.44	0.013019276	-5.8475508	-0.010575871
174.08	0.013334192	-5.8464334	-0.0095924888
174.72	0.01408497	-5.8463507	-0.0089383845
175.36	0.014432709	-5.845886	-0.0056373389
176	0.014158467	-5.845791	-0.0070767864
176.64	0.014102158	-5.8462419	-0.0089729142
177.28	0.013449928	-5.846877	-0.011041682
177.92	0.012907585	-5.8472157	-0.012092871
178.56	0.012502458	-5.8474853	-0.013160101
179.2	0.012627313	-5.8476457	-0.013148174
179.84	0.012907135	-5.8470405	-0.0094873204
180.48	0.013530349	-5.8465522	-0.0099987191
181.12	0.014189823	-5.8460425	-0.0089925453
181.76	0.014120718	-5.8454459	-0.0052637528
182.4	0.014221357	-5.8459542	-0.0060323722
183.04	0.013670537	-5.8462532	-0.0085234819
183.68	0.013131323	-5.8466737	-0.011765779
184.32	0.012910353	-5.8473157	-0.012489491
184.96	0.012383942	-5.8475504	-0.011522169
185.6	0.012739427	-5.8475716	-0.012480414
186.24	0.013011784	-5.8468221	-0.010626149
186.88	0.013745334	-5.8467888	-0.008070704
187.52	0.014142661	-5.8455514	-0.0091473912
188.16	0.014391745	-5.8458819	-0.0053241592
188.8	0.014049915	-5.8456369	-0.0069549955
189.44	0.013858017	-5.8465158	-0.0079743466
190.08	0.013257327	-5.8470411	-0.010007047
190.72	0.012700243	-5.8477755	-0.013488399
191.36	0.012701582	-5.847554	-0.011650222
192	0.012759956	-5.8477687	-0.012259728
192.64	0.013328227	-5.8472677	-0.012157033
193.28	0.013673974	-5.8463574	-0.0069846771
193.92	0.014123032	-5.8456668	-0.0062000976
194.56	0.014357389	-5.8453804	-0.0068290783
195.2	0.014164418	-5.8459896	-0.0086261153
195.84	0.013671395	-5.846525	-0.0099875034
196.48	0.013186107	-5.8471337	-0.0095294233
197.12	0.012637245	-5.8473415	-0.011070437
197.76	0.012421279	-5.8475457	-0.012356082
198.4	0.012830511	-5.8473542	-0.01242761
199.04	0.013415357	-5.8471275	-0.011130773
199.68	0.013894702	-5.8464642	-0.011099748
200.32	0.014146728	-5.8457105	-0.0091627176
200.96	0.014414913	-5.8454425	-0.0064735403
201.6	0.014277972	-5.8462329	-0.01129757
202.24	0.013707567	-5.8467619	-0.010399676
202.88	0.013233534	-5.8474165	-0.010945246
203.52	0.012764262	-5.8477371	-0.011056353
204.16	0.012641518	-5.847585	-0.010671013
204.8	0.012802605	-5.8473137	-0.012445427
205.44	0.013212866	-5.8465076	-0.0096504866
206.08	0.014057979	-5.8463583	-0.0097791959
206.72	0.014278749	-5.8458291	-0.0059797421
207.36	0.014422797	-5.8455135	-0.0097547761
208	0.014298163	-5.8463189	-0.0097417685
208.64	0.013502969	-5.8468105	-0.0079373322
209.28	0.012999214	-5.8473181	-0.0097085541
209.92	0.012615093	-5.8475598	-0.010878332
210.56	0.012664639	-5.8473722	-0.015550118
211.2	0.012623102	-5.8466858	-0.011175163
211.84	0.013668875	-5.8468445	-0.012605739
212.48	0.013926641	-5.8461593	-0.0085057636
213.12	0.014167642	-5.8459175	-0.0061680607
213.76	0.014555435	-5.8459358	-0.0086558337
214.4	0.014042174	-5.8461413	-0.0084570525
215.04	0.013270647	-5.8466614	-0.010498238
215.68	0.013010398	-5.8474988	-0.010630887
216.32	0.012694078	-5.847892	-0.011713982
216.96	0.01275577	-5.8473916	-0.0112616
217.6	0.01293211	-5.847167	-0.012300444
218.24	0.013724634	-5.8470658	-0.011739609
218.88	0.014051165	-5.8461775	-0.0063285001
219.52	0.014514102	-5.8459752	-0.0078339284
220.16	0.014338064	-5.8461449	-0.0056502553
220.8	0.014156474	-5.8466898	-0.0087807796
221.44	0.013135562	-5.8465865	-0.0099489189
222.08	0.012764166	-5.8472926	-0.0082914026
222.72	0.012476853	-5.8474634	-0.010628192
223.36	0.012604986	-5.8474303	-0.012164323
224	0.012921643	-5.84718	-0.014791468
224.64	0.013554096	-5.8463774	-0.0098456685
225.28	0.014191827	-5.8458323	-0.0068567068
225.92	0.014377423	-5.8458887	-0.0087896785
226.56	0.014175697	-5.845858	-0.0055895335
227.2	0.013900133	-5.8467191	-0.0099565886
227.84	0.013266489	-5.8470621	-0.008381634
228.48	0.012828579	-5.8472745	-0.013350429
229.12	0.012577762	-5.8477072	-0.011390779
229.76	0.01264419	-5.8477367	-0.012005708
230.4	0.01307437	-5.8475841	-0.010625798
231.04	0.01367324	-5.8464766	-0.0076336551
231.68	0.014287023	-5.846021	-0.0085000787
232.32	0.01443601	-5.845924	-0.0085024853
232.96	0.014253802	-5.8458762	-0.0093522501
233.6	0.014033547	-5.8465485	-0.0082255167
234.24	0.013121236	-5.847121	-0.011475551
234.88	0.012626775	-5.8474983	-0.014210589
235.52	0.012652367	-5.8475678	-0.011595429
236.16	0.012834035	-5.8478129	-0.011925423
236.8	0.01301963	-5.8467059	-0.013581635
237.44	0.013709746	-5.846505	-0.0082951252
238.08	0.01422611	-5.8460447	-0.0082750264
238.72	0.014405111	-5.845929	-0.0068799788
239.36	0.014105474	-5.8457487	-0.0045190025
240	0.013738941	-5.8467793	-0.0088245705
240.64	0.013207952	-5.8472205	-0.012218651
241.28	0.012685806	-5.8475058	-0.011319813
241.92	0.012355834	-5.8474042	-0.014411446
242.56	0.01297168	-5.8475859	-0.013021137
243.2	0.013020377	-5.846724	-0.0074261452
243.84	0.013974149	-5.8466442	-0.0089911987
244.48	0.014149426	-5.8458257	-0.0045463804
245.12	0.014431858	-5.8460641	-0.0088440679
245.76	0.014119387	-5.8460215	-0.0082485013
246.4	0.013475907	-5.8464897	-0.010164692
247.04	0.012818916	-5.846996	-0.010669663
247.68	0.012790426	-5.8476519	-0.01122947
248.32	0.012625296	-5.847778	-0.010057823
248.96	0.012748548	-5.8474412	-0.011753934
249.6	0.013313723	-5.8467826	-0.010821503
250.24	0.013850549	-5.8459938	-0.0067901052
250.88	0.014264841	-5.8457706	-0.0075906238
251.52	0.014532565	-5.845994	-0.005927499
252.16	0.014081179	-5.846202	-0.0088868326
252.8	0.013274594	-5.8464822	-0.0082259166
253.44	0.012800015	-5.8470764	-0.012839253
254.08	0.012564259	-5.8475828	-0.013110541
254.72	0.012604501	-5.8476622	-0.011528304
255.36	0.012809533	-5.8470248	-0.011717103
256	0.013230741	-5.846521	-0.01003468
256.64	0.013793201	-5.846108	-0.0071070878
257.28	0.014329154	-5.8460336	-0.0042534881
257.92	0.014382186	-5.8460405	-0.0096456114
258.56	0.014173039	-5.8464275	-0.0048821271
259.2	0.013530934	-5.8465081	-0.01329767
259.84	0.012839588	-5.8474498	-0.010750744
260.48	0.01246423	-5.8475493	-0.012227241
261.12	0.012820425	-5.8476817	-0.010469222
261.76	0.012890112	-5.8471372	-0.01099136
262.4	0.013408068	-5.8464703	-0.0085694884
263.04	0.014248559	-5.8463754	-0.0083052081
263.68	0.014548435	-5.8460572	-0.0087681521
264.32	0.014493833	-5.8459722	-0.0062783777
264.96	0.01400778	-5.846442	-0.0079248837
265.6	0.013393996	-5.846909	-0.011056718
266.24	0.012644272	-5.8470399	-0.014899628
266.88	0.012435058	-5.8473984	-0.0094749062
267.52	0.012745466	-5.8476446	-0.011098144
268.16	0.012955092	-5.8470394	-0.010547464
268.8	0.013605826	-5.8464488	-0.010220382
269.44	0.014217361	-5.846099	-0.0094000949
270.08	0.014269353	-5.8458402	-0.0074717961
270.72	0.01432245	-5.846045	-0.0080915297
271.36	0.01379065	-5.846388	-0.0083701772
272	0.01319801	-5.8467472	-0.012405854
272.64	0.012839948	-5.8475671	-0.010270854
273.28	0.012470334	-5.8475267	-0.01177228
273.92	0.012954779	-5.8477379	-0.014611346
274.56	0.013020717	-5.8470638	-0.0097195457
275.2	0.014026311	-5.8468472	-0.010875464
275.84	0.01420649	-5.8461751	-0.0095631274
276.48	0.01438434	-5.8456808	-0.0076844579
277.12	0.014141095	-5.8457646	-0.0084446742
277.76	0.013724545	-5.8466464	-0.011983965
278.4	0.013360432	-5.847217	-0.0098770431
279.04	0.012727393	-5.8473573	-0.011517998
279.68	0.012432266	-5.8475131	-0.012178454
280.32	0.012733677	-5.847378	-0.011132372
280.96	0.013184124	-5.8470874	-0.010381107
281.6	0.013662446	-5.846319	-0.0075283978
282.24	0.014322715	-5.8461171	-0.0089271209
282.88	0.014303118	-5.8456527	-0.0097510131
283.52	0.014333186	-5.8462595	-0.0082627178
284.16	0.013472488	-5.8466553	-0.0096576495
284.8	0.013184324	-5.8470071	-0.011526208
285.44	0.012781352	-5.847345	-0.011917942
286.08	0.012435914	-5.847246	-0.010843995
286.72	0.013097562	-5.8479155	-0.010280783
287.36	0.013052301	-5.8467269	-0.0080672822
288	0.013620863	-5.8459926	-0.0094843355
288.64	0.014376418	-5.8459038	-0.0065692705
289.28	0.014429788	-5.8459919	-0.0065201664
289.92	0.013956758	-5.8458316	-0.0099496704
290.56	0.01369872	-5.846626	-0.009127896
291.2	0.013029205	-5.8469686	-0.013601156
291.84	0.012876841	-5.8477005	-0.012563153
292.48	0.012505778	-5.8476389	-0.011766373
293.12	0.012631357	-5.846803	-0.013794088
293.76	0.013290813	-5.8470341	-0.0092200677
294.4	0.013705897	-5.8461414	-0.0057046265
295.04	0.014107625	-5.8458051	-0.0094882045
295.68	0.014397812	-5.8458577	-0.0075371928
296.32	0.014151085	-5.8461622	-0.0089398891
296.96	0.013463373	-5.8465691	-0.010063402
297.6	0.012814968	-5.8471511	-0.010171044
298.24	0.012506577	-5.8470444	-0.012067404
298.88	0.01287127	-5.8475804	-0.013012159
299.52	0.012928335	-5.8472033	-0.012400298
300.16	0.013550453	-5.8469273	-0.010344741
300.8	0.013994005	-5.8463014	-0.0073573764
301.44	0.014328475	-5.8457599	-0.0086920173
302.08	0.014455898	-5.8458055	-0.0050186801
302.72	0.013941101	-5.8462985	-0.010538078
303.36	0.013432836	-5.8468827	-0.0098600783
304	0.012994818	-5.8472742	-0.0098973068
304.64	0.012738248	-5.8475759	-0.01043429
305.28	0.012622909	-5.8476506	-0.010856604
305.92	0.013048405	-5.8474507	-0.010498618
306.56	0.013576847	-5.8468286	-0.010221414
307.2	0.014289726	-5.8464114	-0.0088175053
307.84	0.014593749	-5.8463524	-0.0083497985
308.48	0.014244046	-5.8459019	-0.0050564205
309.12	0.013961066	-5.8464034	-0.0071827556
309.76	0.013295943	-5.846796	-0.01109813
310.4	0.0128457	-5.8474628	-0.010952132
311.04	0.012684617	-5.8475155	-0.010539842
311.68	0.012527772	-5.8473758	-0.012429676
312.32	0.013106845	-5.8471967	-0.010761549
312.96	0.013706794	-5.8465897	-0.01114771
313.6	0.013919205	-5.8455799	-0.0080147966
314.24	0.014122993	-5.8456303	-0.0074586979
314.88	0.014180971	-5.8457834	-0.0078171639
315.52	0.01362155	-5.8462833	-0.0092827537
316.16	0.013483152	-5.8469639	-0.011155779
316.8	0.012762462	-5.8473334	-0.011008508
317.44	0.012689412	-5.8477667	-0.011086474
318.08	0.012656108	-5.8474572	-0.012248581
318.72	0.013336268	-5.8474343	-0.011774678
319.36	0.013706677	-5.8466242	-0.0099918143
320	0.014048401	-5.8457253	-0.008404194
320.64	0.014225027	-5.8456584	-0.0095125478
321.28	0.014310543	-5.8460499	-0.007731562
321.92	0.013613325	-5.8466109	-0.0082175304
322.56	0.013521173	-5.8475272	-0.011205547
323.2	0.012711063	-5.8475359	-0.010679534
323.84	0.012678813	-5.8475992	-0.01215896
324.48	0.0129154	-5.8476869	-0.012240767
325.12	0.013362418	-5.8472043	-0.01075525
325.76	0.013625381	-5.8463215	-0.0096854263
326.4	0.01444437	-5.8461238	-0.007247421
327.04	0.014662882	-5.8463245	-0.0097173018
327.68	0.014327862	-5.8463188	-0.007472389
328.32	0.013771594	-5.8465963	-0.010276959
328.96	0.013129128	-5.8470125	-0.010497024
329.6	0.012783321	-5.8476837	-0.010161755
330.24	0.012636762	-5.8475758	-0.011903358
330.88	0.012782673	-5.8471387	-0.011406575
331.52	0.013190501	-5.8469437	-0.010601909
332.16	0.014066154	-5.8465305	-0.0091971079
332.8	0.014321007	-5.8462335	-0.0094675924
333.44	0.014451409	-5.8461839	-0.0080531463
334.08	0.014005745	-5.8461551	-0.0084807606
334.72	0.013726215	-5.8470537	-0.0097649735
335.36	0.01316387	-5.8473783	-0.0098644905
336	0.01278978	-5.8474999	-0.012385742
336.64	0.012758393	-5.847567	-0.012850316
337.28	0.01289956	-5.8472163	-0.01210845
337.92	0.013420325	-5.8469724	-0.011376444
338.56	0.014167079	-5.8463798	-0.007226995
339.2	0.014198288	-5.8456533	-0.0081610516
339.84	0.014274432	-5.8459433	-0.0075235786
340.48	0.01410739	-5.8463508	-0.010519954
341.12	0.013412163	-5.846637	-0.0077455331
341.76	0.012950357	-5.8471457	-0.011973766
342.4	0.012696047	-5.8474082	-0.010012706
343.04	0.012730396	-5.8473488	-0.014324262
343.68	0.012941678	-5.8473053	-0.010893094
344.32	0.01352521	-5.8465812	-0.012678079
344.96	0.013961887	-5.846149	-0.0081773371
345.6	0.014602899	-5.846184	-0.0084119646
346.24	0.014280756	-5.8457631	-0.010601792
346.88	0.013964975	-5.8461504	-0.0077196388
347.52	0.013459313	-5.8469661	-0.010187357
348.16	0.012909619	-5.8473843	-0.011494412
348.8	0.012670843	-5.8475113	-0.013228213
349.44	0.012672729	-5.8470277	-0.012784682
350.08	0.013244233	-5.8472304	-0.013099765
350.72	0.01369605	-5.846776	-0.010282382
351.36	0.014192983	-5.846374	-0.0082066067
352	0.014336448	-5.8460844	-0.0079223877
352.64	0.014396809	-5.8458959	-0.009520225
353.28	0.013911061	-5.8462475	-0.0097191929
353.92	0.013290291	-5.8469464	-0.010605164
354.56	0.012833841	-5.8473811	-0.010502744
355.2	0.012715967	-5.8476081	-0.012113329
355.84	0.012730669	-5.8476917	-0.01170888
356.48	0.012824244	-5.8468472	-0.011820109
357.12	0.013624267	-5.8463228	-0.0094109648
357.76	0.014156101	-5.8460791	-0.0081613144
358.4	0.014394802	-5.8459758	-0.0061188056
359.04	0.013964329	-5.8456487	-0.0083010129
359.68	0.013504214	-5.8462665	-0.0074093564
360.32	0.013192603	-5.8466216	-0.0092611409
360.96	0.012743876	-5.8473814	-0.010119236
361.6	0.012491707	-5.847406	-0.0094648252
362.24	0.012781436	-5.8472809	-0.0084132572
362.88	0.013044487	-5.8469535	-0.0089852193
363.52	0.014034903	-5.8470057	-0.0077727077
364.16	0.014175534	-5.8459074	-0.0086226577
364.8	0.01435088	-5.8461149	-0.0079680927
365.44	0.014184696	-5.8459578	-0.008325843
366.08	0.013754853	-5.8468439	-0.0082466013
366.72	0.012976169	-5.8472823	-0.010459838
367.36	0.012731463	-5.8474495	-0.0091210957
368	0.012505618	-5.8475216	-0.012899093
368.64	0.012819783	-5.847539	-0.012762561
369.28	0.013015751	-5.846913	-0.012469857
369.92	0.013748542	-5.8462577	-0.0083342731
370.56	0.014317285	-5.8459588	-0.0056707593
371.2	0.014300389	-5.8460727	-0.0063711112
371.84	0.014011182	-5.8460209	-0.0089893147
372.48	0.013671281	-5.84658	-0.011988516
373.12	0.013000539	-5.8473831	-0.010072246
373.76	0.012767431	-5.8474036	-0.011968966
374.4	0.012708095	-5.8476676	-0.013266783
375.04	0.012769648	-5.847257	-0.013169029
375.68	0.013493593	-5.8469918	-0.0096622886
376.32	0.013742165	-5.846088	-0.0073194238
376.96	0.01412536	-5.8457535	-0.0082507284
377.6	0.014470352	-5.846213	-0.011082005
378.24	0.014172023	-5.8462771	-0.0091906858
378.88	0.013520155	-5.8466217	-0.0091183046
379.52	0.01296422	-5.8470116	-0.0091326014
380.16	0.012748467	-5.8473868	-0.012265532
380.8	0.012745522	-5.8475942	-0.010666665
381.44	0.013064153	-5.8472709	-0.0098742503
382.08	0.013583768	-5.8469068	-0.0097140083
382.72	0.013910887	-5.8461933	-0.0070062503
383.36	0.014262544	-5.8458819	-0.0082709999
384	0.014298006	-5.8462342	-0.0090719697
384.64	0.013853085	-5.8461952	-0.0074773885
385.28	0.013650331	-5.84722	-0.0089732303
385.92	0.012879507	-5.8468489	-0.0097673026
386.56	0.012510915	-5.8472556	-0.010005866
387.2	0.012686882	-5.8474368	-0.010765958
387.84	0.013051031	-5.8472136	-0.010389992
388.48	0.013478135	-5.8462913	-0.0088674265
389.12	0.014038655	-5.8462865	-0.0080759183
389.76	0.014200738	-5.8458483	-0.0087240058
390.4	0.014485363	-5.8462157	-0.005963648
391.04	0.013657645	-5.8462945	-0.0097485517
391.68	0.013318662	-5.8467248	-0.010720393
392.32	0.012939342	-5.8473602	-0.013737833
392.96	0.012612796	-5.8474569	-0.012746581
393.6	0.013074987	-5.847999	-0.012519699
394.24	0.012980482	-5.8470461	-0.010953443
394.88	0.013534038	-5.846422	-0.011118616
395.52	0.014117458	-5.8462218	-0.0079862539
396.16	0.014056613	-5.8458895	-0.0049976307
396.8	0.014244358	-5.8461121	-0.0073979206
397.44	0.01387765	-5.846801	-0.0071377196
398.08	0.013334516	-5.8471111	-0.010212508
398.72	0.012825879	-5.8473922	-0.012463931
399.36	0.0124934	-5.8473201	-0.010877391
400	0.012783967	-5.8475644	-0.010371117
400.64	0.012969102	-5.8472693	-0.0092490973
401.28	0.013647061	-5.8465981	-0.0092008863
401.92	0.014001506	-5.8460479	-0.0076102745
402.56	0.014258653	-5.8457575	-0.0070864874
403.2	0.014354122	-5.8462714	-0.0075637599
403.84	0.013867172	-5.8467798	-0.0066777831
404.48	0.013215914	-5.847137	-0.0088619385
405.12	0.012704167	-5.8471494	-0.01450596
405.76	0.012615395	-5.8474341	-0.012602603
406.4	0.012910063	-5.8475054	-0.011321248
407.04	0.013283145	-5.8470492	-0.01082232
407.68	0.013760796	-5.8465879	-0.0077882686
408.32	0.014015621	-5.8460156	-0.0077501164
408.96	0.014366256	-5.8459909	-0.006804059
409.6	0.013907667	-5.8461389	-0.0087850938
410.24	0.013857254	-5.8468876	-0.01192146
410.88	0.013122599	-5.8468109	-0.0096995785
411.52	0.012704439	-5.8473257	-0.011800863
412.16	0.012699942	-5.847342	-0.011928708
412.8	0.012950151	-5.8476996	-0.0090218205
413.44	0.01356204	-5.847183	-0.011369271
414.08	0.013890787	-5.8467007	-0.010626604
414.72	0.014120111	-5.8459054	-0.0078312945
415.36	0.014355612	-5.845918	-0.0083746806
416	0.013901456	-5.8459624	-0.0068656411
416.64	0.013802509	-5.8467471	-0.010227886
417.28	0.01290832	-5.8467118	-0.0082217318
417.92	0.012663122	-5.8473947	-0.01058955
418.56	0.01284237	-5.8477281	-0.01107372
419.2	0.012951321	-5.8475674	-0.014631323
419.84	0.013385267	-5.8469345	-0.010457399
420.48	0.013799133	-5.8464318	-0.0063802232
421.12	0.014344425	-5.8459445	-0.0093948881
421.76	0.014162928	-5.845695	-0.0083665111
422.4	0.014068935	-5.8462717	-0.0061604949
423.04	0.013485969	-5.846531	-0.008768911
423.68	0.013140143	-5.847045	-0.012094665
424.32	0.012707811	-5.8475245	-0.011565778
424.96	0.012863628	-5.8477259	-0.011569586
425.6	0.01303262	-5.847429	-0.01305804
426.24	0.013243103	-5.8466885	-0.0097433816
426.88	0.01383607	-5.8460182	-0.0089482395
427.52	0.01442358	-5.8462248	-0.0086593036
428.16	0.014309678	-5.8458305	-0.0082865416
428.8	0.013833568	-5.8458457	-0.008385484
429.44	0.013405975	-5.8468559	-0.014007233
430.08	0.013012038	-5.8472261	-0.011513814
430.72	0.012715927	-5.8478087	-0.013036013
431.36	0.012685726	-5.8471546	-0.011477919
432	0.012710044	-5.847038	-0.0077448898
432.64	0.013676975	-5.8469153	-0.0086385916
433.28	0.014081884	-5.8464692	-0.012022921
433.92	0.014240109	-5.8460424	-0.0055850183
434.56	0.014262263	-5.8459071	-0.009958351
435.2	0.014014843	-5.8464177	-0.0070163982
435.84	0.013388159	-5.8468728	-0.011567183
436.48	0.012907058	-5.8474186	-0.010082779
437.12	0.012783815	-5.8476106	-0.014666579
437.76	0.012769598	-5.8473507	-0.010309753
438.4	0.013022792	-5.8470867	-0.01035011
439.04	0.013444699	-5.8466286	-0.010838339
439.68	0.014120319	-5.8461787	-0.0074514823
440.32	0.014383916	-5.8458728	-0.0080790703
440.96	0.014226206	-5.8462044	-0.0064689818
441.6	0.013868532	-5.8463074	-0.0079169946
442.24	0.013269786	-5.8470237	-0.0085171102
442.88	0.012785748	-5.8471521	-0.010651478
443.52	0.012717696	-5.8475498	-0.013557903
444.16	0.012625772	-5.8472551	-0.01235139
444.8	0.01321307	-5.8468709	-0.010408449
445.44	0.013728621	-5.8467737	-0.011536865
446.08	0.014314183	-5.8462774	-0.009412411
446.72	0.014421679	-5.8463593	-0.0068016615
447.36	0.014206166	-5.846219	-0.00643452
448	0.013606195	-5.8462106	-0.008288781
448.64	0.013298941	-5.8470503	-0.011314749
449.28	0.01280812	-5.8474418	-0.011811338
449.92	0.012476628	-5.8473679	-0.011679466
450.56	0.012603883	-5.8472128	-0.010778025
451.2	0.013377398	-5.8473161	-0.0094256326
451.84	0.013874576	-5.846756	-0.0090563592
452.48	0.014191375	-5.8461082	-0.008894337
453.12	0.014383077	-5.8458436	-0.0065884631
453.76	0.014063172	-5.8460853	-0.0095545003
454.4	0.013689299	-5.8468463	-0.011528885
455.04	0.013019959	-5.8467462	-0.0093487345
455.68	0.012794101	-5.8475642	-0.012622659
456.32	0.012461556	-5.8473262	-0.012252806
456.96	0.01271288	-5.8471001	-0.012521038
457.6	0.013412833	-5.8470578	-0.0098310771
458.24	0.013827664	-5.8462825	-0.0078720199
458.88	0.014124901	-5.845997	-0.0059163807
459.52	0.014339998	-5.8456607	-0.008400989
460.16	0.013925949	-5.8458305	-0.0078485919
460.8	0.0134835	-5.8465581	-0.0094738206
461.44	0.013214325	-5.847192	-0.011428631
462.08	0.01265266	-5.8473184	-0.012661717
462.72	0.012670427	-5.8475443	-0.01213045
463.36	0.012979235	-5.8473856	-0.012271713
464	0.013289891	-5.8468048	-0.0095158799
464.64	0.01409077	-5.8465495	-0.0099401789
465.28	0.013975692	-5.845469	-0.0047021155
465.92	0.014464369	-5.8462115	-0.0070993447
466.56	0.013926187	-5.8462129	-0.008056853
467.2	0.013439518	-5.8467572	-0.010863648
467.84	0.013145935	-5.8468061	-0.01373052
468.48	0.012907355	-5.8478455	-0.012134061
469.12	0.012715518	-5.8471915	-0.012290467
469.76	0.012889318	-5.8470854	-0.0092276746
470.4	0.013471038	-5.8467561	-0.0097338468
471.04	0.014130838	-5.8465529	-0.0087621913
471.68	0.014056063	-5.845873	-0.0070680849
472.32	0.014296363	-5.8461439	-0.0053041625
472.96	0.013949468	-5.8464917	-0.01083853
473.6	0.013338142	-5.8465787	-0.010987091
474.24	0.012978273	-5.8471323	-0.012279183
474.88	0.012638837	-5.8476149	-0.013312953
475.52	0.012789194	-5.8476166	-0.011097332
476.16	0.012926724	-5.847076	-0.010858728
476.8	0.013766576	-5.8467443	-0.010604758
477.44	0.01414875	-5.8462479	-0.0084365511
478.08	0.014494392	-5.8462652	-0.0076353745
478.72	0.014096682	-5.8457692	-0.0054782216
479.36	0.013609306	-5.8461701	-0.0073104774
480	0.012982825	-5.8465409	-0.0093176828
480.64	0.01286609	-5.8472062	-0.0097453902
481.28	0.012579812	-5.8474527	-0.01320528
481.92	0.012695068	-5.8474923	-0.0099509377
482.56	0.013183005	-5.8469531	-0.0087939227
483.2	0.013859851	-5.8469334	-0.010269143
483.84	0.014187126	-5.8462189	-0.01146521
484.48	0.014341898	-5.8461325	-0.0078925891
485.12	0.014268178	-5.8459717	-0.010345322
485.76	0.013526905	-5.8461693	-0.007016714
486.4	0.013163838	-5.8469776	-0.010055128
487.04	0.012872964	-5.8473563	-0.012986775
487.68	0.012773479	-5.8474476	-0.011354053
488.32	0.012625045	-5.8475261	-0.012774882
488.96	0.013570636	-5.8471073	-0.0089157515
489.6	0.013934047	-5.8464957	-0.0079755149
490.24	0.014244965	-5.8459227	-0.0060038343
490.88	0.014433097	-5.8460995	-0.0082848832
491.52	0.014170152	-5.8459771	-0.0073971192
492.16	0.013506641	-5.8462632	-0.0087458898
492.8	0.013285568	-5.8475606	-0.010835708
493.44	0.012777007	-5.8473022	-0.011725834
494.08	0.012597698	-5.8474609	-0.010783918
494.72	0.012703718	-5.8471974	-0.013620575
495.36	0.013251627	-5.8466358	-0.0096636058
496	0.013865221	-5.8461174	-0.0088069863
496.64	0.014113955	-5.8460401	-0.011298879
497.28	0.014429369	-5.8458809	-0.0049967044
497.92	0.014131152	-5.8457563	-0.0075485046
498.56	0.013564979	-5.8468334	-0.010468195
499.2	0.013035628	-5.8470136	-0.010242341
499.84	0.012743117	-5.8474874	-0.009803483
