0	0.0076328619	-5.8412579	0.0096547629
0.64	0.0077780874	-5.8416208	0.01131211
1.28	0.0075533705	-5.8419198	0.011351355
1.92	0.0074976702	-5.8419874	0.0087293891
2.56	0.0071944761	-5.8423772	0.009491802
3.2	0.007044082	-5.8421344	0.0082878422
3.84	0.0073913948	-5.8423412	0.0091074976
4.48	0.0074394063	-5.8420607	0.0077548196
5.12	0.0076997437	-5.8418085	0.0067640714
5.76	0.0077206269	-5.841671	0.010221895
6.4	0.0077368771	-5.8412981	0.010653826
7.04	0.0078658103	-5.8415206	0.00996422
7.68	0.0075676962	-5.841691	0.0091761449
8.32	0.0074418695	-5.841873	0.011524046
8.96	0.0072465002	-5.8420524	0.009810335
9.6	0.0071615833	-5.8422389	0.0079955377
10.24	0.0072165298	-5.84204	0.0093856365
10.88	0.007319799	-5.8417903	0.010686016
11.52	0.0075465233	-5.8415928	0.0094983262
12.16	0.0076812374	-5.8413047	0.0093423904
12.8	0.007968474	-5.841703	0.0093358244
13.44	0.0078776766	-5.8414435	0.0088571412
14.08	0.0076890539	-5.8416455	0.010526154
14.72	0.0072735298	-5.8419515	0.0076648888
15.36	0.007179213	-5.8422744	0.0070821028
16	0.0071147374	-5.8425329	0.006185521
16.64	0.0071725285	-5.8422634	0.0060139515
17.28	0.0073812493	-5.8422777	0.0064662163
17.92	0.0075893595	-5.8415583	0.0059361173
18.56	0.0077617357	-5.8415155	0.0094883409
19.2	0.0078163276	-5.841189	0.0083854201
19.84	0.0078494875	-5.8420739	0.007817348
20.48	0.0074552872	-5.8422659	0.0073480826
21.12	0.0072587738	-5.8424956	0.0068558738
21.76	0.0070305409	-5.8426445	0.0051148599
22.4	0.0070493138	-5.8429596	0.0067376001
23.04	0.0072243982	-5.8423709	0.0064052156
23.68	0.0075291943	-5.8418294	0.0061228551
24.32	0.0079274516	-5.8418395	0.0059234187
24.96	0.0080392604	-5.8418124	0.0085146633
25.6	0.008009561	-5.8418611	0.0078457937
26.24	0.0077248583	-5.8421454	0.0079766151
26.88	0.0075234533	-5.8423163	0.005946845
27.52	0.0071815976	-5.8425402	0.0063241113
28.16	0.0069865376	-5.8425795	0.0036836437
28.8	0.0070171926	-5.8423721	0.0062604117
29.44	0.0072584646	-5.8426161	0.0051203537
30.08	0.0075615029	-5.8420924	0.0082358235
30.72	0.0080143462	-5.8419252	0.0073939366
31.36	0.0080992728	-5.8420776	0.0062927113
32	0.0078420862	-5.8417197	0.0077572794
32.64	0.007649495	-5.8416278	0.0066483186
33.28	0.0074386583	-5.8422393	0.0064894943
33.92	0.0071287126	-5.8425598	0.0066760143
34.56	0.0071211496	-5.8428108	0.0069364374
35.2	0.0071156276	-5.8426173	0.0060764525
35.84	0.0072059494	-5.8425242	0.0052642887
36.48	0.0076451415	-5.8422292	0.0079910673
37.12	0.0078993173	-5.8416596	0.0063968125
37.76	0.0080299099	-5.8418714	0.0076706051
38.4	0.0079157565	-5.8417566	0.0075097231
39.04	0.0077339219	-5.8420259	0.0063481794
39.68	0.0074916447	-5.8425185	0.006640086
40.32	0.0072835408	-5.8427952	0.0052742796
40.96	0.0069890827	-5.8426703	0.0046222838
41.6	0.0070879226	-5.8426562	0.005610071
42.24	0.0073203212	-5.8422609	0.0072524373
42.88	0.0075763212	-5.8419477	0.0075304951
43.52	0.007933636	-5.8419594	0.0082992979
44.16	0.0079429314	-5.84177	0.0094211242
44.8	0.0078453779	-5.8417094	0.0077061088
45.44	0.0074988323	-5.8416872	0.0097216641
46.08	0.0073043235	-5.8423937	0.005815314
46.72	0.0071927357	-5.842536	0.0051280567
47.36	0.0070099875	-5.842636	0.0055849578
48	0.0070417808	-5.842441	0.006521007
48.64	0.0073691366	-5.8423795	0.0073647711
49.28	0.0075918408	-5.8422456	0.0073367364
49.92	0.0078828963	-5.8416316	0.0095666759
50.56	0.0079881949	-5.8419654	0.0069763973
51.2	0.0078567567	-5.8417844	0.0072646951
51.84	0.0074199647	-5.841675	0.0075207682
52.48	0.0073389213	-5.8425395	0.0055456604
53.12	0.0071490967	-5.8428003	0.0066251012
53.76	0.0069602482	-5.8428517	0.0037993981
54.4	0.0070953137	-5.8423682	0.0050240189
55.04	0.0073864192	-5.8421408	0.006553343
55.68	0.0076795242	-5.8421689	0.0083700047
56.32	0.0078811601	-5.8415426	0.010675837
56.96	0.0080465603	-5.8418086	0.0087285024
57.6	0.0078910122	-5.8419183	0.005341927
58.24	0.0075028233	-5.8421954	0.0066829541
58.88	0.0071916644	-5.8424128	0.0075437881
59.52	0.0071280682	-5.8425006	0.0048395588
60.16	0.007215236	-5.8428658	0.0052323445
60.8	0.0071368775	-5.8423585	0.006692131
61.44	0.0074562255	-5.8422386	0.0061975301
62.08	0.0078570152	-5.8418282	0.0094787742
62.72	0.0079220553	-5.8419782	0.0082012188
63.36	0.0078873255	-5.8417123	0.0081131747
64	0.0077570281	-5.8420502	0.0067870145
64.64	0.0074279226	-5.8422625	0.007789402
65.28	0.007136342	-5.8424007	0.0069684596
65.92	0.0071355416	-5.8426649	0.0060629701
66.56	0.007101366	-5.8426506	0.0048508139
67.2	0.0071865472	-5.8425701	0.0071505293
67.84	0.0074964282	-5.8420965	0.0051870213
68.48	0.0078162023	-5.8420109	0.0069269823
69.12	0.0081442763	-5.8418332	0.0070162846
69.76	0.0079591974	-5.8417195	0.0087800439
70.4	0.0077138487	-5.8417765	0.0085285485
71.04	0.0072953515	-5.842042	0.0051781125
71.68	0.0072146225	-5.8423579	0.0063037983
72.32	0.0071061318	-5.842892	0.006765088
72.96	0.0071106857	-5.8426784	0.006584103
73.6	0.0072531643	-5.8426128	0.005844406
74.24	0.0073186156	-5.8418592	0.0076759351
74.88	0.0077883914	-5.8422564	0.0083787249
75.52	0.0079694201	-5.8416844	0.0089378199
76.16	0.0080300557	-5.8416615	0.0084737399
76.8	0.0076281294	-5.8419308	0.008127211
77.44	0.0074079215	-5.8423863	0.0062613777
78.08	0.0071293053	-5.8423928	0.0053173879
78.72	0.0069559455	-5.8425195	0.0069180175
79.36	0.0071694087	-5.8426926	0.0074018175
80	0.0072260881	-5.842296	0.0058196265
80.64	0.0075642436	-5.8419244	0.0056099787
81.28	0.0078464179	-5.8415316	0.007070316
81.92	0.0080331218	-5.8415904	0.0076975427
82.56	0.0078667743	-5.8416631	0.0090378611
83.2	0.0076521951	-5.8420431	0.0061038123
83.84	0.0073149983	-5.8419583	0.0055181936
84.48	0.0071212298	-5.8427111	0.0069221939
85.12	0.0069877839	-5.8427634	0.0055133171
85.76	0.0071515358	-5.8427418	0.0044851742
86.4	0.0072745077	-5.8422019	0.007337331
87.04	0.0074770631	-5.8418049	0.0076406941
87.68	0.0078560712	-5.841552	0.0085707224
88.32	0.0078900264	-5.8419144	0.0071804166
88.96	0.0079415232	-5.8418122	0.0080385614
89.6	0.0076193529	-5.8421573	0.0061733007
90.24	0.0072378917	-5.8424159	0.0060109403
90.88	0.0071664149	-5.842759	0.0066387201
91.52	0.0069276217	-5.8426463	0.0053600496
92.16	0.0071920563	-5.8424607	0.0058052723
92.8	0.0072888259	-5.8423511	0.0055225283
93.44	0.0076905927	-5.842233	0.007288673
94.08	0.007963369	-5.8417776	0.010281657
94.72	0.0079229674	-5.8414597	0.0090932649
95.36	0.0078296993	-5.8419375	0.006520828
96	0.0076774097	-5.8421704	0.00513467
96.64	0.0072300985	-5.8422784	0.0046207309
97.28	0.0071511638	-5.8427095	0.0056778378
97.92	0.0070553395	-5.8424649	0.0057292781
98.56	0.0070578807	-5.8423467	0.0071178824
99.2	0.0074112467	-5.8422033	0.0065695161
99.84	0.0077840047	-5.8422345	0.0085520407
100.48	0.0079212455	-5.8416892	0.0090849922
101.12	0.0079850127	-5.8416683	0.0070057745
101.76	0.0078965622	-5.841931	0.0070874417
102.4	0.0075363372	-5.8422496	0.0074146814
103.04	0.0072311699	-5.8423805	0.0078400267
103.68	0.0071522561	-5.8428857	0.0041901291
104.32	0.0071288834	-5.8428499	0.0049954076
104.96	0.0070908647	-5.8425755	0.0038091971
105.6	0.007402962	-5.8422817	0.0054671666
106.24	0.0077477516	-5.8418132	0.00889326
106.88	0.0079171389	-5.8416562	0.0084994149
107.52	0.0079876999	-5.8419003	0.0078353114
108.16	0.007824912	-5.8419882	0.0055801651
108.8	0.0075406456	-5.8424346	0.0058691116
109.44	0.0070848815	-5.8425296	0.0064200901
110.08	0.0070256589	-5.8426291	0.0073518678
110.72	0.0069280635	-5.8426254	0.0043385458
111.36	0.0071946112	-5.8425397	0.0072550154
112	0.0073303143	-5.8417531	0.0067779798
112.64	0.0077566492	-5.8419699	0.0081799491
113.28	0.0079635766	-5.8416688	0.0075626595
113.92	0.0080333581	-5.8418523	0.0073377653
114.56	0.0077388237	-5.841819	0.0067534071
115.2	0.0074866641	-5.8423608	0.0094332894
115.84	0.0071702667	-5.8425864	0.0062490111
116.48	0.0069049288	-5.8422338	0.0049255449
117.12	0.0071207356	-5.8425882	0.0024542374
117.76	0.0071610838	-5.8425207	0.0082266279
118.4	0.0075509788	-5.8422093	0.0064665348
119.04	0.0079763123	-5.8419958	0.0092718029
119.68	0.0080395448	-5.8415807	0.0073720802
120.32	0.0078436125	-5.8417474	0.0089897419
120.96	0.0076135509	-5.8416599	0.0075226389
121.6	0.0074882854	-5.8425817	0.0049963837
122.24	0.0071510909	-5.8426642	0.0073828244
122.88	0.0070847302	-5.8424675	0.0052563946
123.52	0.0071113423	-5.8427007	0.006120612
124.16	0.007288877	-5.8425616	0.0050125901
124.8	0.0077003216	-5.8422345	0.0074532939
125.44	0.007826981	-5.8421014	0.0076620552
126.08	0.0078765634	-5.8416379	0.00846485
126.72	0.0079380278	-5.8417547	0.0081023485
127.36	0.007669837	-5.8419832	0.0071422588
128	0.0072393364	-5.8422816	0.006241151
128.64	0.0070863313	-5.842613	0.005169496
129.28	0.0069905943	-5.8427528	0.0066225294
129.92	0.0071116556	-5.8426897	0.0070341162
130.56	0.0071691526	-5.842172	0.0055069548
131.2	0.0077108355	-5.8420269	0.006886141
131.84	0.0078907916	-5.8417791	0.0087396811
132.48	0.008046627	-5.8418214	0.0077012576
133.12	0.0079241898	-5.841778	0.0082759908
133.76	0.0076475296	-5.8421138	0.0072052017
134.4	0.0073757348	-5.8425183	0.0065433808
135.04	0.0070734155	-5.8424565	0.0033357061
135.68	0.007108693	-5.8428205	0.0033015014
136.32	0.0072082424	-5.8423805	0.0065963649
136.96	0.0071693269	-5.8420755	0.0076348706
137.6	0.0076346913	-5.8421625	0.0091566466
138.24	0.0080019089	-5.841894	0.0069577063
138.88	0.007964159	-5.8416565	0.0085930732
139.52	0.0078297123	-5.8418604	0.0074856555
140.16	0.0075151967	-5.8420447	0.0072866979
140.8	0.0072811817	-5.8425373	0.0041908135
141.44	0.0069916265	-5.8426848	0.0060209635
142.08	0.0070305119	-5.842614	0.0057591226
142.72	0.0071791789	-5.8426041	0.0065204871
143.36	0.0075142646	-5.842021	0.0060860736
144	0.0077071505	-5.8417761	0.0063306778
144.64	0.0078957461	-5.8417541	0.0098681864
145.28	0.0079358104	-5.8416793	0.0073345521
145.92	0.0076539626	-5.8416608	0.011128814
146.56	0.0074077021	-5.8419801	0.007076966
147.2	0.007203375	-5.8423848	0.0053351069
147.84	0.0070507787	-5.8425669	0.0059573407
148.48	0.0069152954	-5.8423287	0.004706439
149.12	0.0071333878	-5.8426769	0.0071479985
149.76	0.0075259229	-5.8423579	0.0082006209
150.4	0.0078528243	-5.8418098	0.0064443474
151.04	0.0080197134	-5.841893	0.008799193
151.68	0.0079167468	-5.8417936	0.0079990136
152.32	0.0077551018	-5.8416479	0.0063813152
152.96	0.0074724245	-5.8424359	0.005827145
153.6	0.0072134418	-5.8424669	0.0068447546
154.24	0.006992421	-5.8426988	0.0066919761
154.88	0.0070394515	-5.8425579	0.0037072025
155.52	0.0073252173	-5.8428945	0.0051742144
156.16	0.0075136723	-5.8420808	0.0046991163
156.8	0.0078562152	-5.8420189	0.0078995715
157.44	0.0078991409	-5.841468	0.0080015651
158.08	0.0077660566	-5.8417431	0.0094195502
158.72	0.0076738017	-5.8418355	0.0083136643
159.36	0.007368511	-5.8422901	0.0045508967
160	0.0072019847	-5.8426274	0.0058025936
160.64	0.0069717187	-5.8423933	0.0060554153
161.28	0.0071452162	-5.8427339	0.0054257009
161.92	0.0072967455	-5.8422665	0.0063475721
162.56	0.0075892126	-5.8421921	0.0071969008
163.2	0.0078742049	-5.841841	0.0061130246
163.84	0.0079982822	-5.8418354	0.0079252191
164.48	0.0079756632	-5.8419628	0.0095921107
165.12	0.0076019394	-5.8419477	0.0082245266
165.76	0.00726014	-5.8423373	0.0063650219
166.4	0.0070868248	-5.8426679	0.0063537965
167.04	0.0071878096	-5.8426791	0.0052600263
167.68	0.0070354416	-5.842541	0.0050936722
168.32	0.0072020282	-5.8423486	0.0052846863
168.96	0.0075938984	-5.8417928	0.0071703295
169.6	0.0077718142	-5.8417375	0.0081275467
170.24	0.0079407313	-5.841712	0.007775986
170.88	0.0078732767	-5.8419332	0.0082454415
171.52	0.0075722827	-5.8419342	0.0066896795
172.16	0.007290315	-5.8423031	0.0065451576
172.8	0.0070208836	-5.8425547	0.0063705273
173.44	0.006968688	-5.8426688	0.0046645807
174.08	0.0071410286	-5.8426098	0.0053465229
174.72	0.0073449716	-5.842269	0.0066278535
175.36	0.0077482884	-5.8420873	0.0084342074
176	0.0080505396	-5.8418157	0.0068920658
176.64	0.008036741	-5.8419667	0.0080267637
177.28	0.007959441	-5.8417737	0.0066807111
177.92	0.0075825519	-5.8419578	0.0070403144
178.56	0.0072208464	-5.8424128	0.0052777317
179.2	0.0070761097	-5.8426637	0.0071227756
179.84	0.0069063339	-5.8426567	0.0054362362
180.48	0.0071439915	-5.8422868	0.0053248347
181.12	0.0073273273	-5.842167	0.0068292436
181.76	0.0078041932	-5.8423308	0.0064821941
182.4	0.0078426655	-5.8416671	0.0088149633
183.04	0.0078847947	-5.8418278	0.010793539
183.68	0.0077750139	-5.8417579	0.0081687586
184.32	0.0075662412	-5.8421705	0.0063953477
184.96	0.0073368214	-5.8425424	0.0077681995
185.6	0.0069841649	-5.842512	0.0047934488
186.24	0.0071281399	-5.8429214	0.0058045657
186.88	0.007144228	-5.842182	0.0052022241
187.52	0.0074465539	-5.8421151	0.0078124409
188.16	0.0077678438	-5.841799	0.0078739313
188.8	0.0079223787	-5.8417799	0.0076286482
189.44	0.0079607413	-5.8419594	0.0073351983
190.08	0.0077778984	-5.8419569	0.007717257
190.72	0.0075721303	-5.8420014	0.0080200338
191.36	0.007231486	-5.8427242	0.0051296228
192	0.007086011	-5.842405	0.0049807289
192.64	0.0068840116	-5.8426003	0.0044106948
193.28	0.0072352934	-5.8427568	0.005615938
193.92	0.0074241499	-5.8423214	0.0068449939
194.56	0.0078362236	-5.8420556	0.0069600202
195.2	0.0080009293	-5.8420179	0.0069163583
195.84	0.0078645803	-5.8416911	0.0077420173
196.48	0.0077790654	-5.84173	0.0089717923
197.12	0.007514453	-5.8422696	0.0056844528
197.76	0.0072165702	-5.8425201	0.0052332148
198.4	0.0069609317	-5.8427972	0.0043538276
199.04	0.0071231602	-5.8427805	0.0042395852
199.68	0.0071751343	-5.8422001	0.007733941
200.32	0.0076729303	-5.8422509	0.0059331334
200.96	0.0079177148	-5.8418918	0.0077454007
201.6	0.0080077723	-5.8417821	0.0076775008
202.24	0.0078293781	-5.841578	0.0083306891
202.88	0.0077489191	-5.8418207	0.0067739424
203.52	0.0074152085	-5.8425419	0.0063158214
204.16	0.0072249334	-5.8427361	0.0071207471
204.8	0.0070788068	-5.8426734	0.0064856273
205.44	0.0071261054	-5.8427102	0.006451904
206.08	0.0074008245	-5.8426657	0.0059029334
206.72	0.007514934	-5.8422058	0.0087295903
207.36	0.007838928	-5.8416323	0.0086422221
208	0.008100496	-5.8419174	0.0088805815
208.64	0.0079224024	-5.8419069	0.0077335167
209.28	0.0076256015	-5.842	0.0059062565
209.92	0.0073790452	-5.8424252	0.0067240057
210.56	0.0070019019	-5.8425882	0.0060289062
211.2	0.0070620372	-5.8426116	0.0040572345
211.84	0.0070333203	-5.8426992	0.0062457588
212.48	0.0073397832	-5.8424325	0.0058556374
213.12	0.0076341689	-5.8419035	0.0070988184
213.76	0.0078583917	-5.8418753	0.0096349236
214.4	0.0080070056	-5.8417041	0.0087250127
215.04	0.0080038511	-5.8419418	0.0054258531
215.68	0.0075028512	-5.8420669	0.0067627415
216.32	0.0074322998	-5.842602	0.0068554511
216.96	0.0071193627	-5.8426308	0.0044011708
217.6	0.0070001081	-5.8427186	0.0047926613
218.24	0.0071966782	-5.8425983	0.0053031571
218.88	0.0074060566	-5.8421833	0.0062723678
219.52	0.0076102079	-5.8423622	0.0076145148
220.16	0.0078270913	-5.84156	0.0085730044
220.8	0.0079788088	-5.8418149	0.0070695996
221.44	0.0078729617	-5.8419429	0.0089094822
222.08	0.007709508	-5.8422369	0.007008335
222.72	0.0072738693	-5.8425826	0.0061800941
223.36	0.0070238009	-5.8426706	0.00645384
224	0.0069412495	-5.8426411	0.0049691951
224.64	0.0072710542	-5.8425076	0.0044622882
225.28	0.0073493985	-5.8422031	0.0062842352
225.92	0.0076778899	-5.841797	0.0079303838
226.56	0.0078215267	-5.8415506	0.0076413105
227.2	0.0078964634	-5.8415644	0.0090787732
227.84	0.0077682378	-5.8417459	0.0086577412
228.48	0.0074509718	-5.8420714	0.0064856508
229.12	0.0072982287	-5.8425333	0.0047612503
229.76	0.0070644298	-5.8425865	0.004544304
230.4	0.0068789331	-5.8426277	0.0080554483
231.04	0.0072774791	-5.8426668	0.0053616012
231.68	0.0076578824	-5.8425399	0.0047253812
232.32	0.0078148017	-5.8419413	0.0073686785
232.96	0.0080330326	-5.8418382	0.0082597365
233.6	0.007940972	-5.8415255	0.0089003518
234.24	0.0077320961	-5.8417509	0.0065905593
234.88	0.0074867127	-5.8422841	0.0068864126
235.52	0.0072879217	-5.8426391	0.0065176496
236.16	0.0070144688	-5.8427315	0.00453796
236.8	0.0069908751	-5.8422008	0.0042998761
237.44	0.0073401215	-5.8428156	0.0060866135
238.08	0.007493869	-5.8422154	0.007340547
238.72	0.0078597744	-5.8420788	0.0072974885
239.36	0.0078860355	-5.8416113	0.0092318278
240	0.007935165	-5.8417654	0.0066325201
240.64	0.0078434781	-5.8421631	0.0062052336
241.28	0.0074130469	-5.8422175	0.0072127664
241.92	0.0071180242	-5.8425772	0.0057103232
242.56	0.0071075176	-5.8427718	0.0060680418
243.2	0.0070508772	-5.8426267	0.0047732896
243.84	0.0072683286	-5.842343	0.0071472087
244.48	0.0074700271	-5.8420498	0.0085939886
245.12	0.0079061794	-5.8420509	0.0088373887
245.76	0.0079649438	-5.8417169	0.0094080605
246.4	0.0078265007	-5.8415666	0.0086702422
247.04	0.0077469825	-5.8420141	0.0063599457
247.68	0.0072662098	-5.8419253	0.0073602202
248.32	0.0071769733	-5.84243	0.004966646
248.96	0.0071106675	-5.8429998	0.004501479
249.6	0.0071166101	-5.8422728	0.0031902292
250.24	0.0071969822	-5.842178	0.0072389154
250.88	0.0075306008	-5.8420689	0.0069030091
251.52	0.0077778425	-5.8417017	0.0086694595
252.16	0.0079932559	-5.8417127	0.010279428
252.8	0.0078669396	-5.8416458	0.0075016096
253.44	0.0077221743	-5.8422289	0.0065500988
254.08	0.007399163	-5.8424462	0.0066982183
254.72	0.0071053765	-5.8426161	0.0063702209
255.36	0.0070618071	-5.842808	0.0045452349
256	0.0070773184	-5.8424711	0.0048812962
256.64	0.00721289	-5.8424303	0.0076068286
257.28	0.0075325332	-5.8420033	0.0071437849
257.92	0.0078335191	-5.8419374	0.0093960188
258.56	0.00801447	-5.8419151	0.0093248933
259.2	0.007925783	-5.8420064	0.0068953399
259.84	0.0075120998	-5.8421799	0.0084151302
260.48	0.0072725429	-5.8424957	0.0071921627
261.12	0.0069912053	-5.8426607	0.0038600403
261.76	0.0069138182	-5.842662	0.0052648942
262.4	0.0070645754	-5.842324	0.0058221495
263.04	0.0074513005	-5.8423017	0.0057939772
263.68	0.0077382708	-5.8422162	0.006647459
264.32	0.007862233	-5.8417565	0.0067602018
264.96	0.0079192969	-5.841501	0.0074511259
265.6	0.0077878705	-5.8420084	0.0068701364
266.24	0.0076231728	-5.8425388	0.0071249418
266.88	0.0073064686	-5.8423987	0.0072738404
267.52	0.0070623219	-5.8424561	0.006916503
268.16	0.007053745	-5.8429374	0.005428873
268.8	0.0072871893	-5.842678	0.0053431203
269.44	0.0073490557	-5.8421905	0.0067094654
270.08	0.0078133762	-5.8421853	0.006643486
270.72	0.0079147957	-5.8416846	0.0079454235
271.36	0.0080893192	-5.8419407	0.0066400127
272	0.0078094329	-5.8416883	0.0077002623
272.64	0.0075584741	-5.8420687	0.0063584287
273.28	0.0072679275	-5.8424365	0.0067170344
273.92	0.0069998811	-5.8426685	0.005647005
274.56	0.0069348251	-5.8426611	0.0052694514
275.2	0.007167117	-5.8425821	0.005022753
275.84	0.0074829978	-5.8421499	0.006841261
276.48	0.007803541	-5.8420963	0.0051887095
277.12	0.0080347815	-5.8418573	0.0077276556
277.76	0.0079951138	-5.8416267	0.0088688718
278.4	0.0077215968	-5.8418461	0.0080562471
279.04	0.0074316496	-5.8418395	0.0067693602
279.68	0.0072064362	-5.8423799	0.0055512484
280.32	0.0070456616	-5.8424989	0.0044420389
280.96	0.0070756178	-5.842933	0.0050184185
281.6	0.0072538561	-5.8430039	0.0047457098
282.24	0.0075235409	-5.8421223	0.0074266884
282.88	0.0078389846	-5.8418038	0.0074466713
283.52	0.0080691648	-5.8418095	0.0088280312
284.16	0.008030752	-5.8418513	0.006735462
284.8	0.007635748	-5.8416751	0.0058714188
285.44	0.007439556	-5.8422721	0.006399785
286.08	0.0070165868	-5.8423694	0.0065773738
286.72	0.0069627623	-5.8428321	0.0047197505
287.36	0.0071045558	-5.8429208	0.0056502729
288	0.007240545	-5.8423915	0.0057321017
288.64	0.0075368835	-5.8423437	0.0093283072
289.28	0.0078358632	-5.8419727	0.0067292943
289.92	0.007899077	-5.8416679	0.010086626
290.56	0.0080053994	-5.8418185	0.0093481954
291.2	0.0076354184	-5.8421394	0.0089658658
291.84	0.0073451812	-5.8421295	0.0061785312
292.48	0.0069402344	-5.8426867	0.0054046203
293.12	0.0069258154	-5.8425522	0.0068919012
293.76	0.007024521	-5.8426131	0.0057124763
294.4	0.0073272068	-5.8427605	0.0068900614
295.04	0.007648713	-5.8420779	0.0067147409
295.68	0.0079149085	-5.8417484	0.0098532929
296.32	0.0080566432	-5.8416725	0.0069509507
296.96	0.007887495	-5.8417862	0.009120135
297.6	0.0075165597	-5.8417369	0.0067419222
298.24	0.0074278754	-5.8425817	0.0067731764
298.88	0.0070967749	-5.8427777	0.0043741067
299.52	0.0069721725	-5.8427915	0.0061635643
300.16	0.0071612063	-5.8424919	0.0052503992
300.8	0.0072768709	-5.84243	0.0045204772
301.44	0.0076183016	-5.841677	0.0075375896
302.08	0.0079998233	-5.8418677	0.0080385727
302.72	0.0079491197	-5.8414793	0.0069935732
303.36	0.0078581039	-5.842007	0.0072368738
304	0.0075902779	-5.8420831	0.0090375628
304.64	0.0073091726	-5.8425296	0.006133404
305.28	0.0070205392	-5.8426298	0.0033215325
305.92	0.0070002583	-5.8427809	0.0054966904
306.56	0.0071185479	-5.8426017	0.005636847
307.2	0.0074268545	-5.8422964	0.0057977251
307.84	0.0076267247	-5.8421608	0.0082216605
308.48	0.008011175	-5.8419503	0.0085331475
309.12	0.007912564	-5.8415705	0.0080097899
309.76	0.0078299447	-5.8417986	0.0097099304
310.4	0.0075102797	-5.842078	0.0071657391
311.04	0.0071817176	-5.8422608	0.0062221308
311.68	0.0071087039	-5.8429089	0.0058004936
312.32	0.0068766337	-5.8425837	0.0044149158
312.96	0.0071918215	-5.8424244	0.0048145148
313.6	0.0074079681	-5.8423392	0.0074982577
314.24	0.0077866143	-5.8419749	0.0065794303
314.88	0.007811362	-5.8417351	0.0098704077
315.52	0.0078971389	-5.8414669	0.0075494722
316.16	0.0077815248	-5.8418186	0.0074415981
316.8	0.0075318641	-5.8420324	0.0067481207
317.44	0.0073950477	-5.8428242	0.0059836813
318.08	0.0071047746	-5.8429148	0.0039429613
318.72	0.0071018434	-5.8426807	0.0053697187
319.36	0.0071849997	-5.842381	0.0066531438
320	0.0075294829	-5.8423055	0.005198889
320.64	0.0079025599	-5.8420769	0.0065443271
321.28	0.0079819992	-5.841561	0.0075596029
321.92	0.0078880943	-5.8417108	0.0093418409
322.56	0.0076881047	-5.8417153	0.0069083552
323.2	0.0073738272	-5.8421179	0.0086895426
323.84	0.0071726194	-5.8425304	0.0065389979
324.48	0.0069046973	-5.8425288	0.0057116869
325.12	0.0071700318	-5.842514	0.0039941738
325.76	0.0072461648	-5.8426181	0.0061261507
326.4	0.0075815066	-5.8420675	0.0064126146
327.04	0.0078467381	-5.8418835	0.0060750787
327.68	0.0079674474	-5.8418002	0.0068547049
328.32	0.0080076178	-5.841595	0.0080309915
328.96	0.0077821599	-5.8420214	0.0070766586
329.6	0.0072623543	-5.8420775	0.0068729567
330.24	0.0071878048	-5.8424154	0.0072286836
330.88	0.007074302	-5.8427762	0.0046638989
331.52	0.0069957515	-5.8426065	0.0037896583
332.16	0.0073217403	-5.8425038	0.0047972535
332.8	0.0075740175	-5.842301	0.0058009425
333.44	0.0079282851	-5.8417148	0.0083255308
334.08	0.0080889978	-5.8415215	0.0083589332
334.72	0.0078579477	-5.8416397	0.0092709477
335.36	0.007733204	-5.8421079	0.0055800825
336	0.0073512598	-5.8425112	0.0049057333
336.64	0.007134428	-5.8425692	0.0071572198
337.28	0.0069795469	-5.8426605	0.0063752622
337.92	0.0070733306	-5.8427159	0.0057069025
338.56	0.0074878064	-5.8424489	0.0053917906
339.2	0.0076603921	-5.8422901	0.0073704431
339.84	0.0079141354	-5.8418406	0.006942989
340.48	0.0080248055	-5.8419117	0.0082288435
341.12	0.0079176878	-5.8418002	0.0072992355
341.76	0.0076088373	-5.8421133	0.0084025909
342.4	0.0072373368	-5.8423983	0.007280237
343.04	0.0071160139	-5.842828	0.0048128478
343.68	0.0070573255	-5.8429592	0.0052990617
344.32	0.0071946371	-5.8426091	0.0059661095
344.96	0.0074411534	-5.8423896	0.0070244755
345.6	0.0077107418	-5.8418863	0.0064423366
346.24	0.0078710385	-5.8418181	0.0073973466
346.88	0.0079210551	-5.8415008	0.0093365718
347.52	0.0078603919	-5.8418505	0.0062006708
348.16	0.007515298	-5.8421162	0.0061472699
348.8	0.0073079397	-5.8424542	0.0053201776
349.44	0.0071839811	-5.8427791	0.0056317634
350.08	0.0070280624	-5.8425835	0.0073103849
350.72	0.0070917234	-5.8424568	0.0049924773
351.36	0.0074359137	-5.8422706	0.006082944
352	0.0076566613	-5.8420409	0.0065083214
352.64	0.0081458297	-5.8420186	0.0064401
353.28	0.0079632165	-5.841611	0.0097350319
353.92	0.0077813504	-5.8415913	0.0085134855
354.56	0.0076533969	-5.8421831	0.0056812869
355.2	0.0072472214	-5.8424241	0.0044284309
355.84	0.0070025418	-5.8425547	0.0057636864
356.48	0.0070661864	-5.8429922	0.0062629703
357.12	0.0070745844	-5.8422707	0.0054931508
357.76	0.0075870332	-5.8425208	0.006473566
358.4	0.0077316465	-5.8417804	0.0082998974
359.04	0.0079395901	-5.8416289	0.0078733016
359.68	0.0080521933	-5.8417709	0.0076354612
360.32	0.007692713	-5.8419801	0.0056179529
360.96	0.0074890862	-5.8424575	0.0077402183
361.6	0.0072420955	-5.8425715	0.0067871465
362.24	0.0070008385	-5.8428302	0.0061970165
362.88	0.0070902174	-5.842463	0.0055036462
363.52	0.0072628461	-5.8423666	0.0077972424
364.16	0.0075501838	-5.8424223	0.0076758285
364.8	0.0078532821	-5.8419579	0.0076880186
365.44	0.0080135877	-5.8417752	0.0066064826
366.08	0.0079925308	-5.8416892	0.0070908114
366.72	0.0076709499	-5.8419084	0.0083212476
367.36	0.0074352867	-5.8423318	0.0065576602
368	0.0071517446	-5.8424276	0.0060580405
368.64	0.0070781534	-5.8426855	0.0035772518
369.28	0.0070921014	-5.8429012	0.0044104451
369.92	0.0073050311	-5.8427341	0.0063886852
370.56	0.0075688837	-5.8420637	0.0069919579
371.2	0.0077904753	-5.8418011	0.006255466
371.84	0.0079314513	-5.8419196	0.0096975861
372.48	0.0079004223	-5.8420169	0.0060689413
373.12	0.0075993531	-5.8420862	0.0069017161
373.76	0.0073388666	-5.8423343	0.0051709893
374.4	0.0070561145	-5.8427439	0.0046461759
375.04	0.0070287545	-5.8427138	0.0061046101
375.68	0.0070172205	-5.8424861	0.005100775
376.32	0.0072355876	-5.842161	0.0051451344
376.96	0.00764213	-5.8422233	0.0073499157
377.6	0.0077523508	-5.8418574	0.0073748668
378.24	0.0080672791	-5.84195	0.0086935755
378.88	0.0079968146	-5.841917	0.0082100903
379.52	0.0076143541	-5.8418886	0.0072753318
380.16	0.007307551	-5.842248	0.007443257
380.8	0.0071581493	-5.8428933	0.0034850127
381.44	0.0070389441	-5.8426976	0.0052664744
382.08	0.0070280867	-5.8425314	0.0062551459
382.72	0.0072897676	-5.8422846	0.0085249793
383.36	0.007726139	-5.8421621	0.0062372431
384	0.0079133175	-5.8417475	0.0077221698
384.64	0.0079992256	-5.8417572	0.0082105772
385.28	0.0079505627	-5.8419753	0.0082780766
385.92	0.007603707	-5.8421693	0.0065609606
386.56	0.0073179594	-5.8423878	0.0049232122
387.2	0.0070915707	-5.8427292	0.0065062761
387.84	0.0069979521	-5.8425327	0.0052090457
388.48	0.0070994897	-5.842281	0.0085736407
389.12	0.007413047	-5.8424712	0.0059707518
389.76	0.0076738263	-5.8422535	0.0077903987
390.4	0.0078819959	-5.8417225	0.0078478907
391.04	0.0078967418	-5.8415891	0.0077892239
391.68	0.0078265395	-5.8419986	0.0067555047
392.32	0.0075775282	-5.8420385	0.0062716648
392.96	0.0072366592	-5.8425737	0.0062337909
393.6	0.0070915911	-5.8425543	0.0045618405
394.24	0.0070497421	-5.8427873	0.0036793014
394.88	0.0071709758	-5.8424981	0.0044657922
395.52	0.0073497429	-5.8421518	0.0066925493
396.16	0.0077721934	-5.8418587	0.0082769112
396.8	0.0081020159	-5.8420754	0.0074040628
397.44	0.0080249927	-5.8419798	0.0079602999
398.08	0.0077513673	-5.8415342	0.0092543146
398.72	0.0074772165	-5.8421162	0.0070792835
399.36	0.0072912342	-5.8426132	0.0046954423
400	0.0070427915	-5.8426056	0.0056683046
400.64	0.0070077725	-5.8425946	0.0054269358
401.28	0.0071635942	-5.8423515	0.0061569016
401.92	0.0076105929	-5.8423428	0.0075033386
402.56	0.0077724683	-5.8421683	0.0072661386
403.2	0.0079178383	-5.841597	0.0090266206
403.84	0.007976367	-5.8416508	0.0084634745
404.48	0.007699504	-5.8417329	0.0093435321
405.12	0.007457589	-5.8423045	0.0047457031
405.76	0.0071915491	-5.8425039	0.0051162473
406.4	0.0070606567	-5.8427555	0.0063750979
407.04	0.0069103283	-5.8425984	0.0051319302
407.68	0.0071813704	-5.8421859	0.0058437281
408.32	0.007641327	-5.8421619	0.0067025408
408.96	0.0078411056	-5.842035	0.0078379764
409.6	0.0081030393	-5.8421003	0.0076957531
410.24	0.0079033368	-5.841762	0.009334123
410.88	0.0076700725	-5.841783	0.0065610009
411.52	0.0075308871	-5.8423216	0.0058884471
412.16	0.007075806	-5.8422453	0.0062715929
412.8	0.0069898135	-5.8425159	0.0056081255
413.44	0.007013079	-5.8426385	0.0063201108
414.08	0.0073365625	-5.8424972	0.0046995394
414.72	0.0076190421	-5.8420093	0.0069503698
415.36	0.0079262747	-5.8419336	0.0067955172
416	0.0080496235	-5.8418113	0.0081436442
416.64	0.0077748612	-5.8418274	0.0094108852
417.28	0.0077645642	-5.8422091	0.0077514412
417.92	0.0073706887	-5.8421877	0.0057299536
418.56	0.0070922953	-5.8426553	0.0048909671
419.2	0.0069112279	-5.842764	0.0048660971
419.84	0.0070980179	-5.8427045	0.0047658352
420.48	0.00731041	-5.8422335	0.005802073
421.12	0.0075517179	-5.8420497	0.0081434072
421.76	0.0078159442	-5.8419336	0.007207016
422.4	0.0079849031	-5.8417694	0.0079699676
423.04	0.0079121627	-5.8419013	0.00843239
423.68	0.0077119384	-5.8421558	0.0074611776
424.32	0.0074097809	-5.8423878	0.0052325072
424.96	0.0071097893	-5.8425562	0.0047384208
425.6	0.0070243565	-5.8427249	0.0057215958
426.24	0.0070861398	-5.8426044	0.0073820043
426.88	0.0074902796	-5.8423497	0.0060986815
427.52	0.0075794675	-5.8419565	0.006578622
428.16	0.0079240203	-5.8416674	0.0071498145
428.8	0.007997292	-5.8420975	0.0071905912
429.44	0.0078436922	-5.8415989	0.0089150297
430.08	0.0076499381	-5.8420821	0.0088050061
430.72	0.0072346164	-5.8425641	0.0055548597
431.36	0.0071212533	-5.8426944	0.004915985
432	0.0070606886	-5.8428503	0.0056077507
432.64	0.0071605815	-5.8427396	0.0063427036
433.28	0.0073816268	-5.8425133	0.0065779676
433.92	0.0076363655	-5.8418486	0.0063461873
434.56	0.0079848176	-5.8416659	0.0091428988
435.2	0.0080100195	-5.841807	0.0089597732
435.84	0.0079480915	-5.8420078	0.0064244537
436.48	0.0075228733	-5.842168	0.0065351572
437.12	0.0071770049	-5.8422691	0.0065731681
437.76	0.0070169297	-5.8426745	0.006916378
438.4	0.0069902638	-5.8427866	0.0060427827
439.04	0.0071430379	-5.8424169	0.0068895286
439.68	0.0075589916	-5.8422327	0.0052304269
440.32	0.0077022631	-5.8417921	0.0081583117
440.96	0.0079220711	-5.8415312	0.0086310214
441.6	0.0079945892	-5.8416793	0.0064283638
442.24	0.0078768618	-5.8417898	0.0073330284
442.88	0.0075329177	-5.8422539	0.0063356549
443.52	0.0072742365	-5.8425232	0.0038975127
444.16	0.0070147029	-5.8427389	0.0054519879
444.8	0.00703869	-5.8427024	0.0068402868
445.44	0.0072143038	-5.8424865	0.0044354414
446.08	0.0074569552	-5.842136	0.0078148184
446.72	0.0077728977	-5.841935	0.0059341108
447.36	0.0078953406	-5.8417249	0.0095674843
448	0.0079171814	-5.8418743	0.0087157536
448.64	0.0077171542	-5.8419176	0.0067557604
449.28	0.0074844317	-5.8422897	0.0072264019
449.92	0.0069979697	-5.8424996	0.0046420056
450.56	0.0070192096	-5.8425025	0.0049283342
451.2	0.0071684063	-5.8428759	0.0032583018
451.84	0.0072204329	-5.8423778	0.0056462453
452.48	0.0074948377	-5.8421826	0.0076312361
453.12	0.0078556556	-5.8418529	0.0089220591
453.76	0.0081105888	-5.8417722	0.0069547244
454.4	0.0079817979	-5.8415639	0.0070985021
455.04	0.0078034431	-5.8420596	0.0069228398
455.68	0.0073386322	-5.8422045	0.006918437
456.32	0.0072133111	-5.8429071	0.0061068877
456.96	0.0069118928	-5.8424716	0.005408862
457.6	0.0070395713	-5.8425455	0.005367513
458.24	0.0073076333	-5.8422629	0.0044853045
458.88	0.0075780435	-5.8420498	0.0072873538
459.52	0.0079520985	-5.8418391	0.0071167855
460.16	0.0080884893	-5.8417314	0.0080709329
460.8	0.0079057085	-5.8416642	0.0060822562
461.44	0.0077073776	-5.842117	0.0075266551
462.08	0.0074403844	-5.8423337	0.0060832964
462.72	0.007036724	-5.8426541	0.0083874182
463.36	0.0069356363	-5.8426094	0.0060740938
464	0.0071369952	-5.8425439	0.0050652061
464.64	0.0073114407	-5.8423293	0.0066081984
465.28	0.0077404739	-5.8423271	0.0056669376
465.92	0.0078543233	-5.8416922	0.0093414199
466.56	0.0079180909	-5.8415197	0.0069367888
467.2	0.0078057267	-5.8415546	0.010834186
467.84	0.0075709352	-5.8422651	0.0070724694
468.48	0.0071849439	-5.8424204	0.0066129574
469.12	0.0071696113	-5.8427404	0.0070635286
469.76	0.0070504361	-5.8428258	0.0055113109
470.4	0.0070880365	-5.8427024	0.0059481125
471.04	0.0074754151	-5.8422683	0.0070512826
471.68	0.0077746906	-5.8419835	0.0054073839
472.32	0.0079722112	-5.8419842	0.0087643262
472.96	0.008019733	-5.8415034	0.007433363
473.6	0.0080496101	-5.8418421	0.0081040187
474.24	0.0075646353	-5.8421622	0.0066228344
474.88	0.0072746586	-5.8426912	0.0064953456
475.52	0.0070190284	-5.8426366	0.0046092192
476.16	0.0070564492	-5.8428019	0.0061526569
476.8	0.0071381663	-5.8426817	0.0045068544
477.44	0.0072746996	-5.8423675	0.0055984497
478.08	0.0075671074	-5.8418724	0.0096955141
478.72	0.0078848548	-5.8417323	0.0085006354
479.36	0.008082588	-5.8416751	0.0073823892
480	0.0077797961	-5.8417234	0.0097588859
480.64	0.0075682456	-5.8423599	0.0055570894
481.28	0.0071717267	-5.8424777	0.0057368218
481.92	0.0071210168	-5.8427589	0.0054323932
482.56	0.0069376891	-5.8425887	0.0046304312
483.2	0.0072291499	-5.8425185	0.0057809141
483.84	0.0074543724	-5.8420516	0.0063746227
484.48	0.0079320997	-5.8418109	0.0085117947
485.12	0.0081135547	-5.8418321	0.0084151863
485.76	0.0079244183	-5.841888	0.0080362398
486.4	0.00796539	-5.8419803	0.0066862394
487.04	0.0075137703	-5.8424587	0.0058294715
487.68	0.0071532344	-5.8423717	0.0063085702
488.32	0.0069652862	-5.8425894	0.0056751805
488.96	0.0070348182	-5.842586	0.0067140601
489.6	0.007296165	-5.842593	0.0057206527
490.24	0.0075341477	-5.8420268	0.006215501
490.88	0.0078662922	-5.8418966	0.007939122
491.52	0.007952938	-5.8417229	0.0099526601
492.16	0.0079826857	-5.8417269	0.0067831821
492.8	0.0077418254	-5.842009	0.0080032747
493.44	0.0074060373	-5.8423182	0.0069027785
494.08	0.00724559	-5.8423173	0.0041178551
494.72	0.0070005773	-5.8427701	0.005212439
495.36	0.0070052759	-5.8425987	0.0033970476
496	0.0072697368	-5.8424259	0.0077630115
496.64	0.0075735766	-5.8417604	0.0077476055
497.28	0.0078350595	-5.8418657	0.0059379316
497.92	0.0080797858	-5.8418318	0.0062350619
498.56	0.0079512072	-5.8418842	0.0072410247
499.2	0.0075008932	-5.8418243	0.0081225432
499.84	0.0073613175	-5.8422603	0.0064353741
