0	0.0014564605	-5.8421166	-0.001498544
0.64	0.0014765998	-5.8422951	-0.00076005142
1.28	0.0014963893	-5.8422304	-0.0008125439
1.92	0.0015019723	-5.8421915	-0.001631384
2.56	0.00151139	-5.8420213	-0.0019414515
3.2	0.0015089406	-5.8419387	-0.0015006142
3.84	0.0015246763	-5.8420647	-0.00082768604
4.48	0.0014972621	-5.8420347	-0.00044606214
5.12	0.0014848781	-5.8422819	-0.0013030677
5.76	0.0014968824	-5.8422513	-0.00048496023
6.4	0.0014909284	-5.8421115	-0.00088702528
7.04	0.0014723057	-5.8421054	-0.0013373523
7.68	0.0015117796	-5.8421154	-0.0012766501
8.32	0.0015199323	-5.84229	-0.00026121804
8.96	0.0015305251	-5.8420162	-0.001171288
9.6	0.0015348438	-5.841918	-0.0013774181
10.24	0.0015125959	-5.8421068	-0.00105965
10.88	0.0014998406	-5.8420523	-0.00052397603
11.52	0.0014937796	-5.8422349	-0.00088571643
12.16	0.0015005002	-5.8420659	-0.0011350495
12.8	0.0014672804	-5.8423063	-0.0005440491
13.44	0.0014879547	-5.8420052	-0.0022868338
14.08	0.0015156128	-5.8421942	-0.00098729247
14.72	0.001540924	-5.8422262	-0.0014849398
15.36	0.0014976351	-5.8421283	-0.0012808456
16	0.0015318732	-5.8422078	-7.9160814e-05
16.64	0.0015273081	-5.8418755	-0.0014120625
17.28	0.0015213751	-5.8421908	-0.0015435467
17.92	0.0014755446	-5.84203	-0.0012271531
18.56	0.0014625402	-5.8421789	-0.00061849441
19.2	0.0014731135	-5.842287	-0.0019248283
19.84	0.0014697901	-5.8420799	-0.00099487663
20.48	0.0014875216	-5.8423807	-0.0015957165
21.12	0.0015417861	-5.8420304	-0.00091867327
21.76	0.0014913781	-5.8421596	-0.00021033487
22.4	0.0015459157	-5.842315	-0.001899972
23.04	0.0015129958	-5.8423042	-0.00069264157
23.68	0.0014971951	-5.8420204	-0.0021017287
24.32	0.0014910351	-5.8421841	-0.0020411975
24.96	0.0014750469	-5.8421472	-0.0012791574
25.6	0.0014957104	-5.8420687	-0.0014489502
26.24	0.0014992927	-5.8421166	-0.0009361455
26.88	0.0014940638	-5.8421308	-0.0010657648
27.52	0.0015162193	-5.8422431	-0.0012616017
28.16	0.0015370308	-5.8421534	-0.0012068171
28.8	0.0015352418	-5.841981	-0.0009820025
29.44	0.0015107106	-5.8422	-0.0022199535
30.08	0.0014987191	-5.8421575	-0.0013689113
30.72	0.0014539474	-5.8421471	-0.00095281288
31.36	0.001458455	-5.8421124	-0.00053175201
32	0.0014308972	-5.8420525	-0.0018035066
32.64	0.001476109	-5.8420251	-0.00082893366
33.28	0.0015097757	-5.8421157	-0.0013048068
33.92	0.001511737	-5.842235	-0.0016477444
34.56	0.0015168088	-5.8422341	-0.00091274006
35.2	0.0015265462	-5.8420848	-0.0010610887
35.84	0.0014810182	-5.8419527	-0.00082936249
36.48	0.0014842257	-5.8420669	-0.0014171849
37.12	0.0014713611	-5.8421787	-0.0011815449
37.76	0.0014933728	-5.8424353	-0.0017606445
38.4	0.0014579153	-5.8422522	-0.00129171
39.04	0.0014936112	-5.8420222	-0.0010619667
39.68	0.001524529	-5.8422287	-0.001440662
40.32	0.0015146001	-5.8420609	-0.0017085903
40.96	0.0015119774	-5.8421596	-0.001506257
41.6	0.0015299079	-5.8420306	-0.00090956775
42.24	0.0015205306	-5.8421163	-0.00067035206
42.88	0.001455584	-5.842152	-0.0016298888
43.52	0.0014647225	-5.8423087	-0.0010743313
44.16	0.0014634552	-5.8422324	-0.00087955195
44.8	0.0014735654	-5.8420384	-0.0010157368
45.44	0.0015243528	-5.8421986	-0.0015934684
46.08	0.0015186481	-5.8418651	-0.0005814762
46.72	0.0015397363	-5.8421918	-0.00078665949
47.36	0.0015212775	-5.8420814	-0.00051719618
48	0.0014963983	-5.8419891	-0.00053061251
48.64	0.0014956452	-5.8422862	-0.00063855376
49.28	0.0014746308	-5.8420512	-0.00099328166
49.92	0.0014795938	-5.8419511	-0.0018729754
50.56	0.0014769125	-5.8422482	-0.0028792728
51.2	0.0014802581	-5.8421462	-0.0013463588
51.84	0.0015128775	-5.8422237	-0.00019631281
52.48	0.0014979281	-5.8421584	-0.0020934471
53.12	0.0015242538	-5.8421527	-0.0017386403
53.76	0.001530532	-5.8420883	-0.0012725698
54.4	0.0015278523	-5.8420093	-0.0012789624
55.04	0.0015367414	-5.8422085	-0.0016208591
55.68	0.0014645007	-5.842073	-0.0015561522
56.32	0.0014751953	-5.8422503	-0.0015143794
56.96	0.0014774352	-5.8423253	-0.0011989446
57.6	0.0014798815	-5.8421842	-0.0012444842
58.24	0.0015021288	-5.8422225	-0.0017622489
58.88	0.0015018099	-5.842038	-0.00069088155
59.52	0.0015152993	-5.8420632	-0.00079704982
60.16	0.0015310103	-5.8422071	-0.001653312
60.8	0.0015267033	-5.8421659	-0.0014774521
61.44	0.0015034002	-5.8421916	-0.00038101137
62.08	0.0014623278	-5.8420091	-0.0014992565
62.72	0.0014901773	-5.8422882	-0.0025620737
63.36	0.0014544611	-5.8422378	-0.0012734844
64	0.0014857481	-5.8422705	-0.0015180222
64.64	0.0015190611	-5.8420966	-0.00084067611
65.28	0.0014943918	-5.8419742	-0.0008138857
65.92	0.0015063816	-5.8419941	-0.00053466733
66.56	0.0015018228	-5.8420671	-0.0012102864
67.2	0.0015163472	-5.8421179	-0.00095965158
67.84	0.0015204107	-5.8421947	-0.00052124744
68.48	0.0014592129	-5.8421354	-0.0012000067
69.12	0.001471595	-5.8421756	-0.0013384588
69.76	0.0014805386	-5.8421155	-0.0011183788
70.4	0.0015118005	-5.8422671	-0.0018896708
71.04	0.0014954524	-5.8422195	-0.00048174575
71.68	0.0015465977	-5.8422685	-0.0013471429
72.32	0.0015282032	-5.842183	-0.00151339
72.96	0.0015000697	-5.8421524	-0.0010882214
73.6	0.0015238201	-5.8419966	-0.0011246067
74.24	0.0014838668	-5.8421938	-0.0010303895
74.88	0.0014618991	-5.8420868	-0.0018843813
75.52	0.0014720918	-5.842054	-0.0011870013
76.16	0.0014484167	-5.8421381	-0.0014117914
76.8	0.0014825279	-5.8421092	-0.00050266494
77.44	0.0015095495	-5.8421106	-0.00059764169
78.08	0.0015503708	-5.8421113	-0.00072243438
78.72	0.0015365085	-5.8420121	-0.0009407314
79.36	0.0015026987	-5.8420595	-0.001158169
80	0.0014882197	-5.842226	-0.0012907518
80.64	0.0015040554	-5.8422664	-0.00058315279
81.28	0.0014710535	-5.842164	-0.0019137717
81.92	0.0014775322	-5.8422009	-0.0016787486
82.56	0.0014946464	-5.8421213	-0.00096276677
83.2	0.0014966595	-5.8420752	-0.0013245098
83.84	0.0015080312	-5.842017	-0.0015051203
84.48	0.0015320108	-5.8422228	-0.00095447788
85.12	0.0015247183	-5.8421376	-0.00081832199
85.76	0.0015015136	-5.8421038	-0.0013040075
86.4	0.0014851255	-5.8421554	-0.0010773348
87.04	0.0014809008	-5.8420954	-0.0013513407
87.68	0.0014660105	-5.8422275	-0.0012123134
88.32	0.0014891324	-5.8421931	-0.001247795
88.96	0.0014922199	-5.8421359	-0.0011906697
89.6	0.0015036834	-5.8421212	-0.0012348695
90.24	0.0015183612	-5.8421789	-0.0013738361
90.88	0.0015216746	-5.8422083	-0.0016745574
91.52	0.0015320452	-5.8420135	-0.0011891896
92.16	0.0015101232	-5.8421208	-0.00058230917
92.8	0.0014822624	-5.8420481	-0.00063856955
93.44	0.0014916105	-5.8422032	-0.0011467187
94.08	0.0014850581	-5.8421646	-0.00084678166
94.72	0.0014529844	-5.8421502	-0.00077157734
95.36	0.0014897432	-5.8421601	-0.00060937291
96	0.0014980075	-5.8420596	-0.0019399601
96.64	0.0015242081	-5.842045	-0.0015120786
97.28	0.001519477	-5.8422188	-0.0013973674
97.92	0.0015420463	-5.8420964	-0.00090482234
98.56	0.0014923819	-5.8419968	-0.0011824602
99.2	0.0015007543	-5.8421623	-0.0011159523
99.84	0.0014955413	-5.8422624	-0.0023438494
100.48	0.0014925135	-5.8421579	-0.0008383908
101.12	0.0014776107	-5.8419883	-0.00087802072
101.76	0.0014899001	-5.8422964	-0.0014287413
102.4	0.0014771175	-5.8422153	-0.0013212958
103.04	0.0015123529	-5.8421256	-0.0010041058
103.68	0.0015228392	-5.8421789	-0.00092730626
104.32	0.0015509215	-5.8421351	-0.0015737475
104.96	0.0015207616	-5.8420772	-0.00095475485
105.6	0.0015002113	-5.8419131	-0.0017383395
106.24	0.0014821637	-5.842124	-0.0010423824
106.88	0.0014636762	-5.8420971	-0.0012631931
107.52	0.0014803663	-5.842071	-0.0010677046
108.16	0.0014776956	-5.8421521	-0.0013003497
108.8	0.0015217074	-5.8422151	-0.00098172554
109.44	0.0015391085	-5.8421524	-0.0010186948
110.08	0.0015223384	-5.8419589	-0.00042264038
110.72	0.0015265441	-5.8420666	-0.0016138543
111.36	0.001489838	-5.842172	-0.00097306003
112	0.001491701	-5.842295	-0.0013210251
112.64	0.0014610231	-5.8421733	-0.0014100023
113.28	0.0014681819	-5.8421469	-0.00035976174
113.92	0.0014724443	-5.8421615	-0.0013257532
114.56	0.0014651844	-5.8421735	-0.0014185646
115.2	0.0015146208	-5.8420957	-0.0014898543
115.84	0.0015220803	-5.8420781	-0.0009997682
116.48	0.0015149964	-5.842079	-0.000455448
117.12	0.0015039819	-5.8421394	-0.0011728888
117.76	0.0014973124	-5.8420713	-0.00087026144
118.4	0.001508452	-5.842175	-0.00095539308
119.04	0.0014718701	-5.842152	-0.00074215052
119.68	0.0014762211	-5.8423708	-0.00090410775
120.32	0.0014652116	-5.8422286	-0.001619001
120.96	0.0014943553	-5.8420767	-0.00096531579
121.6	0.0015195014	-5.8421604	-0.0012846983
122.24	0.001530044	-5.8421521	-0.0015651081
122.88	0.0015182277	-5.8421871	-0.0011014282
123.52	0.0015368337	-5.8421472	-0.00075581965
124.16	0.0015086345	-5.8422715	-0.0005358134
124.8	0.0014791682	-5.8421972	-0.0010263522
125.44	0.0015014454	-5.8422401	-0.0010889679
126.08	0.0014852032	-5.8421975	-0.001166325
126.72	0.0014744043	-5.8420079	-0.00098327821
127.36	0.0015073046	-5.842028	-0.00064488873
128	0.0014879215	-5.842137	-0.0014950274
128.64	0.0015126924	-5.8422015	-0.00091181886
129.28	0.0015449757	-5.8420939	-0.00094739044
129.92	0.0015055966	-5.8420867	-0.00067688549
130.56	0.0015136906	-5.8423181	-0.0018356354
131.2	0.0014829572	-5.8422421	-0.0016296361
131.84	0.0014708178	-5.8419878	-0.00077348894
132.48	0.0014727175	-5.8421563	-0.00099975075
133.12	0.0014897308	-5.8421922	-0.001448794
133.76	0.0015058914	-5.8421059	-0.0013363412
134.4	0.0014922991	-5.8420896	-0.0014187232
135.04	0.0015247304	-5.8422011	-0.00094064723
135.68	0.001528197	-5.8420453	-0.00014515416
136.32	0.0015165061	-5.8422048	-0.0014076478
136.96	0.0014982352	-5.8420857	-0.0013859891
137.6	0.0014844714	-5.8422693	-0.0012979023
138.24	0.0014695009	-5.8420318	-0.00054143611
138.88	0.0014645535	-5.8422202	-0.00010779562
139.52	0.0014806643	-5.8422891	-0.0015194219
140.16	0.0014981529	-5.8422057	-0.0012388892
140.8	0.0015053588	-5.8421167	-0.0012277995
141.44	0.0015109492	-5.8421891	-0.00019309025
142.08	0.0015195068	-5.8419955	-0.0010425085
142.72	0.001539406	-5.842228	-0.0023520281
143.36	0.0015062164	-5.8421439	-0.0017765077
144	0.001478091	-5.8420828	-0.0012799762
144.64	0.0014584189	-5.8422418	-0.0014467383
145.28	0.0014936656	-5.8419949	-0.0013602553
145.92	0.0014666463	-5.8420623	-0.0010177434
146.56	0.0015057003	-5.8420678	-0.0018958488
147.2	0.0015205025	-5.8421766	-0.00082659091
147.84	0.0015352578	-5.8421184	-0.00042095989
148.48	0.0015163972	-5.842165	-0.0012644648
149.12	0.0014900159	-5.8421827	-0.000772481
149.76	0.0014989392	-5.8420867	-0.0012267639
150.4	0.0014862831	-5.8420667	-0.0015187826
151.04	0.0014668433	-5.8419917	-0.0015102366
151.68	0.0014780608	-5.84213	-0.001445077
152.32	0.0014863382	-5.8420904	-0.0012419837
152.96	0.0015078649	-5.8419189	-0.0020521794
153.6	0.0015302197	-5.842191	-0.00080270845
154.24	0.0015360401	-5.8420082	-0.0015714995
154.88	0.0015137463	-5.8421612	-0.0016445817
155.52	0.0014990813	-5.8420712	-0.0013287678
156.16	0.0015113997	-5.8421779	-0.00071073796
156.8	0.0014811621	-5.842251	-0.00042679184
157.44	0.0014808489	-5.8421592	-0.0012438037
158.08	0.0014873868	-5.842161	-0.0017523137
158.72	0.0014865925	-5.8420954	-0.00093870276
159.36	0.0015247399	-5.8420905	-5.6771698e-05
160	0.0014826137	-5.8420075	-0.001279583
160.64	0.0015344272	-5.8421262	-0.0013192287
161.28	0.001530047	-5.8420458	-0.0011363039
161.92	0.0015290708	-5.8422267	-0.0013983658
162.56	0.0014786953	-5.8420328	-0.0015510107
163.2	0.001486681	-5.842165	-0.0013759527
163.84	0.001470223	-5.8423947	-0.0011207947
164.48	0.001479636	-5.8421728	-0.00188959
165.12	0.0014680236	-5.8421521	-0.00043493565
165.76	0.0015039771	-5.8422057	-0.0017323182
166.4	0.0015358428	-5.841923	-0.0012514203
167.04	0.0015170093	-5.8420502	-0.0015891609
167.68	0.0015126305	-5.8422168	-0.00077076154
168.32	0.001513115	-5.842172	-0.00047698642
168.96	0.0014830239	-5.8421386	-0.0011226253
169.6	0.0014621114	-5.8422597	-0.0010389604
170.24	0.0014922902	-5.8421603	-0.0012436438
170.88	0.0014907136	-5.8420838	-0.0016450587
171.52	0.0014904282	-5.8421833	-0.0010709804
172.16	0.001521519	-5.842014	-0.0015277616
172.8	0.0015235811	-5.8420481	-0.00063161718
173.44	0.001517959	-5.8419055	0.00038700582
174.08	0.0015213809	-5.8419304	-0.0011658164
174.72	0.001479281	-5.8420417	-0.0013949605
175.36	0.0014874783	-5.8421853	-0.00088426676
176	0.0014684297	-5.8423244	-0.0011538465
176.64	0.0014595056	-5.8421739	-0.0013256201
177.28	0.0014715387	-5.8421217	-0.0017792846
177.92	0.0015046568	-5.8422948	-0.0010392464
178.56	0.0015097032	-5.8421041	-0.001382391
179.2	0.0015251452	-5.8422118	-0.001834188
179.84	0.0014971622	-5.8420956	-0.0015679151
180.48	0.0015329575	-5.8423235	-0.0011871894
181.12	0.0014980114	-5.8422232	1.2261584e-05
181.76	0.0014569196	-5.8422533	-0.0013478958
182.4	0.0014802437	-5.8423615	-0.0017600968
183.04	0.0014753344	-5.8421156	-0.0014453831
183.68	0.0014640433	-5.8420701	-0.0011482963
184.32	0.0015252962	-5.8422217	-0.0011924888
184.96	0.0015148989	-5.8420369	-0.00085224764
185.6	0.0015059939	-5.8421304	-0.00081879916
186.24	0.001519471	-5.8420063	-0.00024581708
186.88	0.0014859203	-5.8420668	-0.0010713386
187.52	0.0015114446	-5.8421559	-0.0013277327
188.16	0.0014713418	-5.8420412	-0.0014332144
188.8	0.0014840422	-5.842076	-0.00098198458
189.44	0.0014919202	-5.8421207	-0.0010956063
190.08	0.0014985016	-5.8424048	-0.0020399735
190.72	0.0014969776	-5.8420559	-0.001220443
191.36	0.0014976272	-5.8420242	-0.00062264724
192	0.0015331465	-5.8422024	-0.0010090492
192.64	0.0015158018	-5.8422377	-0.0013100174
193.28	0.0015001248	-5.8420435	-0.00083450309
193.92	0.0015016408	-5.8421692	-0.0013451227
194.56	0.0014863509	-5.8422735	-0.0017804532
195.2	0.0014735301	-5.8422336	-0.00097816101
195.84	0.0014840958	-5.8423306	-0.0016039024
196.48	0.0014680993	-5.8421813	-0.0014136212
197.12	0.0015111867	-5.8420886	-0.0010571517
197.76	0.0015279785	-5.8422454	-0.0017099928
198.4	0.0014981998	-5.8420178	-0.00063283044
199.04	0.0015159424	-5.8420217	-0.0010584433
199.68	0.0014826888	-5.8421797	-0.0013660381
200.32	0.0015032846	-5.8421259	-0.0019039577
200.96	0.0014696243	-5.8421455	-0.0012486171
201.6	0.0014690959	-5.8421045	-0.0010113452
202.24	0.0014746108	-5.8420472	-0.0011283439
202.88	0.0014967346	-5.8421276	-0.001885139
203.52	0.0015134555	-5.8419918	-0.0010077362
204.16	0.0015498647	-5.8421845	-0.0023206114
204.8	0.0015280301	-5.8422193	-0.0010816609
205.44	0.0015338841	-5.8421419	-0.0013866493
206.08	0.0014927023	-5.8421364	-0.0012373886
206.72	0.0014934312	-5.8421354	-0.0015339861
207.36	0.0014730571	-5.8421605	-0.0018578468
208	0.0014703379	-5.8421519	-0.0007558331
208.64	0.0014658223	-5.8422948	-0.0018481592
209.28	0.0014972641	-5.8421643	-0.00059520329
209.92	0.0015067805	-5.84217	-0.00090586217
210.56	0.0015421738	-5.8419783	-0.0012864803
211.2	0.0015298681	-5.8419846	-0.0013868582
211.84	0.0015181665	-5.8422334	-0.0017214426
212.48	0.0015045486	-5.8421509	-0.00070965383
213.12	0.0014768363	-5.8421197	-0.0015867704
213.76	0.001489366	-5.8421046	-0.0017287061
214.4	0.0014781221	-5.8421526	-0.0020539087
215.04	0.0014722318	-5.8422452	-0.0018340798
215.68	0.0015075268	-5.8419627	-0.0013169219
216.32	0.0015154318	-5.8423409	-0.0010371974
216.96	0.0015176327	-5.8421632	-0.00073177168
217.6	0.0015191391	-5.8421632	-0.00077691984
218.24	0.0015042231	-5.8421817	-0.0012722353
218.88	0.0014810108	-5.8419881	-0.0012080285
219.52	0.0014787575	-5.842275	-0.0016316181
220.16	0.001467163	-5.8423301	-0.0015666277
220.8	0.001486651	-5.8420103	-0.00081496488
221.44	0.0014971023	-5.84221	-0.0015749535
222.08	0.001502877	-5.8420516	-0.0010034417
222.72	0.0015309066	-5.8421203	-0.00081584138
223.36	0.0015442111	-5.8420618	-0.0016421226
224	0.0015341299	-5.8421605	-0.0015074473
224.64	0.001506412	-5.8421886	-0.0011037383
225.28	0.001500283	-5.842057	-0.001799522
225.92	0.0014841906	-5.8421794	-0.00054534626
226.56	0.0014567863	-5.8422841	-0.0012878777
227.2	0.0014517925	-5.8419622	-0.00085337617
227.84	0.0015026573	-5.8421797	-0.00089846806
228.48	0.0015127273	-5.8420247	-0.0011031721
229.12	0.0015227714	-5.8421278	-0.0011838223
229.76	0.0015573573	-5.8421204	-0.0014175305
230.4	0.0014906362	-5.8420635	-0.001392028
231.04	0.0015259534	-5.8421773	-0.0012958425
231.68	0.0015049062	-5.8422329	8.532197e-05
232.32	0.0014971581	-5.8422766	-0.0011965477
232.96	0.0014512478	-5.8421044	-0.0016001034
233.6	0.0014799083	-5.8423036	-0.00011597916
234.24	0.0014653424	-5.8422225	-0.00091426568
234.88	0.0014927356	-5.8419438	-0.00078609813
235.52	0.0015356913	-5.8420706	-0.00064869069
236.16	0.0015349717	-5.8421427	-0.00085450727
236.8	0.0014959821	-5.8421391	-0.001454212
237.44	0.0014982973	-5.8420634	-0.00092750353
238.08	0.0015023011	-5.8420521	-0.00092562206
238.72	0.0014658713	-5.8421059	-0.0012028551
239.36	0.0014723632	-5.8421586	-0.0018297723
240	0.0014635347	-5.8421495	-0.0010007298
240.64	0.0014740604	-5.8421751	-0.00081370777
241.28	0.0015163534	-5.842115	-0.0011026526
241.92	0.0014950827	-5.8421149	-0.0010296829
242.56	0.0015455687	-5.8419983	-0.0010591029
243.2	0.0015170426	-5.8419995	-0.00023782648
243.84	0.0015035031	-5.8420392	-0.0011649058
244.48	0.0014755908	-5.8420311	-0.00051740528
245.12	0.0014863034	-5.8422257	-0.0015128152
245.76	0.0014620092	-5.8420764	-0.0011821605
246.4	0.0014700927	-5.8420849	-0.0012465327
247.04	0.0014798752	-5.8421129	-0.0024896048
247.68	0.0015317326	-5.8422386	-0.0014603224
248.32	0.0015115442	-5.8422685	-0.0002250458
248.96	0.0015290356	-5.8421245	-0.00031639915
249.6	0.001524049	-5.8421832	-0.0010434345
250.24	0.0015133896	-5.8421416	-0.0011721256
250.88	0.0014929978	-5.8420935	-0.0011673277
251.52	0.001470006	-5.8421614	-0.0018721108
252.16	0.001469153	-5.8419738	-0.00034071127
252.8	0.001446985	-5.8422245	-0.0011669722
253.44	0.001485429	-5.842221	-5.4264186e-05
254.08	0.0015124591	-5.8421217	-0.0020067182
254.72	0.0015297118	-5.8422283	-0.0016030481
255.36	0.0015153937	-5.8422148	-0.0024013878
256	0.0014977643	-5.8420729	-0.00084759887
256.64	0.001492068	-5.8420875	-0.0012633966
257.28	0.001479006	-5.8422511	-0.00092040425
257.92	0.0014637519	-5.8422519	-0.0011821286
258.56	0.0014623704	-5.8421641	-0.0004800837
259.2	0.0014687609	-5.8419589	-0.00098746533
259.84	0.0014870533	-5.8419777	-0.0019617184
260.48	0.0015135468	-5.8421574	-0.0016447806
261.12	0.0015276383	-5.8422512	-0.00088830035
261.76	0.0015380456	-5.8419925	-0.001863249
262.4	0.0014737424	-5.8420915	-0.0011995779
263.04	0.0014936665	-5.8422215	-0.001633088
263.68	0.0014722409	-5.8420083	-0.0010776946
264.32	0.0014791133	-5.8421467	-0.001719367
264.96	0.0014799354	-5.8422427	-0.0015348399
265.6	0.0015019985	-5.8422373	-0.0012159472
266.24	0.0015171053	-5.8422026	-0.0010852254
266.88	0.0014856608	-5.8420936	-0.00099704
267.52	0.0015322057	-5.8421364	-0.00094815509
268.16	0.00153272	-5.8421548	-0.00081960399
268.8	0.0015189332	-5.8420518	-0.0013954363
269.44	0.0014983398	-5.8421405	-0.0020666719
270.08	0.0014924504	-5.842249	-0.0020247591
270.72	0.0014543252	-5.842209	-0.0016104513
271.36	0.0014619836	-5.8420425	-0.0017257622
272	0.0014854495	-5.8422098	-0.0016011139
272.64	0.0015065217	-5.8422438	-0.0018019783
273.28	0.0015133493	-5.8420702	-0.0011041294
273.92	0.0015230513	-5.8421098	-0.0012403021
274.56	0.0015341903	-5.8420262	-0.00024439226
275.2	0.0015031307	-5.8419556	-0.0015600003
275.84	0.0014872595	-5.842261	-0.00062520359
276.48	0.0014823917	-5.8421254	-0.0011970597
277.12	0.0014704492	-5.8421403	-0.0019479916
277.76	0.0014822666	-5.8420479	-0.0015950059
278.4	0.0015074944	-5.8421229	-0.0012222277
279.04	0.0015160144	-5.8421937	-0.0015535863
279.68	0.0014927246	-5.8420139	-0.0013215315
280.32	0.0015262712	-5.842122	-0.00071955533
280.96	0.0015281432	-5.8420657	-0.0013309096
281.6	0.0014909063	-5.8421618	-0.0015116861
282.24	0.0015063219	-5.8421151	-0.0013309273
282.88	0.0014671302	-5.8421974	-0.001119472
283.52	0.0014726628	-5.842095	-0.0012801819
284.16	0.0014721457	-5.8420719	-0.00064879036
284.8	0.0015026734	-5.8422629	-0.0014559796
285.44	0.0015256718	-5.8422197	-0.0014438045
286.08	0.0015114455	-5.8421429	-0.00094523932
286.72	0.0015277636	-5.842145	-0.0022431912
287.36	0.0015033388	-5.8422188	-0.0010309941
288	0.0015116727	-5.842066	-0.00046516732
288.64	0.0015082688	-5.8421242	-0.001596481
289.28	0.0014590498	-5.8423004	-0.0016729022
289.92	0.0014789693	-5.8421504	-0.0010360673
290.56	0.0014855217	-5.8421046	-0.00073857107
291.2	0.0014861793	-5.8420522	-0.001188854
291.84	0.0014868839	-5.8421502	-0.001902791
292.48	0.0015139762	-5.8421055	-0.001314545
293.12	0.0015230719	-5.8421945	-0.0008163082
293.76	0.0015102772	-5.8421239	-0.00067754618
294.4	0.001496067	-5.8419975	-0.0016327014
295.04	0.0014537488	-5.8420672	-0.0012071649
295.68	0.0014683223	-5.8421795	-0.00070473534
296.32	0.0014550829	-5.8422303	-0.0015544499
296.96	0.0014525421	-5.842142	-0.0005134898
297.6	0.0014844111	-5.8420307	-0.00073105371
298.24	0.0015181279	-5.8422303	-0.00070580792
298.88	0.0015041596	-5.8421337	-0.0015480658
299.52	0.0015161074	-5.8420594	-0.0009662217
300.16	0.0015286139	-5.8421581	-0.00028310314
300.8	0.0015148376	-5.8421695	-0.0014269561
301.44	0.0014630307	-5.8420503	-0.0013138617
302.08	0.0014511513	-5.842214	-0.0016148523
302.72	0.0014653242	-5.8421634	-0.00093560282
303.36	0.001472522	-5.8420764	-0.0016181575
304	0.0014947294	-5.8422803	-0.0013916489
304.64	0.0015182926	-5.8421595	-0.00089111279
305.28	0.0015154243	-5.8420729	-0.00066802483
305.92	0.0015156955	-5.8421304	-0.00078006848
306.56	0.0015339134	-5.8422258	-0.00098167775
307.2	0.0014987277	-5.8421001	-0.0015052366
307.84	0.0014750424	-5.8422153	-0.0017574275
308.48	0.0014613055	-5.8420816	-0.0016425968
309.12	0.0014790559	-5.8421178	-0.0014671688
309.76	0.0014944797	-5.842083	-0.00039417402
310.4	0.001503038	-5.8421838	-0.0015072991
311.04	0.0015148695	-5.8421367	-0.00057198365
311.68	0.0015249313	-5.8422346	-0.001024775
312.32	0.0015226551	-5.8421962	-0.0014079111
312.96	0.0015422522	-5.842022	-0.0018457206
313.6	0.0014992279	-5.8422116	-0.00035468272
314.24	0.0014560791	-5.8420364	-0.0012141155
314.88	0.001467443	-5.8420651	-0.0010809777
315.52	0.0014707173	-5.8421431	-0.00093945904
316.16	0.0014701038	-5.8420525	-0.0015503984
316.8	0.0015124116	-5.8423154	-0.00060458471
317.44	0.001511564	-5.842214	-0.0014726762
318.08	0.0014957799	-5.8421648	-0.00091390554
318.72	0.0015145699	-5.8418896	-0.00078252275
319.36	0.0015159981	-5.8422747	-0.0010029854
320	0.0014904047	-5.8421213	-0.00075238369
320.64	0.0014489361	-5.842062	-0.0012544739
321.28	0.0014577114	-5.8422131	-0.00096191546
321.92	0.0014662629	-5.8421875	-0.0017289948
322.56	0.0015016514	-5.842103	-0.00064316289
323.2	0.0015157762	-5.8421728	-0.0018899033
323.84	0.0015232967	-5.8420411	-0.0012602454
324.48	0.0015332126	-5.8421975	-0.0014016738
325.12	0.0015151259	-5.842345	-0.0015161329
325.76	0.0015061149	-5.8421554	-0.00066862318
326.4	0.0014902672	-5.8422614	-0.0011646592
327.04	0.0014966733	-5.8422982	-0.0010475705
327.68	0.0014327745	-5.8419644	-0.00083725962
328.32	0.0014553258	-5.8422448	-0.00027126931
328.96	0.0015055248	-5.8421564	-0.001492785
329.6	0.0015173895	-5.8421959	-0.00102441
330.24	0.0015061468	-5.842245	-0.0011191649
330.88	0.001504811	-5.8421485	-0.00084710699
331.52	0.0015225179	-5.8420703	-0.00096829072
332.16	0.0015005473	-5.8420318	-0.0011906631
332.8	0.0014941084	-5.8422767	-0.0018158083
333.44	0.001477504	-5.8420298	-0.0015328565
334.08	0.0014555483	-5.8422864	-0.0015784387
334.72	0.0014797872	-5.8421531	-2.8437525e-05
335.36	0.0014994665	-5.8420751	-0.0011388657
336	0.0015388445	-5.8422309	-0.0020010161
336.64	0.0015264376	-5.8420635	-0.0019660759
337.28	0.001513042	-5.8421139	-0.0012077447
337.92	0.0015182806	-5.8420034	-0.00061164852
338.56	0.0015272734	-5.8420938	-0.00081813692
339.2	0.0014975352	-5.8422055	-0.0013102432
339.84	0.0014858473	-5.8421488	-0.0015496717
340.48	0.0014692043	-5.8420778	-0.0010483079
341.12	0.001501053	-5.8421857	-0.0014205566
341.76	0.0015065685	-5.842146	-0.0018844054
342.4	0.0015273155	-5.8420419	-0.0012407639
343.04	0.0015463631	-5.8420433	-0.00061473457
343.68	0.0015047571	-5.8421456	-0.0012355279
344.32	0.001526832	-5.8421749	-0.0012274173
344.96	0.0014885592	-5.8422482	-0.00081235762
345.6	0.0014461017	-5.8421401	-0.0011800176
346.24	0.0014704234	-5.8420506	-0.0014913392
346.88	0.0014688973	-5.842122	-0.0010537515
347.52	0.0014914637	-5.8422314	-0.0015337397
348.16	0.0014884243	-5.8420939	-0.0021225071
348.8	0.0015082597	-5.8421573	-0.00085911226
349.44	0.0015098288	-5.8419863	-0.0012823334
350.08	0.0015142711	-5.842232	-0.0013469668
350.72	0.0015078709	-5.8422748	-0.00066472111
351.36	0.0014858328	-5.8421323	-0.001379215
352	0.0014930529	-5.8421592	-0.00047011004
352.64	0.0014611407	-5.8420663	-0.00097653234
353.28	0.0014807022	-5.8420455	-0.0009760319
353.92	0.001501819	-5.8421318	-0.0022540633
354.56	0.0015153514	-5.8421548	-0.001420853
355.2	0.0015352011	-5.8422945	-0.00029534092
355.84	0.0015117287	-5.8421028	-0.0011257079
356.48	0.0015125739	-5.8420902	-0.0010913603
357.12	0.0014901448	-5.8422043	-0.0015104231
357.76	0.0014684273	-5.8420633	-0.0011831724
358.4	0.001500318	-5.8421726	-0.0010723005
359.04	0.0014484457	-5.8420966	-0.00093402391
359.68	0.0014861037	-5.842158	-0.0013938393
360.32	0.0014766496	-5.8420442	-0.001701099
360.96	0.0015210036	-5.8420545	-0.0010483246
361.6	0.0015323076	-5.8419575	-0.001472849
362.24	0.00152577	-5.842187	-0.00077640995
362.88	0.0015212571	-5.8421074	-0.001275313
363.52	0.0014945885	-5.8423326	-0.0010926119
364.16	0.0014625257	-5.84219	-0.0013457937
364.8	0.001489952	-5.8422349	-0.0006136243
365.44	0.0014343143	-5.842104	-0.00088966292
366.08	0.0015055956	-5.8422798	-0.0015903496
366.72	0.0014854061	-5.8421664	-0.0012403013
367.36	0.0015162461	-5.8420248	-0.0011873495
368	0.0015393346	-5.8421715	-0.0015455206
368.64	0.0015098145	-5.842104	-0.0010493008
369.28	0.0015313553	-5.842257	-0.0026515243
369.92	0.0015158916	-5.8421543	-0.00046201714
370.56	0.001481305	-5.8419378	-0.0014321224
371.2	0.0014726454	-5.8422008	-0.00059385914
371.84	0.0014850096	-5.8422413	-0.00068932916
372.48	0.001491865	-5.8421273	-0.001492027
373.12	0.001478986	-5.8422125	-0.0009462257
373.76	0.0015186493	-5.8421726	-0.0010507863
374.4	0.0015481242	-5.8422249	-0.0019122671
375.04	0.001526903	-5.8420654	-0.00093817721
375.68	0.0015097777	-5.8421657	-0.0010433218
376.32	0.0015110945	-5.8422238	-0.00085364747
376.96	0.0014827254	-5.8420581	-0.001833982
377.6	0.0014837215	-5.8422082	-0.00098738289
378.24	0.0014625292	-5.8419666	-0.0010464651
378.88	0.0014681364	-5.8420872	-0.0010940681
379.52	0.0014922857	-5.8421222	-0.0013308992
380.16	0.0015385502	-5.8421196	-0.0011758301
380.8	0.0015193961	-5.8420364	-0.0016756996
381.44	0.001518746	-5.842323	-0.00029591164
382.08	0.0015154548	-5.8421711	-0.0020199641
382.72	0.0014754493	-5.8420687	-0.0012776516
383.36	0.0014687564	-5.8421373	-0.0010787116
384	0.0014576578	-5.8421153	-0.0014312035
384.64	0.001485703	-5.8420477	-0.00072318479
385.28	0.0014927393	-5.8421057	-0.0011114153
385.92	0.001508062	-5.8423499	-0.0015009696
386.56	0.001517439	-5.8422664	-0.0013333636
387.2	0.0015122794	-5.8421266	-0.0010302258
387.84	0.001517549	-5.8421164	-0.0011815711
388.48	0.0015326565	-5.8422393	-0.001283354
389.12	0.001498761	-5.8421416	-0.00074343073
389.76	0.0014859125	-5.8420826	-0.0015151197
390.4	0.0014722489	-5.8422225	-0.0015867119
391.04	0.0014599497	-5.8421515	-0.00092040597
391.68	0.0014764102	-5.8421186	-0.00062282917
392.32	0.0015234068	-5.842026	-0.00126629
392.96	0.0015231569	-5.8421375	-0.00075973149
393.6	0.0015229506	-5.8421606	-0.00086653299
394.24	0.0015448092	-5.8421149	-0.0013413028
394.88	0.001529232	-5.8421946	-0.0016570824
395.52	0.0015064015	-5.8419833	-0.00078333699
396.16	0.0014782383	-5.842157	-0.0011886603
396.8	0.0014544909	-5.8422171	-0.0019871216
397.44	0.001463699	-5.8421498	-0.0014222807
398.08	0.0014952267	-5.8419601	-0.0010974536
398.72	0.0015124277	-5.8422811	-0.00013240471
399.36	0.0015299656	-5.8422077	-0.0014748522
400	0.0015318905	-5.8420991	-0.0011102494
400.64	0.0015320338	-5.8421973	-0.0011044684
401.28	0.001516554	-5.8421826	-0.0011354484
401.92	0.0014707477	-5.8419799	-0.00085681236
402.56	0.001486807	-5.8419545	-0.0018161115
403.2	0.0014678535	-5.8423466	-0.0014528065
403.84	0.0014924239	-5.8421144	-0.000891656
404.48	0.0014863352	-5.842109	-0.0012359184
405.12	0.0015117569	-5.8420676	-0.0012364912
405.76	0.0015137147	-5.8420836	-0.0012445198
406.4	0.001518252	-5.8421291	-0.00058672249
407.04	0.0015348609	-5.8419578	-0.00098159038
407.68	0.0015077269	-5.8421443	-0.001102696
408.32	0.0014820231	-5.842247	-0.0009126277
408.96	0.0015026272	-5.842233	-0.00070535227
409.6	0.0014618038	-5.8423172	-0.0014961732
410.24	0.0014862949	-5.8422406	-0.0014457412
410.88	0.0015055425	-5.8420773	-0.00045724717
411.52	0.0014962412	-5.842062	-0.0014284694
412.16	0.001535556	-5.8421543	-0.00029188246
412.8	0.0015412905	-5.8421795	-0.0019385693
413.44	0.0015125765	-5.8420585	-0.0012192457
414.08	0.0014999458	-5.84222	-0.00046656136
414.72	0.001491247	-5.842109	-0.0018752996
415.36	0.0014513798	-5.8422555	-0.0011839852
416	0.0014657783	-5.8422741	-0.00097498135
416.64	0.0015116211	-5.8422961	-0.0022253681
417.28	0.001497115	-5.8421768	-0.0021096345
417.92	0.0015316751	-5.8420115	-0.00076708756
418.56	0.0015133487	-5.8422775	0.00012669169
419.2	0.0015096459	-5.8422661	-0.00099557762
419.84	0.0015337668	-5.842224	-0.0021226711
420.48	0.0014907007	-5.8420557	-0.00070688782
421.12	0.0014837324	-5.8422225	-0.0015581703
421.76	0.0014779836	-5.8420609	-0.0016790362
422.4	0.0014857885	-5.8419774	-0.00176347
423.04	0.0014828581	-5.8421087	-0.0011772031
423.68	0.0014971089	-5.8420701	-0.00097798853
424.32	0.0015242618	-5.8420809	-0.00064599308
424.96	0.0015062902	-5.8421962	-0.00094568114
425.6	0.0015259746	-5.8420961	-0.00067255568
426.24	0.0015211584	-5.8420054	-0.0010387559
426.88	0.0014926014	-5.8421102	-0.00160229
427.52	0.0014800581	-5.8421422	-0.0012370516
428.16	0.0014875204	-5.8419722	-0.001892291
428.8	0.0014636504	-5.8422816	-0.0020520945
429.44	0.0014860549	-5.8422315	-0.0013092118
430.08	0.0014915062	-5.8419729	-0.00097489012
430.72	0.0015237505	-5.8421388	-0.00049102554
431.36	0.0015351281	-5.8420692	-0.00074564729
432	0.0015258338	-5.8422536	-0.00053468641
432.64	0.0015171447	-5.8421122	-0.0012718582
433.28	0.001482861	-5.8421646	-0.00045041467
433.92	0.0014879302	-5.8422279	-0.0018763582
434.56	0.0014977329	-5.8422604	-0.00089656382
435.2	0.0014677436	-5.8422839	-0.0013288497
435.84	0.0014730057	-5.8420166	-0.00053325309
436.48	0.001514052	-5.8419664	-0.0018326685
437.12	0.0015441853	-5.842129	-0.0015208837
437.76	0.0015061918	-5.8419986	-0.00074063472
438.4	0.0015331178	-5.8421268	-0.0012756626
439.04	0.0015232758	-5.8421855	-0.0013422368
439.68	0.0014839118	-5.8420294	-0.0014051543
440.32	0.0014856716	-5.8421917	-0.0012486315
440.96	0.0014903094	-5.8422091	-0.0011490985
441.6	0.001472319	-5.8421487	-0.001525008
442.24	0.0014913355	-5.8420602	-0.00033308257
442.88	0.0015002395	-5.8420655	-0.0006917392
443.52	0.0015110203	-5.8420223	-0.0002776978
444.16	0.0015111144	-5.8423324	-0.0016580962
444.8	0.00150378	-5.8422311	-0.0009009135
445.44	0.0015088271	-5.8422857	-0.0021119475
446.08	0.001477856	-5.8419502	-0.00043531052
446.72	0.0014756329	-5.8421094	-0.00094571139
447.36	0.0014673806	-5.8420552	-0.0015379443
448	0.0014775513	-5.8420812	-0.0012267379
448.64	0.0014831022	-5.842074	-0.0019923752
449.28	0.0014979382	-5.8421167	-0.0016457498
449.92	0.0015340248	-5.842088	-0.0011017297
450.56	0.0015189086	-5.8420284	-0.00068019002
451.2	0.0015166223	-5.842355	-0.0014630647
451.84	0.0015074078	-5.8421951	-0.00071856308
452.48	0.0014947168	-5.8421507	-0.00078344425
453.12	0.0014743965	-5.8422372	-0.0011998573
453.76	0.001467774	-5.8420689	-0.001892551
454.4	0.0014805059	-5.8421487	-0.00075406997
455.04	0.0015025603	-5.842256	-0.00099329625
455.68	0.0015221958	-5.8422961	-0.00054802153
456.32	0.0015184478	-5.8420524	-0.0011271881
456.96	0.0015052731	-5.8418841	-0.0012222786
457.6	0.0015138312	-5.8420364	-0.00066103065
458.24	0.0014980712	-5.842049	-0.001786198
458.88	0.0014554147	-5.8420407	-0.0016419142
459.52	0.0014660752	-5.8421253	-0.0011250142
460.16	0.001473207	-5.8421061	-0.0016592018
460.8	0.0014716788	-5.8422507	-0.0020656463
461.44	0.0015006875	-5.8422292	-0.0013664714
462.08	0.0015103267	-5.8422679	8.1631337e-06
462.72	0.0015248368	-5.8420406	-0.0016829338
463.36	0.0015349273	-5.8422225	-0.0011001378
464	0.0015058955	-5.8421893	-0.00018946122
464.64	0.0014857229	-5.8420819	-0.00025792496
465.28	0.0014768142	-5.8423358	-0.0014786404
465.92	0.0014701004	-5.8422245	-0.001813543
466.56	0.001491063	-5.8420071	-0.00096468595
467.2	0.0014734997	-5.842109	-0.0015710773
467.84	0.0015120619	-5.8421004	-0.0014526939
468.48	0.001522274	-5.8423448	-0.001535839
469.12	0.0015380375	-5.8420793	-0.0010558331
469.76	0.0015310783	-5.8422262	-0.0014452708
470.4	0.0014915952	-5.8419694	-0.00098440358
471.04	0.0014811852	-5.842171	-0.00095002642
471.68	0.0014686853	-5.8421014	-0.00057702488
472.32	0.0014886035	-5.8421715	-0.001201731
472.96	0.0014487697	-5.8421439	-0.00075533546
473.6	0.0015026951	-5.8419351	-0.00089043012
474.24	0.0015106359	-5.8420523	-0.0010508723
474.88	0.0015181532	-5.8421636	-0.0011300772
475.52	0.0015375677	-5.8423535	-0.0018893036
476.16	0.0015244475	-5.8419223	-0.0008274346
476.8	0.0015293215	-5.8420736	-0.0010192534
477.44	0.0014871566	-5.8422064	-0.0018689277
478.08	0.001468108	-5.8423041	-0.0010459806
478.72	0.0014731357	-5.8421738	-0.0013686374
479.36	0.0014666943	-5.8422313	-0.0006105466
480	0.0014752133	-5.8421911	-0.0014035387
480.64	0.0015168402	-5.8420192	-0.0016916548
481.28	0.001524925	-5.842036	-0.0011168366
481.92	0.0015204737	-5.8420423	-0.0008847819
482.56	0.0015265866	-5.8421545	-0.0014708857
483.2	0.0015189727	-5.8421771	-0.0013088911
483.84	0.0014923227	-5.8420709	-0.00088131966
484.48	0.0014609725	-5.8420883	-0.00066234341
485.12	0.0014599218	-5.8419991	-0.0012185674
485.76	0.0014766127	-5.8421813	-0.00093605236
486.4	0.0014737561	-5.8422549	-0.0012108371
487.04	0.0014972134	-5.8422471	8.7181832e-05
487.68	0.0015308802	-5.842057	-0.0017155078
488.32	0.0015058741	-5.8420959	-0.0010243792
488.96	0.0015241246	-5.8421177	-0.00070743455
489.6	0.0015218908	-5.8420995	-0.0016138119
490.24	0.0014755779	-5.8422728	-0.0016056919
490.88	0.0014743467	-5.8420739	-0.001054036
491.52	0.0014684955	-5.8422661	-0.0010795326
492.16	0.0014898808	-5.8421719	-0.0010285743
492.8	0.0014678336	-5.8420095	-0.0013069205
493.44	0.0015219998	-5.8421892	-0.0001399351
494.08	0.0015399189	-5.8422057	-0.0017287311
494.72	0.0015487818	-5.8422586	-0.0015268016
495.36	0.0015244535	-5.8421003	-0.001255287
496	0.001478296	-5.8418802	-0.0014185029
496.64	0.0015028139	-5.8422106	-0.0010319776
497.28	0.0014678583	-5.8421999	-0.0012335452
497.92	0.0014607267	-5.8419824	-0.00086315638
498.56	0.0014684319	-5.8420995	-0.00092147564
499.2	0.0014925989	-5.8421098	-0.00070412811
499.84	0.001534798	-5.8421366	-0.00094921118
