0	0.0048055641	-5.8444185	0.00015840562
0.64	0.0048297403	-5.8446022	0.00081981976
1.28	0.0045565886	-5.8444633	0.00080485911
1.92	0.0043346688	-5.8448241	0.0029744915
2.56	0.0042420999	-5.8450593	-0.00020986969
3.2	0.0040842983	-5.8452237	-0.0005788022
3.84	0.0042950591	-5.8454279	-4.5307081e-05
4.48	0.004398294	-5.8449635	0.0020757772
5.12	0.0047514376	-5.8447566	0.0022325724
5.76	0.0048721237	-5.8444419	0.0011410698
6.4	0.0048008451	-5.8445929	0.0024352496
7.04	0.0046426969	-5.8449239	0.0021465353
7.68	0.0044993886	-5.8447748	0.0019084088
8.32	0.0042238423	-5.8453669	0.0005406502
8.96	0.0042785255	-5.8457413	-0.0013310581
9.6	0.0042144644	-5.8455627	-0.00040301245
10.24	0.0042825807	-5.8453613	-0.0016531529
10.88	0.0044733309	-5.8455169	-0.001098983
11.52	0.0046429339	-5.8452708	-0.00052319994
12.16	0.0049081193	-5.8452354	0.00083366461
12.8	0.0047940967	-5.8451571	0.0016877222
13.44	0.0046125884	-5.8452038	-0.00050135384
14.08	0.0044789804	-5.8453381	0.0008311364
14.72	0.0043341953	-5.8456588	0.000143422
15.36	0.0041558951	-5.8459207	0.00047221662
16	0.004217347	-5.8456304	-0.00011823374
16.64	0.0044007374	-5.8459184	-0.00072784984
17.28	0.0045136336	-5.8454617	0.0011594725
17.92	0.0047941058	-5.8451384	0.0010151256
18.56	0.0047281825	-5.8452319	0.0015554796
19.2	0.0047552163	-5.8451441	0.00086436479
19.84	0.0046978244	-5.8453238	8.7587529e-05
20.48	0.0043749509	-5.8455405	0.00063066067
21.12	0.0042574761	-5.8456303	7.7315982e-05
21.76	0.0042864558	-5.8457524	0.00024077026
22.4	0.0041906216	-5.8455379	0.001136334
23.04	0.004339151	-5.8455643	-0.00023444398
23.68	0.0045328353	-5.8452148	0.0012714949
24.32	0.0047183452	-5.8449604	0.0020676153
24.96	0.0047286724	-5.8448285	0.0025577709
25.6	0.0047072865	-5.8451512	0.00056261516
26.24	0.0046833906	-5.845476	0.00012118441
26.88	0.0043396284	-5.8456461	0.00023834063
27.52	0.0042875399	-5.8455736	-0.00060135057
28.16	0.0041886237	-5.8456192	-0.001702227
28.8	0.0042520613	-5.8456355	-0.00017262583
29.44	0.0044266908	-5.8456093	0.00025401291
30.08	0.0044796919	-5.845298	0.00098058202
30.72	0.0047694562	-5.8450686	0.0010237604
31.36	0.0047945873	-5.8450356	0.00072864497
32	0.0047095858	-5.8452743	0.00084431842
32.64	0.0045109779	-5.8451062	0.0014401189
33.28	0.0043803844	-5.8452734	-7.4307368e-05
33.92	0.0041489558	-5.8453872	-0.00077729696
34.56	0.0042382645	-5.8455346	-0.00054083693
35.2	0.0042845118	-5.8453459	-0.00036819743
35.84	0.0044022834	-5.8454396	-0.00024612121
36.48	0.0046020123	-5.8452009	0.00034485216
37.12	0.0047698863	-5.8449754	0.0021002838
37.76	0.004704877	-5.8448273	0.0015806092
38.4	0.004758839	-5.8450897	0.0010604505
39.04	0.0045606421	-5.8451598	-0.00029415602
39.68	0.0043941899	-5.8454842	-0.001326485
40.32	0.0042126403	-5.8455912	-0.0016156468
40.96	0.0041735158	-5.8456907	-0.00016632654
41.6	0.0042511211	-5.8455111	0.0011799703
42.24	0.0043861836	-5.8450959	0.00084865361
42.88	0.0046633518	-5.8453418	0.0012275661
43.52	0.0047094631	-5.8452087	0.00079523668
44.16	0.0048249312	-5.8451094	-3.7686267e-05
44.8	0.004716361	-5.8450795	0.00030337256
45.44	0.0045506319	-5.8453723	0.0016264886
46.08	0.0043835888	-5.8457329	0.0018953459
46.72	0.0042606709	-5.8455965	5.4466665e-05
47.36	0.0042378698	-5.8455995	-0.001929701
48	0.0042047321	-5.845259	-0.00035800015
48.64	0.0044869847	-5.845129	0.00084897666
49.28	0.0046691265	-5.8453439	0.00051163103
49.92	0.004781967	-5.8449693	0.0004233803
50.56	0.0047835327	-5.8449627	-0.00027803369
51.2	0.0047739404	-5.8450575	0.0016051803
51.84	0.0045130349	-5.8454839	0.00063951064
52.48	0.0043045891	-5.8456728	-0.00033036343
53.12	0.0041393149	-5.8455011	0.00084943453
53.76	0.0042157021	-5.8455066	-0.0012224264
54.4	0.0042589526	-5.8453358	-0.00024100558
55.04	0.0044725986	-5.8452736	-1.0573011e-06
55.68	0.0046948998	-5.8452302	0.00089593962
56.32	0.0047420352	-5.8450827	0.0003688025
56.96	0.0047959641	-5.8451798	0.0017598243
57.6	0.0046604795	-5.8450559	0.002391583
58.24	0.0044089243	-5.8450446	0.00033920938
58.88	0.0042690531	-5.845237	-0.0019145962
59.52	0.0042185778	-5.8456145	-0.00014828999
60.16	0.0041157666	-5.8454196	0.00026199091
60.8	0.004341619	-5.8457068	0.00034460379
61.44	0.0044657555	-5.8451652	-0.00090010972
62.08	0.0047152137	-5.8450695	0.0014066104
62.72	0.0048015129	-5.8449302	0.0010184659
63.36	0.0048043157	-5.8450125	0.0006509775
64	0.004703426	-5.8451175	-0.00041964546
64.64	0.0044352992	-5.845327	-6.6605338e-05
65.28	0.0042553134	-5.8451858	-0.0010279582
65.92	0.0041811874	-5.8452562	-0.00051591406
66.56	0.0042081216	-5.8454436	-0.0005462557
67.2	0.0043630861	-5.8455687	0.00067474707
67.84	0.0045155544	-5.8455123	-0.0011356274
68.48	0.0047308554	-5.8452556	0.0018767416
69.12	0.0048662198	-5.84494	0.0026886102
69.76	0.0047488994	-5.8450025	0.0014939252
70.4	0.0046367863	-5.8451215	-0.00028857103
71.04	0.0044158439	-5.8454695	0.00079153961
71.68	0.0042686899	-5.8455849	0.000542503
72.32	0.0042607715	-5.8457578	-0.00069417088
72.96	0.0041824361	-5.8455906	-0.00084710823
73.6	0.0043557425	-5.8455537	0.00099820322
74.24	0.0046240002	-5.8453908	0.0027316423
74.88	0.0047660885	-5.8451921	0.0013175623
75.52	0.0048480555	-5.8452088	0.0011525411
76.16	0.0046988821	-5.8450622	0.00036155761
76.8	0.00460874	-5.8451066	0.00072667754
77.44	0.0043715301	-5.8454964	-8.1001423e-05
78.08	0.0042255001	-5.8456455	0.00089645307
78.72	0.0041989513	-5.8458182	-0.00050432878
79.36	0.0043170188	-5.8456765	-0.0017669655
80	0.0043452772	-5.8453442	0.00083266793
80.64	0.0045611454	-5.8449596	0.0021863153
81.28	0.0047885435	-5.8450696	0.0012234515
81.92	0.0047854313	-5.8449783	0.0020828869
82.56	0.0046481026	-5.8449569	0.00050721519
83.2	0.0045512482	-5.8452038	0.0014571669
83.84	0.0043801536	-5.8453143	0.0006553739
84.48	0.0041986035	-5.8454747	0.0013570154
85.12	0.0041467562	-5.8454737	-0.0004152347
85.76	0.0042418862	-5.8456651	0.00026132808
86.4	0.0044012175	-5.8454595	3.3795088e-05
87.04	0.0045924688	-5.8451143	0.0014720477
87.68	0.004782328	-5.8450806	0.0019806219
88.32	0.0048887338	-5.8450059	-0.0011209313
88.96	0.0047268675	-5.8450493	0.00027269614
89.6	0.0045261633	-5.8453725	0.00021502496
90.24	0.0042274783	-5.8454429	0.0007840035
90.88	0.0041673679	-5.8453732	6.7584163e-05
91.52	0.004157193	-5.8457311	-0.0018670079
92.16	0.0042361065	-5.84572	0.00060778527
92.8	0.0044679361	-5.8452989	2.1380594e-05
93.44	0.004706905	-5.8452664	0.0016523681
94.08	0.0048503983	-5.8451226	0.001694242
94.72	0.0047503654	-5.844903	0.0010903069
95.36	0.0047129001	-5.8451535	0.00046178038
96	0.0044997352	-5.8452678	0.00085252943
96.64	0.0042742117	-5.8454592	0.0011252671
97.28	0.0041513779	-5.8456456	0.00045240218
97.92	0.0041795074	-5.8454921	-0.00070296079
98.56	0.0043459383	-5.8456457	-0.0020593346
99.2	0.004472301	-5.8452407	0.0018392477
99.84	0.004651842	-5.8450129	0.00045845446
100.48	0.0047733207	-5.8449571	0.00090860053
101.12	0.0047473169	-5.8446079	0.0028823571
101.76	0.0047062182	-5.8453473	-0.00022172493
102.4	0.0044421845	-5.8452133	0.0024784113
103.04	0.0042585341	-5.845444	-0.00023268245
103.68	0.0042141333	-5.8455854	-0.00044424743
104.32	0.0041988688	-5.8456067	-9.9292585e-05
104.96	0.0043091061	-5.8455481	0.00011230599
105.6	0.0045086499	-5.8453552	0.00029396216
106.24	0.0048028283	-5.8452639	-0.00055875164
106.88	0.0048271253	-5.8448479	0.0021340031
107.52	0.0048542443	-5.8449088	0.0017109112
108.16	0.0046592516	-5.8453001	0.0022984763
108.8	0.0044471893	-5.8455086	0.00025715988
109.44	0.0042537562	-5.8453388	0.00088759739
110.08	0.0042528023	-5.8455941	-0.00046052212
110.72	0.0041835157	-5.8456354	0.00011741874
111.36	0.0042982852	-5.8452956	0.00061966129
112	0.0045634469	-5.8454984	0.00059525622
112.64	0.0047298711	-5.8449658	0.001985981
113.28	0.0047501766	-5.8450559	0.0024287778
113.92	0.004769741	-5.8451703	0.0016975026
114.56	0.0045852925	-5.8451777	0.0020949373
115.2	0.0043718884	-5.8453367	-0.00080560281
115.84	0.0041947569	-5.8453324	-0.00020784249
116.48	0.0041854046	-5.8456207	0.00037142907
117.12	0.0042593508	-5.8453585	-0.00040895221
117.76	0.0043727258	-5.8451941	-0.00033301333
118.4	0.0045719046	-5.8450715	0.001634819
119.04	0.0047235159	-5.845138	0.00053724986
119.68	0.0047590876	-5.8445548	0.00014190852
120.32	0.0047874831	-5.8448601	0.00095749584
120.96	0.0045675093	-5.8452641	-9.0288396e-05
121.6	0.0043891588	-5.8453773	0.00012586411
122.24	0.004156755	-5.8456771	-0.00091916315
122.88	0.0041968461	-5.8456382	-0.00072800807
123.52	0.0042249002	-5.8454228	-0.00076410444
124.16	0.0044052369	-5.8450123	0.00090139736
124.8	0.0046163747	-5.845076	0.00033323489
125.44	0.0047493904	-5.8449042	0.0015295854
126.08	0.0048146435	-5.8449223	0.00022527567
126.72	0.0046940711	-5.8450665	0.002235655
127.36	0.0045746624	-5.8452504	0.00044871139
128	0.004350215	-5.8452758	-0.00010068256
128.64	0.0042099356	-5.8456591	0.00026861319
129.28	0.0041833947	-5.8456443	0.00097463725
129.92	0.0042909841	-5.8455788	-0.00090513857
130.56	0.0044266853	-5.8452578	0.0011523778
131.2	0.0046149267	-5.8449767	0.00078898168
131.84	0.0048507956	-5.8450299	-0.00037897719
132.48	0.0047635034	-5.8448987	0.0010252915
133.12	0.0047052055	-5.8447815	0.0028284443
133.76	0.0045065843	-5.8452024	0.00017259434
134.4	0.0043083215	-5.845376	0.00023567058
135.04	0.0041310805	-5.8454268	-0.0020647153
135.68	0.0041574763	-5.8456253	-0.00026132107
136.32	0.0042665855	-5.8454261	0.0015306326
136.96	0.0045135606	-5.8453343	0.0004175595
137.6	0.0045520229	-5.8451095	0.0023117815
138.24	0.0047868832	-5.8448486	0.00020645507
138.88	0.0047596219	-5.8450874	0.0011523566
139.52	0.0046653407	-5.8450704	0.00089438
140.16	0.0044298939	-5.8451999	0.00052247185
140.8	0.0043348903	-5.8454522	0.0011848907
141.44	0.0043252003	-5.8456212	-0.0015659028
142.08	0.0042048227	-5.8455488	0.0016488188
142.72	0.0042853468	-5.8456023	0.00087580409
143.36	0.0045413725	-5.8453352	0.0001128884
144	0.0046802142	-5.8451355	0.00095201883
144.64	0.004853941	-5.8450559	0.00077065833
145.28	0.0047014399	-5.8449783	0.0014141881
145.92	0.0046262312	-5.8449618	-0.00044859435
146.56	0.0044596167	-5.8452475	-0.00087508916
147.2	0.004192739	-5.8453396	-0.0012421942
147.84	0.0042168018	-5.8455173	-0.00033163121
148.48	0.004177224	-5.8455701	-0.0003611493
149.12	0.0043360457	-5.8453069	0.0016872644
149.76	0.0045289817	-5.8450731	-0.00021629475
150.4	0.0046782023	-5.8449354	0.0015268076
151.04	0.0048555276	-5.8449834	0.0019651165
151.68	0.0048516268	-5.8451272	0.00069453813
152.32	0.0045656419	-5.8452033	0.00086398302
152.96	0.0043803618	-5.8453572	-0.00056638525
153.6	0.0043059115	-5.8454728	-0.00076799108
154.24	0.0042536525	-5.8456652	8.4351149e-05
154.88	0.0042340763	-5.8453742	-0.0011002444
155.52	0.0042581632	-5.8454975	-0.00030544829
156.16	0.0045043066	-5.8452708	0.0020592103
156.8	0.0046941678	-5.8447021	0.0021943442
157.44	0.0048460656	-5.8448191	0.0018827372
158.08	0.0047967858	-5.844859	0.0012018626
158.72	0.0046184284	-5.8451354	-0.00011149974
159.36	0.0044844905	-5.8453645	-0.00022406669
160	0.0042621573	-5.8456819	-0.00063620045
160.64	0.0041068858	-5.8456533	-0.00087200597
161.28	0.0042344177	-5.84577	5.6957478e-05
161.92	0.0044362921	-5.8455672	0.0017233905
162.56	0.0045981948	-5.8451897	-0.00010049819
163.2	0.0048303811	-5.8451416	0.0013110899
163.84	0.0047607281	-5.8449387	0.002735032
164.48	0.0047318958	-5.845039	0.0020190493
165.12	0.0046578612	-5.8453845	0.00088643798
165.76	0.0043990605	-5.8458191	-0.00070397903
166.4	0.0042128513	-5.8456051	-0.00022412739
167.04	0.0041881966	-5.8455218	0.00052655158
167.68	0.0043183396	-5.8456117	0.00018766188
168.32	0.0043930432	-5.8452495	0.0011996956
168.96	0.0045452958	-5.8453385	0.0011537963
169.6	0.0047300104	-5.8452976	0.0010226307
170.24	0.0047757144	-5.8449706	0.0014800607
170.88	0.0047279781	-5.8450948	0.0013154855
171.52	0.0045144599	-5.845227	-0.00039316524
172.16	0.0043223096	-5.8453184	0.00060588439
172.8	0.0042436312	-5.8455451	0.00027190697
173.44	0.0041948241	-5.8457744	0.0012818191
174.08	0.0042972106	-5.8455472	-0.00037710557
174.72	0.0044491348	-5.8454965	0.00031199798
175.36	0.0046009611	-5.8451538	0.0011095185
176	0.0047462877	-5.8450619	0.0027625857
176.64	0.0048245095	-5.8448925	0.0015455392
177.28	0.0046912588	-5.8450214	0.00060487601
177.92	0.0045751111	-5.8453201	-0.00025929491
178.56	0.0043641084	-5.8453965	-0.0019769952
179.2	0.0042307864	-5.8455356	3.3799635e-05
179.84	0.0042055108	-5.8455926	-6.7116869e-05
180.48	0.004311842	-5.8455208	0.00066392192
181.12	0.0044387287	-5.8452797	0.00053292422
181.76	0.0047007788	-5.845116	0.00098015905
182.4	0.0047797327	-5.8449459	0.002113335
183.04	0.004790879	-5.8450331	0.0014731227
183.68	0.0046662548	-5.8451487	8.2609538e-05
184.32	0.0045072588	-5.8453303	0.0017725947
184.96	0.00429643	-5.8455033	0.00038199071
185.6	0.0042064406	-5.8454519	-0.00028756301
186.24	0.0041790847	-5.8455155	-0.00045821803
186.88	0.0043793637	-5.8455911	-0.0015225443
187.52	0.0044131113	-5.8450407	8.8503237e-05
188.16	0.0047034058	-5.8450635	0.00078351629
188.8	0.0048321362	-5.8450346	0.00091165983
189.44	0.0048308944	-5.8450838	0.0011056589
190.08	0.0046920087	-5.8451535	-8.9535315e-05
190.72	0.0043810753	-5.8452923	0.0011013425
191.36	0.0043242966	-5.8456678	0.00028771985
192	0.0042581264	-5.8454483	-0.00093577669
192.64	0.0041926032	-5.8454333	-0.00075376307
193.28	0.00440786	-5.8455196	0.00062714024
193.92	0.0045059031	-5.8451662	-0.00036959535
194.56	0.004708863	-5.8450908	0.0016785463
195.2	0.0048620808	-5.8449682	0.0011278495
195.84	0.0047206885	-5.845183	0.00017245932
196.48	0.0046716732	-5.8451375	0.0013032686
197.12	0.004438958	-5.8456471	-0.00031287402
197.76	0.0042612565	-5.8456208	0.0012411139
198.4	0.0042384504	-5.8457323	-0.0015374894
199.04	0.0042343695	-5.8456083	0.00024320837
199.68	0.0043518575	-5.8453196	-0.001579777
200.32	0.0045821804	-5.8452465	0.00096670866
200.96	0.0046353347	-5.8450314	0.0012425816
201.6	0.0047844415	-5.845059	0.0018060559
202.24	0.0047068284	-5.8448081	0.001342761
202.88	0.0045962556	-5.8450499	0.0012110725
203.52	0.0044584862	-5.8455796	-0.00134818
204.16	0.0041957086	-5.8454894	-0.00084840828
204.8	0.0041846119	-5.8457509	-0.00018317434
205.44	0.004223968	-5.8457048	-0.00033850504
206.08	0.0043767393	-5.8452693	0.0015331378
206.72	0.0045790908	-5.8451036	0.0021062335
207.36	0.0046772378	-5.8450855	-0.00042603246
208	0.0047996061	-5.8451049	0.0021329036
208.64	0.0047192382	-5.8452197	0.00040086343
209.28	0.0046134477	-5.8451555	0.00022628853
209.92	0.0044008151	-5.845671	0.000680807
210.56	0.0041564304	-5.8458188	0.00018525224
211.2	0.0041793051	-5.845938	-0.00051097636
211.84	0.0042099501	-5.8456747	0.0012852147
212.48	0.0043504204	-5.8457215	0.00035958795
213.12	0.0047075573	-5.8457282	0.00046300606
213.76	0.0048162467	-5.8453759	0.00062224729
214.4	0.0048733512	-5.8452332	0.0020797015
215.04	0.0047963508	-5.8452604	0.00059996518
215.68	0.0046603456	-5.8455384	-0.00084931339
216.32	0.0043661712	-5.8457339	-0.00030289847
216.96	0.0041805073	-5.8460274	-0.00032591382
217.6	0.0040706667	-5.8456549	0.0010837853
218.24	0.0042633742	-5.8458328	0.00030675435
218.88	0.0043935632	-5.8454741	0.00075712246
219.52	0.004668895	-5.8455611	0.0011984
220.16	0.0049134075	-5.845482	0.0029999089
220.8	0.0047616411	-5.8450816	0.0016021537
221.44	0.0047963453	-5.8451737	0.0020621023
222.08	0.0044934979	-5.8454548	-1.8306246e-05
222.72	0.0043181998	-5.8456305	-0.00086749932
223.36	0.0041478126	-5.8459835	0.00064509054
224	0.0041494993	-5.845828	-0.00039915406
224.64	0.0042972591	-5.8457165	0.0010865035
225.28	0.0044432664	-5.8454343	-0.00031033429
225.92	0.0047499568	-5.8456127	0.00074225595
226.56	0.0047753199	-5.8452357	0.0020507165
227.2	0.0049357154	-5.8453026	0.0021979692
227.84	0.0047317452	-5.8453608	0.00072661596
228.48	0.004561448	-5.8455463	0.00089015269
229.12	0.0042918417	-5.8458164	0.00054436408
229.76	0.0041359237	-5.8459076	-0.00083638321
230.4	0.004097321	-5.8457676	0.00085929092
231.04	0.0042674442	-5.8454979	-0.00017194134
231.68	0.0045439025	-5.8456403	0.0009515099
232.32	0.0046935073	-5.8451932	0.0011977837
232.96	0.0049192505	-5.8452561	0.00085559846
233.6	0.0047829503	-5.8452083	0.0012372229
234.24	0.0047615527	-5.8455321	0.00061179351
234.88	0.0044830392	-5.8457019	0.00068271024
235.52	0.0042202734	-5.8457652	0.00010474663
236.16	0.0041431755	-5.8459908	-0.00023365235
236.8	0.0042232386	-5.8458519	-0.00060692025
237.44	0.0042930167	-5.8456597	0.0014286641
238.08	0.0044697584	-5.8456539	0.00034355419
238.72	0.0047454489	-5.845444	0.0021597457
239.36	0.004873386	-5.8453043	0.0014168228
240	0.004893792	-5.8453787	0.0014177188
240.64	0.004696723	-5.8455689	0.00032652417
241.28	0.0044265493	-5.8456212	0.00075367001
241.92	0.0042339891	-5.8457766	4.1192713e-05
242.56	0.0041509206	-5.8458641	0.00071151194
243.2	0.0041681485	-5.8458681	0.00018094174
243.84	0.0043353509	-5.845829	0.00047338566
244.48	0.0045648201	-5.8454975	0.0015956426
245.12	0.0047852651	-5.8453516	0.0021146337
245.76	0.0048679052	-5.8450428	0.0018801101
246.4	0.0048541995	-5.8454257	0.00095499099
247.04	0.0046173143	-5.8454785	0.0014195046
247.68	0.0043917136	-5.8456144	0.00063176337
248.32	0.0041689172	-5.8457549	0.00071910773
248.96	0.0041223798	-5.8457952	-0.00046275317
249.6	0.0042371366	-5.8458925	-4.7638469e-05
250.24	0.0043426058	-5.8456314	0.00037628647
250.88	0.0046285433	-5.8454034	0.0018582177
251.52	0.0047718619	-5.8452599	0.0017802598
252.16	0.0048229441	-5.8450034	0.0019795726
252.8	0.0047788214	-5.8452775	0.0020306118
253.44	0.004610221	-5.8454005	0.001604804
254.08	0.0043486217	-5.8457926	0.0007043433
254.72	0.0041733259	-5.8458981	-0.00024148008
255.36	0.0041197885	-5.8460208	-0.00080315813
256	0.004185523	-5.8459303	-0.00027545761
256.64	0.0043747402	-5.8457572	0.0010963619
257.28	0.0046657757	-5.8454769	0.0016521637
257.92	0.0048086573	-5.8451994	0.0015020615
258.56	0.0048720121	-5.8452258	0.00063891588
259.2	0.004768525	-5.8453074	0.0024245066
259.84	0.0046103035	-5.8452553	0.00047263024
260.48	0.0043729323	-5.84589	0.00024054236
261.12	0.0042180872	-5.8459904	0.00042011556
261.76	0.0041353596	-5.8459363	0.0005186965
262.4	0.0042599275	-5.845859	-0.00084412748
263.04	0.004404529	-5.8456101	0.00091619469
263.68	0.0046724763	-5.8455271	0.00061319965
264.32	0.004805639	-5.8456049	0.0018978899
264.96	0.0049187269	-5.8453382	0.0028261572
265.6	0.0048513463	-5.8452186	0.0023886045
266.24	0.0045083968	-5.8453846	0.0014552715
266.88	0.0042636844	-5.8457028	0.0013711138
267.52	0.0041790628	-5.8458916	-0.00070812172
268.16	0.0041270915	-5.8458982	0.00027668942
268.8	0.0042803527	-5.8458303	-2.9131764e-05
269.44	0.0044576761	-5.845564	6.6789329e-05
270.08	0.004706119	-5.8456227	0.0025579037
270.72	0.0049003434	-5.8454716	0.001670641
271.36	0.0049031724	-5.8452525	0.001989698
272	0.0046880757	-5.8452386	0.00020856416
272.64	0.0044918472	-5.845588	0.000614576
273.28	0.0041989433	-5.8458383	-0.0014619286
273.92	0.0041226051	-5.8460052	0.0002986747
274.56	0.0041142657	-5.8459626	0.0017369001
275.2	0.0043067943	-5.8458532	0.0014065227
275.84	0.0045010024	-5.845698	0.0005155079
276.48	0.0047796766	-5.8455389	0.0016553832
277.12	0.0047732229	-5.844963	0.001333389
277.76	0.0048206251	-5.845111	0.0012250477
278.4	0.0046756134	-5.845137	0.0014249775
279.04	0.004451086	-5.8457374	-0.00030772669
279.68	0.0042911285	-5.8458348	-0.00081121195
280.32	0.0041289684	-5.8458748	-0.00028331462
280.96	0.0041475282	-5.8460622	-0.00063653184
281.6	0.0042807304	-5.8457459	-0.00043777369
282.24	0.0045383706	-5.8456862	0.00017555168
282.88	0.004729193	-5.8452975	0.00087587144
283.52	0.004865804	-5.8452499	0.0014868855
284.16	0.0048388981	-5.8452996	0.0019567222
284.8	0.0045943054	-5.8454959	0.0014006821
285.44	0.0044407068	-5.8454597	0.0011752848
286.08	0.0041529781	-5.8455661	0.00031026375
286.72	0.004123512	-5.8457612	0.0014436785
287.36	0.004235429	-5.8459623	-0.0013713127
288	0.0043448097	-5.8458481	0.0006174163
288.64	0.0045908165	-5.8456078	0.0015497187
289.28	0.0048001508	-5.8454026	0.0012543423
289.92	0.004944117	-5.8452196	0.001435439
290.56	0.0048190714	-5.8453329	0.0028748362
291.2	0.0045953157	-5.8452254	0.00075309767
291.84	0.0044127091	-5.8456823	0.0001228997
292.48	0.0041810573	-5.8457332	0.0014546128
293.12	0.0042192665	-5.8463667	-0.0013393519
293.76	0.0041943367	-5.8460256	-0.0001875163
294.4	0.0043182202	-5.8459747	0.00057250488
295.04	0.0045778209	-5.8454424	0.0015484426
295.68	0.0048723332	-5.8454381	0.0020396011
296.32	0.0048756719	-5.8452928	0.0024447319
296.96	0.0048536248	-5.8451859	0.0017548694
297.6	0.0045545011	-5.8453698	0.0029674927
298.24	0.004437955	-5.8457663	-0.00013955557
298.88	0.0041567106	-5.8456756	-0.0010644649
299.52	0.0041368107	-5.845957	-0.0012384008
300.16	0.0041863043	-5.8458559	0.00088060197
300.8	0.0044463353	-5.8455299	0.00074583764
301.44	0.0046448688	-5.8452919	0.00068318418
302.08	0.0048364911	-5.8452833	0.0021434028
302.72	0.0048459353	-5.8452028	0.0019897295
303.36	0.0047381526	-5.8451486	0.0011890905
304	0.0046081419	-5.8456155	0.0015704735
304.64	0.0043380968	-5.8456722	0.00030439911
305.28	0.0041495258	-5.8458444	-0.00080881246
305.92	0.0040916439	-5.8459931	0.00012104514
306.56	0.0041923154	-5.8458242	0.00077643337
307.2	0.0043531509	-5.8457095	0.0008770063
307.84	0.0046626482	-5.8453376	0.0022273707
308.48	0.0048960613	-5.8452068	0.00060305526
309.12	0.0048506277	-5.8451236	0.0021526356
309.76	0.0048011755	-5.845305	0.0030832548
310.4	0.0045394925	-5.8455892	0.00081818368
311.04	0.004284026	-5.8459343	0.0012634686
311.68	0.0041527201	-5.8457203	-0.0013013846
312.32	0.0041338993	-5.8460096	-0.0005822934
312.96	0.0042867182	-5.8459323	0.0004586565
313.6	0.0045011282	-5.845738	0.0017314053
314.24	0.0047280353	-5.8453998	0.0020269012
314.88	0.0048580766	-5.8450034	0.0012450638
315.52	0.0048453152	-5.8451755	0.0032566905
316.16	0.0047255843	-5.8454266	0.001799258
316.8	0.0045059209	-5.8453523	0.001625371
317.44	0.0043047472	-5.8458117	1.3886529e-05
318.08	0.0041637688	-5.8459304	0.00010318431
318.72	0.0041414778	-5.845948	0.00084094045
319.36	0.0042953655	-5.8457988	0.00031840021
320	0.0044781732	-5.8456125	0.00081385126
320.64	0.0046751408	-5.8453473	0.002541121
321.28	0.0048610301	-5.845243	0.001374962
321.92	0.0048035897	-5.8451816	0.0032662904
322.56	0.0046849994	-5.8452264	0.0007248826
323.2	0.0044189755	-5.8455275	0.0016733111
323.84	0.0043091456	-5.8458966	-0.0014026736
324.48	0.0041928815	-5.84604	0.00010442739
325.12	0.0041682566	-5.8458859	-0.0006085823
325.76	0.0043021103	-5.8457633	-9.0589095e-05
326.4	0.0044670692	-5.8454956	0.001943683
327.04	0.0046930529	-5.8453547	0.002574386
327.68	0.0049287027	-5.8453822	0.0018164444
328.32	0.0048344681	-5.8452295	0.0016748895
328.96	0.0047568723	-5.8454131	0.0014276845
329.6	0.0044292902	-5.8455959	0.0014971253
330.24	0.004186078	-5.845633	0.0011416647
330.88	0.0041394057	-5.8459374	-0.0014287927
331.52	0.0042503153	-5.8459366	-0.001537041
332.16	0.0043625428	-5.8457436	-0.00017981102
332.8	0.0045697183	-5.8453612	0.001646401
333.44	0.0047949277	-5.8453713	0.0016385036
334.08	0.0047764107	-5.8449508	0.0026765585
334.72	0.0048428804	-5.8452761	0.00046234195
335.36	0.0046686775	-5.84551	0.0023257969
336	0.0044281463	-5.8458094	0.00060520185
336.64	0.0042243183	-5.8457318	-0.00038555198
337.28	0.0041103905	-5.8457457	0.00038900247
337.92	0.004231604	-5.8460582	0.00087304626
338.56	0.004319588	-5.8459329	0.00084729123
339.2	0.0046301492	-5.8457552	0.0010358034
339.84	0.0048166809	-5.8453015	0.00098935197
340.48	0.0048755257	-5.8451268	0.0017336904
341.12	0.0047856147	-5.8454837	0.00088012013
341.76	0.0045011357	-5.8452685	0.0015831373
342.4	0.0043674337	-5.8457926	-0.00030750606
343.04	0.0041941018	-5.8458884	-0.0023772861
343.68	0.0042324406	-5.8462057	0.00014620696
344.32	0.0042049365	-5.8458695	7.1727846e-05
344.96	0.0044109462	-5.8457672	-0.00022178966
345.6	0.0045815039	-5.8452404	0.001622559
346.24	0.0048003228	-5.8452855	0.0014676063
346.88	0.0048318031	-5.8453006	0.0019017834
347.52	0.0047955148	-5.8454327	0.0018608918
348.16	0.0045848053	-5.8456559	-0.00046252618
348.8	0.0043229443	-5.8457297	0.00027479468
349.44	0.0041759571	-5.8458956	-0.000365583
350.08	0.0041611538	-5.8458489	-6.0142428e-05
350.72	0.0042003454	-5.8459719	0.00049414459
351.36	0.0044792951	-5.8458405	0.0020708312
352	0.0047067686	-5.8453721	0.0019519631
352.64	0.0049282119	-5.8454022	0.001710724
353.28	0.0048833841	-5.8451894	0.002930508
353.92	0.0047231313	-5.8453252	-0.00017664744
354.56	0.0045294743	-5.8455837	-0.0002712107
355.2	0.0042933256	-5.8458231	0.00091442954
355.84	0.0041736233	-5.8459852	0.00017447478
356.48	0.0041991112	-5.846005	-0.0020109325
357.12	0.0042139571	-5.8457226	0.00058329487
357.76	0.0045221094	-5.8455098	0.001438296
358.4	0.0046545592	-5.8452292	0.0022935288
359.04	0.0048258935	-5.8451773	0.0014940877
359.68	0.0048299226	-5.8453254	7.2290062e-06
360.32	0.0046945233	-5.8454888	0.0006705454
360.96	0.0044825877	-5.8455469	-0.00064549909
361.6	0.0042523124	-5.8457739	0.00033020847
362.24	0.0041149565	-5.8459958	0.00081548699
362.88	0.0042029992	-5.8458163	-0.0002885784
363.52	0.0042330284	-5.8457325	0.00020635716
364.16	0.0045165319	-5.8456538	0.0007663466
364.8	0.0047819816	-5.8454544	0.0004907879
365.44	0.0049195498	-5.8450527	0.0012840193
366.08	0.0047959019	-5.8452823	0.00061594057
366.72	0.0046138981	-5.8454331	0.00024022135
367.36	0.0043786256	-5.8455304	0.0022816643
368	0.0042133434	-5.8457566	-0.00087008536
368.64	0.0041206229	-5.845931	-0.00069040359
369.28	0.0041925562	-5.8457481	0.00051348607
369.92	0.0043084336	-5.8457013	-0.00076036292
370.56	0.0044849588	-5.845691	0.0016774632
371.2	0.004707691	-5.8451492	0.0023617589
371.84	0.0047963099	-5.8448697	0.0023119753
372.48	0.0048682744	-5.8452564	0.0031841998
373.12	0.0046959791	-5.8454655	0.00034164784
373.76	0.0043842305	-5.845595	0.00029780378
374.4	0.0042400736	-5.8458762	-0.00011718567
375.04	0.0041665402	-5.8461197	-0.00046108592
375.68	0.0041406957	-5.8458702	-0.00098005882
376.32	0.0044055169	-5.8458473	-0.00059226125
376.96	0.0045924067	-5.8454091	0.0011479789
377.6	0.004820707	-5.8454493	0.0027666991
378.24	0.0048463789	-5.8450241	0.0017909422
378.88	0.004760658	-5.8453318	0.00037864736
379.52	0.00460393	-5.8453017	0.0014873316
380.16	0.0042901189	-5.8456517	0.00069461583
380.8	0.0042165114	-5.8459664	0.0016569611
381.44	0.0041555503	-5.8460827	-0.00069324798
382.08	0.0042291019	-5.845928	-0.0005847913
382.72	0.0043768649	-5.8456956	-0.00015901322
383.36	0.0046343367	-5.8454192	0.00019413092
384	0.0047573785	-5.8451441	0.0011576008
384.64	0.0048042671	-5.8451155	0.001830766
385.28	0.0048132832	-5.8455855	0.00017265842
385.92	0.0046166622	-5.8454337	5.3736595e-05
386.56	0.0043570247	-5.8458065	0.000983584
387.2	0.0041149035	-5.8458555	0.00053479376
387.84	0.0042016986	-5.84593	0.0016193163
388.48	0.004208871	-5.8460167	0.0016753885
389.12	0.0044633375	-5.8459697	-0.00031799111
389.76	0.0047104868	-5.8456337	0.00054296383
390.4	0.0048792692	-5.8454344	0.00099857997
391.04	0.004888937	-5.8451583	0.00330908
391.68	0.004801195	-5.8451163	0.0012031249
392.32	0.0045695215	-5.8454074	0.0004824982
392.96	0.0043546692	-5.8458598	-0.00051336047
393.6	0.0041131793	-5.8459207	-0.0012027189
394.24	0.0041652159	-5.8460743	1.7215697e-05
394.88	0.0042673964	-5.8456951	0.0011704235
395.52	0.0043571552	-5.8458052	0.00075680497
396.16	0.0046594647	-5.8454331	0.002189932
396.8	0.0047333395	-5.8452929	0.0022361266
397.44	0.004863151	-5.8452879	0.00059859663
398.08	0.0046886449	-5.8452042	0.00087780049
398.72	0.0044854612	-5.8453615	0.00098761034
399.36	0.0042716716	-5.8456093	0.0011148605
400	0.0042117584	-5.8457224	0.0017961728
400.64	0.0042105113	-5.8458888	-0.00083726214
401.28	0.0042315799	-5.845795	-0.00039166081
401.92	0.0044342286	-5.8457819	0.0012423671
402.56	0.0047635461	-5.8455734	0.001258894
403.2	0.0048124227	-5.8449413	0.001618887
403.84	0.0048302978	-5.8450181	0.0025571829
404.48	0.0046652185	-5.8452914	0.00062990358
405.12	0.004461477	-5.8454782	0.0018305798
405.76	0.0042698145	-5.8457086	0.001008285
406.4	0.0041821581	-5.8458659	0.00060977471
407.04	0.00416212	-5.8458716	-0.00016107478
407.68	0.004278666	-5.8458048	0.0017579998
408.32	0.0045363033	-5.8456044	-0.00070620732
408.96	0.0047118422	-5.8454358	0.0016041858
409.6	0.004885686	-5.8452547	0.0026858225
410.24	0.0048292953	-5.8451918	0.0018418872
410.88	0.0046545236	-5.8450643	0.0020384877
411.52	0.0044328398	-5.8456784	0.0017177157
412.16	0.0042049204	-5.8460251	-0.0010506952
412.8	0.0041335949	-5.8457804	-0.0011768567
413.44	0.0041022417	-5.8459663	-5.1245888e-05
414.08	0.0042917464	-5.8457436	0.000768744
414.72	0.0044994752	-5.845372	0.0020222372
415.36	0.0048093805	-5.845024	0.0030906516
416	0.0048402022	-5.845248	0.0019688513
416.64	0.0048305936	-5.845119	0.0020060419
417.28	0.0045584172	-5.8453432	0.0015838518
417.92	0.0043524237	-5.8456781	0.0009180013
418.56	0.0042088134	-5.845714	-0.00065648939
419.2	0.0041593766	-5.8458611	0.00075527379
419.84	0.0042505438	-5.8459241	-0.0011585558
420.48	0.004348132	-5.8457605	0.00062871518
421.12	0.0045866804	-5.8456857	0.0027463199
421.76	0.0047178745	-5.8451608	0.00067895335
422.4	0.0048526685	-5.845179	0.003176914
423.04	0.0047873239	-5.8452204	0.00093283891
423.68	0.0046273549	-5.8453601	0.001099112
424.32	0.004365403	-5.84559	9.1909096e-05
424.96	0.0041513884	-5.8459285	-2.2298098e-05
425.6	0.0041634714	-5.8460281	8.9644612e-05
426.24	0.0042458055	-5.8458136	-0.00023104422
426.88	0.0043687629	-5.8454469	0.00056163359
427.52	0.0046735513	-5.8453721	0.0013926952
428.16	0.0047977218	-5.8450689	0.0030526467
428.8	0.0048468293	-5.8453619	0.0025515544
429.44	0.0047711617	-5.8454005	0.0018362324
430.08	0.0045575649	-5.8456053	0.00088578134
430.72	0.0043613998	-5.8457453	0.0014197748
431.36	0.0042177803	-5.8458649	0.0008357937
432	0.0041345371	-5.8461608	0.0005307742
432.64	0.0041916396	-5.84564	0.001140179
433.28	0.0044391281	-5.8453125	-5.8714699e-05
433.92	0.0046274111	-5.8455021	0.0016667958
434.56	0.0048018603	-5.8452544	0.0021105275
435.2	0.00489583	-5.8453096	0.0022478726
435.84	0.0046801771	-5.8452632	0.0028173422
436.48	0.0044970892	-5.8455731	0.00037599018
437.12	0.0043667672	-5.8456723	-0.00068373402
437.76	0.0042048932	-5.8459921	-0.0014709267
438.4	0.0040972872	-5.8458287	-0.00015457821
439.04	0.0041900062	-5.8456948	-0.00064888857
439.68	0.0043913239	-5.8455612	0.0020279484
440.32	0.0046730667	-5.8452326	0.00088255425
440.96	0.0049065359	-5.8453481	0.00052402956
441.6	0.0047995021	-5.8451734	0.0031434704
442.24	0.0047726088	-5.8455622	0.00011460307
442.88	0.0044301606	-5.8457807	0.0010989713
443.52	0.0042339996	-5.845728	0.0011610794
444.16	0.0040687776	-5.8458021	0.00024221166
444.8	0.0041491229	-5.8460107	6.1883198e-05
445.44	0.0042869317	-5.8456887	0.0012454038
446.08	0.0044347912	-5.8454577	-0.00013616372
446.72	0.0047119447	-5.8455151	0.0013264531
447.36	0.0048370004	-5.8450712	0.0020329846
448	0.004857867	-5.8451409	0.0018112426
448.64	0.0046836411	-5.8453616	0.0013664242
449.28	0.004440724	-5.8455274	0.00061520285
449.92	0.0042289504	-5.8457602	-0.00077133613
450.56	0.0041728094	-5.8457644	-0.00072492828
451.2	0.0041402378	-5.8460774	2.1749655e-05
451.84	0.0043266767	-5.845677	0.0014690412
452.48	0.0045199345	-5.8453947	-0.00062426123
453.12	0.0047380725	-5.8452878	0.00022322048
453.76	0.0048323971	-5.8452294	0.0023257551
454.4	0.0048423261	-5.8454363	0.0012630085
455.04	0.0046661932	-5.8454952	0.0023507061
455.68	0.004422919	-5.8457995	-0.00043757807
456.32	0.0042004292	-5.8458145	0.0013890674
456.96	0.0040449875	-5.8457982	0.0014290918
457.6	0.0041973974	-5.8460693	-0.00014994855
458.24	0.0042114405	-5.8456849	-0.00037953038
458.88	0.0045500735	-5.8453614	0.0023203945
459.52	0.004747845	-5.8450811	0.0016937009
460.16	0.0048691471	-5.8453192	0.0012598616
460.8	0.00487114	-5.8452253	0.0033351966
461.44	0.0045984232	-5.8453509	0.0016779631
462.08	0.0043680026	-5.845533	-0.0012105618
462.72	0.0042490034	-5.845913	-0.00016375415
463.36	0.0042377528	-5.846084	0.00057198345
464	0.004137302	-5.8457418	-0.00014685864
464.64	0.0044177599	-5.8457204	0.00062954389
465.28	0.0045260064	-5.8455055	0.0016901826
465.92	0.0047890586	-5.8452278	0.0021196239
466.56	0.0049867304	-5.8454699	0.00096316223
467.2	0.0048521875	-5.8453573	0.0014796164
467.84	0.0045547827	-5.8455255	0.0010841067
468.48	0.0043662291	-5.8457009	0.00071247996
469.12	0.0041793371	-5.8458761	-0.00064332408
469.76	0.0041580434	-5.8460403	0.0010215026
470.4	0.004263235	-5.8458462	0.0016857986
471.04	0.0044507543	-5.8457138	0.00030507175
471.68	0.0046258893	-5.8452688	0.00046778183
472.32	0.0048399507	-5.84538	0.0028885363
472.96	0.004913117	-5.8453356	0.00040053335
473.6	0.0047496138	-5.8452881	0.0021323268
474.24	0.0045138562	-5.8453665	-0.00015826434
474.88	0.0043379105	-5.8457364	0.00085449604
475.52	0.0041842037	-5.8460228	0.00091085975
476.16	0.0041044762	-5.8459565	0.00015336794
476.8	0.004233967	-5.8457533	0.00044836272
477.44	0.0043869323	-5.8457026	0.001923381
478.08	0.0047705349	-5.8451534	0.0011807838
478.72	0.0048623045	-5.845515	0.0033882925
479.36	0.0048709453	-5.8454574	0.0011684553
480	0.0047396055	-5.8452392	0.00053857087
480.64	0.0045018138	-5.8454946	0.0011551485
481.28	0.0043298742	-5.8457454	0.0006237465
481.92	0.004231975	-5.8457009	-2.413543e-05
482.56	0.0042069513	-5.8459878	0.00011081638
483.2	0.0042717722	-5.8458641	0.00053407376
483.84	0.004390721	-5.8456177	6.896092e-05
484.48	0.0046859222	-5.8453167	0.0014408005
485.12	0.0048685425	-5.8454359	0.0028103435
485.76	0.0048719142	-5.8451783	0.00185953
486.4	0.0046865782	-5.8453582	0.00085545665
487.04	0.0044537005	-5.8454719	0.0018358592
487.68	0.0043449776	-5.8458303	-0.0004173731
488.32	0.0041177715	-5.8457849	0.00020728252
488.96	0.004173866	-5.8458812	0.00010430731
489.6	0.0042246579	-5.8457747	0.00039622598
490.24	0.0044711301	-5.8457943	0.00066116529
490.88	0.0047311935	-5.8454967	0.0012673356
491.52	0.0048304434	-5.8453028	0.00072007483
492.16	0.0047934347	-5.8454265	0.0025445709
492.8	0.0046544145	-5.8453788	0.0022268491
493.44	0.0044824762	-5.8458158	0.001000462
494.08	0.0042946661	-5.8460747	-0.00034392884
494.72	0.0041677688	-5.8459974	-0.00076034192
495.36	0.0041349436	-5.8460498	0.0007923417
496	0.0043379512	-5.8457749	8.3996431e-05
496.64	0.0044997644	-5.8454193	0.001953539
497.28	0.0047200089	-5.8450952	0.0012527032
497.92	0.0048411047	-5.8453248	0.00042818691
498.56	0.0047977589	-5.8455353	-0.0006004041
499.2	0.0047260622	-5.8451009	0.0013431204
499.84	0.0044385837	-5.8455102	0.00011595194
