0	0.01364193	-5.8372015	0.0064258186
0.64	0.013401735	-5.8372052	0.0079355088
1.28	0.013505139	-5.8372251	0.0075257096
1.92	0.013432841	-5.837437	0.010493867
2.56	0.013625326	-5.8378184	0.0041519409
3.2	0.013191046	-5.8374788	0.0058234606
3.84	0.013536661	-5.8376209	0.0050885982
4.48	0.013311517	-5.8374821	0.0037948452
5.12	0.013315272	-5.837209	0.0064992318
5.76	0.013438296	-5.8374669	0.0060029666
6.4	0.013966587	-5.8378567	0.0055787504
7.04	0.013569837	-5.8374968	0.0054277601
7.68	0.013616306	-5.8374467	0.0076513439
8.32	0.013565075	-5.8376383	0.0081684871
8.96	0.013322615	-5.8377513	0.009480134
9.6	0.013454186	-5.8382117	0.0066804716
10.24	0.013420277	-5.8381572	0.0070281213
10.88	0.01332186	-5.8378427	0.0064430635
11.52	0.01358292	-5.838277	0.0069199465
12.16	0.013720502	-5.8379417	0.0075509171
12.8	0.013848395	-5.8378723	0.009535778
13.44	0.013842288	-5.8382032	0.0082811259
14.08	0.013451245	-5.8381158	0.0070981704
14.72	0.013392798	-5.8384854	0.0065142257
15.36	0.013190146	-5.8389368	0.0056325195
16	0.012972289	-5.8386262	0.0085157186
16.64	0.013215584	-5.838904	0.0058234875
17.28	0.013346236	-5.8383316	0.0071804854
17.92	0.013762981	-5.8386129	0.0083576803
18.56	0.013749769	-5.838109	0.0050850755
19.2	0.013648754	-5.8381292	0.0091544324
19.84	0.013797381	-5.8382969	0.0054371373
20.48	0.013843709	-5.8388083	0.0078508515
21.12	0.013676517	-5.8387031	0.0062588865
21.76	0.013353787	-5.8391893	0.0033862708
22.4	0.013285888	-5.8397727	0.0049546385
23.04	0.012963268	-5.8394812	0.0046161021
23.68	0.013273434	-5.839452	0.0029930152
24.32	0.013418766	-5.8395182	0.0035439953
24.96	0.013376019	-5.8394519	0.00095014994
25.6	0.013795735	-5.8390928	0.00041652905
26.24	0.013846035	-5.8391625	0.0024930161
26.88	0.013721254	-5.8393219	0.0030883679
27.52	0.013519802	-5.8395207	-0.00029404334
28.16	0.013221119	-5.8398682	-0.00018175561
28.8	0.013259311	-5.839948	0.00226012
29.44	0.012982449	-5.839877	0.00029672729
30.08	0.013259193	-5.8403492	-0.0004336074
30.72	0.013673185	-5.8402719	-0.0024054713
31.36	0.013980097	-5.8404383	-0.0022117639
32	0.013931775	-5.8401336	-0.002656665
32.64	0.013809333	-5.8402958	-0.0032599061
33.28	0.013328918	-5.8399259	-0.0010191513
33.92	0.013515395	-5.8404156	-0.0067449142
34.56	0.013368281	-5.8407998	-0.003117065
35.2	0.012984258	-5.8409021	-0.0030937345
35.84	0.013251382	-5.8414605	-0.005122849
36.48	0.013050535	-5.8408505	-0.0037834045
37.12	0.013538409	-5.8411928	-0.0055984368
37.76	0.013736664	-5.840744	-0.0039852122
38.4	0.013990288	-5.840575	-0.00079960489
39.04	0.013876476	-5.8408949	-0.0017400638
39.68	0.013520362	-5.8402746	-0.0031377268
40.32	0.013309648	-5.8406317	-0.0033774723
40.96	0.013280425	-5.8410239	-0.007220772
41.6	0.013268822	-5.8414928	-0.0056526748
42.24	0.013283358	-5.8414309	-0.0081728651
42.88	0.013261549	-5.8410912	-0.0049809688
43.52	0.013380304	-5.8408806	-0.0030903927
44.16	0.013796181	-5.8408449	-0.0036521956
44.8	0.01392448	-5.8411703	-0.004064496
45.44	0.013945149	-5.8411307	-0.0062607126
46.08	0.01374931	-5.8414616	-0.0061587064
46.72	0.01330194	-5.8417549	-0.0037476565
47.36	0.013182408	-5.8424056	-0.0054057472
48	0.012926284	-5.8420839	-0.0055561691
48.64	0.013260931	-5.8427528	-0.0083880783
49.28	0.013335114	-5.8421958	-0.0011812906
49.92	0.013522025	-5.8420962	-0.0045209517
50.56	0.013591074	-5.8417472	-0.0040168883
51.2	0.013714281	-5.8420741	-0.0072718242
51.84	0.013677894	-5.8421111	-0.0051906712
52.48	0.013725791	-5.8422292	-0.0051933034
53.12	0.013396105	-5.8420683	-0.0061938467
53.76	0.013065761	-5.8419492	-0.004819095
54.4	0.013357132	-5.8422607	-0.0045588336
55.04	0.013146339	-5.8424706	-0.0046195845
55.68	0.013256223	-5.8423558	-0.0054473311
56.32	0.013525248	-5.842329	-0.003382308
56.96	0.013664443	-5.8421078	-0.003272384
57.6	0.013313313	-5.8413628	-0.0032862813
58.24	0.013764563	-5.8424288	-0.0055902677
58.88	0.013612679	-5.8420489	-0.0039987341
59.52	0.013694294	-5.842437	-0.0037548662
60.16	0.013513819	-5.8425518	-0.0077450307
60.8	0.012928778	-5.841964	-0.00082864511
61.44	0.01332138	-5.8425097	-0.0086019201
62.08	0.013629896	-5.8423957	-0.0081014437
62.72	0.013858191	-5.8421114	-0.0043111329
63.36	0.013599487	-5.8415773	-0.00096878186
64	0.01362329	-5.8419483	-0.0017872012
64.64	0.013493727	-5.8420068	-0.0036901052
65.28	0.01326696	-5.8418114	-0.0028087069
65.92	0.013757782	-5.8427505	-0.0038920525
66.56	0.013297659	-5.84243	-0.004107959
67.2	0.013282912	-5.8424518	-0.0043005541
67.84	0.013416207	-5.842518	-0.004998006
68.48	0.013479759	-5.8424271	-0.0041423143
69.12	0.013951275	-5.8425435	-0.0078814915
69.76	0.013669001	-5.8420148	-0.0036529861
70.4	0.01356205	-5.8420111	-0.0024806092
71.04	0.013689027	-5.8419743	-0.0036530658
71.68	0.013440979	-5.8421821	-0.0038785387
72.32	0.013370621	-5.8419274	-0.0059796931
72.96	0.013420594	-5.8423362	-0.0033224589
73.6	0.013240795	-5.8424574	-0.0027072871
74.24	0.013139775	-5.8418411	-0.0040434482
74.88	0.013525268	-5.8424243	-0.003905836
75.52	0.013519461	-5.8419327	-0.002531362
76.16	0.013814787	-5.84212	-0.003130455
76.8	0.013475203	-5.8419995	-0.0008765923
77.44	0.013588064	-5.8417306	-0.002881238
78.08	0.013462786	-5.842189	-0.0051474515
78.72	0.013289618	-5.842447	-0.004672578
79.36	0.013225231	-5.8421545	-0.0025718783
80	0.013462925	-5.842508	-0.0042068029
80.64	0.013186027	-5.8421166	-0.0033133403
81.28	0.013364847	-5.8421572	-0.003490778
81.92	0.013910502	-5.8424524	-0.0060887709
82.56	0.01350318	-5.8417517	-0.0027475324
83.2	0.013839244	-5.8420057	-0.0051113244
83.84	0.013691152	-5.8417087	-0.002313377
84.48	0.013382876	-5.8422369	-0.00088742748
85.12	0.013340303	-5.8420438	-0.0076889213
85.76	0.013304153	-5.8424207	-0.0042495461
86.4	0.013247965	-5.8422512	-0.0071201498
87.04	0.013313606	-5.8421568	-0.0033342246
87.68	0.013508123	-5.8421153	-0.0027388543
88.32	0.013669279	-5.841995	-0.000364116
88.96	0.013688805	-5.8418351	-0.0040022898
89.6	0.013613896	-5.8417025	-0.0034923074
90.24	0.013676711	-5.8422949	-0.0021425301
90.88	0.013643219	-5.8423845	-0.0050411304
91.52	0.01340243	-5.8425394	-0.0014649622
92.16	0.01361311	-5.8424081	-0.0057861347
92.8	0.013472489	-5.842733	-0.0043264785
93.44	0.013493727	-5.8424535	-0.0051773897
94.08	0.013603629	-5.842227	-0.0029812156
94.72	0.013574318	-5.8422228	-0.0026972222
95.36	0.013648272	-5.842056	-0.0013848883
96	0.013883177	-5.8424215	0.00033304269
96.64	0.013428303	-5.8417431	-0.0019245637
97.28	0.01344463	-5.84203	-0.0062230492
97.92	0.013284862	-5.8420929	-0.0010510132
98.56	0.013177292	-5.8422914	-0.0031009672
99.2	0.013347174	-5.842294	-0.0040158695
99.84	0.013441749	-5.842272	-0.0056964041
100.48	0.013646102	-5.8422173	-0.0041278941
101.12	0.01352556	-5.8420748	-0.0050125486
101.76	0.013570027	-5.8421413	-0.0021229309
102.4	0.013635012	-5.8419267	-0.0035197959
103.04	0.013684986	-5.8419282	-0.0049445058
103.68	0.013362973	-5.842324	-0.0039384531
104.32	0.013445351	-5.8424228	-0.0041789128
104.96	0.013196572	-5.8424728	-0.0037707749
105.6	0.013307545	-5.8426675	-0.0041203766
106.24	0.013384337	-5.8423356	-0.0034089282
106.88	0.013491555	-5.842206	-0.0034507017
107.52	0.013675702	-5.8419653	-0.0045531053
108.16	0.013602256	-5.8419187	-0.0032163875
108.8	0.013738516	-5.8422498	-0.004334284
109.44	0.013438172	-5.8423661	-0.0059553718
110.08	0.013502665	-5.8423386	-0.0051637867
110.72	0.013612925	-5.8423331	-0.0053299821
111.36	0.013276839	-5.8421711	-0.0034549416
112	0.013265879	-5.8420544	-0.0038910477
112.64	0.01331259	-5.8421958	-0.003841264
113.28	0.013538011	-5.8422122	-0.0040369239
113.92	0.013746118	-5.8417609	-0.0038506893
114.56	0.013577403	-5.8417002	-0.0048250805
115.2	0.013547104	-5.8419704	-0.0031803979
115.84	0.013570235	-5.8419975	-0.0042001215
116.48	0.013580296	-5.8427423	-0.0013371309
117.12	0.013418756	-5.8426128	-0.0034451005
117.76	0.013097731	-5.8420713	-0.006077519
118.4	0.013221381	-5.8421237	-0.0043890799
119.04	0.01317687	-5.8419288	-0.0018612033
119.68	0.013594461	-5.8421413	-0.0022533702
120.32	0.013488754	-5.8419594	-0.0015357422
120.96	0.013607662	-5.8419147	-0.00086252709
121.6	0.013367446	-5.8416407	-0.00047674921
122.24	0.01352576	-5.8422544	-0.0032338458
122.88	0.013709095	-5.8424594	-0.0065910168
123.52	0.01326974	-5.8421548	-0.002705748
124.16	0.01328765	-5.8422729	-0.0029594613
124.8	0.013491135	-5.8423377	-0.0033993386
125.44	0.013685203	-5.842335	-0.0053264021
126.08	0.01384266	-5.8420439	-0.0061066051
126.72	0.013920852	-5.8421209	-0.0018355869
127.36	0.013793406	-5.8422448	-0.0038814915
128	0.013819797	-5.8420678	-0.0029915827
128.64	0.01350195	-5.8421	-0.0051120097
129.28	0.013304817	-5.8421991	-0.0037419125
129.92	0.013249584	-5.8422738	-0.0038488084
130.56	0.013358549	-5.8424095	-0.0042778753
131.2	0.013251054	-5.8425183	-0.0032209053
131.84	0.013436608	-5.842237	-0.004155136
132.48	0.013653436	-5.8423696	-0.0011100664
133.12	0.013775669	-5.8416808	-0.00066808068
133.76	0.013539731	-5.8416544	-0.0048069212
134.4	0.013842522	-5.8421859	-0.004058997
135.04	0.01353089	-5.8421798	-0.0051453364
135.68	0.013451595	-5.8425321	-0.003429836
136.32	0.013149597	-5.8422311	-0.003989055
136.96	0.013516653	-5.8425348	-0.0047593534
137.6	0.013206062	-5.8420761	-0.0028136474
138.24	0.013447509	-5.8418203	-0.00075507954
138.88	0.013673625	-5.841998	-0.0052224628
139.52	0.013722478	-5.8415523	-0.0036631719
140.16	0.013652482	-5.8419645	-0.0024736844
140.8	0.013333909	-5.841778	-0.0033750766
141.44	0.013552138	-5.842248	-0.0012264288
142.08	0.013304219	-5.8422562	-0.0040293519
142.72	0.013435164	-5.8427801	-0.0055735159
143.36	0.013257921	-5.8424321	-0.0045489234
144	0.013558387	-5.8424141	-0.0025068158
144.64	0.013619781	-5.8423343	-0.0038082019
145.28	0.013670563	-5.8419097	-0.0057723948
145.92	0.013788835	-5.8418234	-0.00060013603
146.56	0.013829674	-5.8420991	-0.004229927
147.2	0.013502307	-5.8418778	-0.0043958604
147.84	0.013404729	-5.8420835	-0.0053926329
148.48	0.013563951	-5.8427558	-0.0043155163
149.12	0.013253412	-5.8423988	-0.0036710082
149.76	0.013265675	-5.8423767	-0.0022143659
150.4	0.013298891	-5.8420188	-0.0044200991
151.04	0.013441968	-5.8420036	-0.0028639673
151.68	0.013672383	-5.8418266	-0.0026369883
152.32	0.013654789	-5.8417703	-0.00070086993
152.96	0.013576983	-5.8420206	-0.0015304648
153.6	0.01371069	-5.8424843	-0.0029553306
154.24	0.013541906	-5.8425131	-0.0037168764
154.88	0.013029449	-5.841999	-0.0037914185
155.52	0.013088818	-5.8421992	-0.0047516214
156.16	0.013332073	-5.8424936	-0.0064445826
156.8	0.013526911	-5.8422841	-0.0036402036
157.44	0.013571788	-5.8417296	-0.0021761354
158.08	0.013684389	-5.8418262	-0.0010392401
158.72	0.013626861	-5.8420157	-0.002893789
159.36	0.013950552	-5.8423846	-0.0028818591
160	0.013425581	-5.8422102	-0.0035056249
160.64	0.013376274	-5.8425765	-0.0025652493
161.28	0.013050087	-5.8422662	-0.0026800079
161.92	0.013038262	-5.8424816	-0.0033090934
162.56	0.013325624	-5.84265	-0.0027122241
163.2	0.013557113	-5.8420479	-0.0038229952
163.84	0.013771928	-5.8418569	-0.003337355
164.48	0.013666349	-5.8417079	-0.0026015044
165.12	0.013756188	-5.8418967	-0.004030202
165.76	0.01374362	-5.8422799	-0.0012422093
166.4	0.013487421	-5.8420254	-0.0040053699
167.04	0.013326482	-5.8422467	-0.0039943282
167.68	0.013180396	-5.8424853	-0.0021048288
168.32	0.01304626	-5.8423483	-0.0034442381
168.96	0.013321295	-5.8421041	-0.0048281508
169.6	0.013690475	-5.8424137	-0.0026307047
170.24	0.013587066	-5.8416677	-0.0017090054
170.88	0.01398013	-5.8422096	-0.0012584514
171.52	0.013696865	-5.841882	-0.0031176582
172.16	0.013586528	-5.8423915	-0.0034533396
172.8	0.013421254	-5.842068	-0.0035918534
173.44	0.013218245	-5.8423715	-0.0018200584
174.08	0.013141272	-5.8422176	-0.0023566996
174.72	0.013318546	-5.8423828	-0.0025005112
175.36	0.013232788	-5.8420258	-0.0044540928
176	0.013369703	-5.8419619	-0.0035745266
176.64	0.013790976	-5.8419822	-0.0040505532
177.28	0.013767268	-5.8422147	-0.00083474989
177.92	0.013569238	-5.8416107	-0.0053139463
178.56	0.013667278	-5.8421919	-0.0025749995
179.2	0.013494028	-5.842286	-0.0033256839
179.84	0.01317501	-5.8424884	-0.0050508587
180.48	0.013186693	-5.842651	-0.0066137621
181.12	0.0133105	-5.8425691	-0.0029663458
181.76	0.013487591	-5.8423129	-0.0036456971
182.4	0.013628305	-5.8419747	-0.0015910939
183.04	0.013649284	-5.841666	-0.001755303
183.68	0.013638541	-5.8418302	-0.0033572413
184.32	0.013759207	-5.8419196	-0.0048417268
184.96	0.013518607	-5.8419876	-0.0013915437
185.6	0.013352632	-5.8422107	-0.0031893336
186.24	0.013243662	-5.8423381	-0.0023905948
186.88	0.013248332	-5.8421418	-0.0043026133
187.52	0.013423552	-5.8422427	-0.0025559491
188.16	0.013530667	-5.8424871	-0.006032746
188.8	0.013810475	-5.8422207	-0.0034297635
189.44	0.013827279	-5.8419813	-0.0044884105
190.08	0.013959269	-5.8419731	-0.0018989321
190.72	0.013705558	-5.8420364	-0.0015376785
191.36	0.013593195	-5.842259	-0.0043279731
192	0.013258507	-5.8422715	-0.0030668537
192.64	0.013058688	-5.8418843	-0.0031211264
193.28	0.0131271	-5.8424182	-0.0024598132
193.92	0.013241065	-5.8422937	-0.0033948757
194.56	0.013345877	-5.8422363	-0.0050759655
195.2	0.013444981	-5.8416697	-0.0050913631
195.84	0.013544877	-5.8418358	-0.0032047246
196.48	0.013867519	-5.8419848	-0.0037297451
197.12	0.013674847	-5.8419253	-0.0039309178
197.76	0.013712902	-5.8422941	-0.0014340061
198.4	0.013435284	-5.842187	-0.0033827818
199.04	0.013021273	-5.8422528	-0.0043836803
199.68	0.013342371	-5.8424861	-0.0037739806
200.32	0.013487878	-5.8427279	-0.0054548977
200.96	0.013639053	-5.8425309	-0.0033818815
201.6	0.013797904	-5.8422454	-0.0020450793
202.24	0.013842536	-5.841965	0.00084358365
202.88	0.013649023	-5.8418834	-0.0046929753
203.52	0.013766359	-5.8418885	-0.0019626201
204.16	0.013073085	-5.8420838	-0.0021451376
204.8	0.013322373	-5.8424881	-0.0056569891
205.44	0.013229293	-5.8423911	-0.0053205859
206.08	0.013215273	-5.8423648	-0.0034512473
206.72	0.013145493	-5.8419604	-0.0040764765
207.36	0.013531766	-5.8421021	-0.005397485
208	0.0138777	-5.8423875	-0.0050166502
208.64	0.013619627	-5.8418212	-0.0024229987
209.28	0.01370476	-5.8419239	-0.00335694
209.92	0.01354074	-5.8419831	-0.0020693332
210.56	0.013407589	-5.8421359	-0.0040102163
211.2	0.013412552	-5.8425739	-0.0041362296
211.84	0.013223269	-5.8425228	-0.0038731283
212.48	0.01324819	-5.8424257	-0.0040550944
213.12	0.01346851	-5.8424578	-0.0038796474
213.76	0.01358134	-5.8425957	-0.0013140783
214.4	0.013723046	-5.8419294	-0.0036450362
215.04	0.013799623	-5.8418868	-0.0027211565
215.68	0.013646926	-5.8419438	-0.0011465035
216.32	0.013731896	-5.8421738	-0.0048150965
216.96	0.013233749	-5.841917	-0.0048774685
217.6	0.01336762	-5.8424439	-0.0032653687
218.24	0.013201034	-5.8423249	-0.0031774552
218.88	0.013381455	-5.842815	-0.0015335188
219.52	0.013201848	-5.8418703	-0.0048420812
220.16	0.013394727	-5.8418009	-0.0025169959
220.8	0.013725146	-5.8417102	-0.0019157713
221.44	0.013669514	-5.8417885	-0.00085122177
222.08	0.013663961	-5.841717	-0.0022741873
222.72	0.0134188	-5.8419914	-0.001643364
223.36	0.013547195	-5.8423045	-0.0049613106
224	0.013128055	-5.8419907	-0.0042095816
224.64	0.013135088	-5.8424088	-0.0075061962
225.28	0.013219982	-5.842101	-0.0043804293
225.92	0.013525186	-5.8421392	-0.0025502037
226.56	0.013795103	-5.8423346	-0.0013865982
227.2	0.01367959	-5.8417059	-0.0022305614
227.84	0.013440097	-5.8415214	-0.00037421344
228.48	0.013607604	-5.8420533	-0.0007744256
229.12	0.013591128	-5.8420455	-0.0041819911
229.76	0.013437034	-5.8424132	-0.0012338033
230.4	0.013099585	-5.8422053	-0.0055870382
231.04	0.01320761	-5.8424991	-0.0031355887
231.68	0.013305899	-5.8423615	-0.0035970108
232.32	0.013619243	-5.8425181	-0.0035798512
232.96	0.013433375	-5.8420049	-0.0052064865
233.6	0.014007584	-5.8423793	-0.0014264177
234.24	0.013676524	-5.8417815	-0.0055816984
234.88	0.013685512	-5.8418959	-0.0028845372
235.52	0.013494472	-5.8423689	-0.0039749812
236.16	0.013360288	-5.8424334	-0.0050833628
236.8	0.013424779	-5.8429392	-0.0032197686
237.44	0.013113416	-5.8425149	-0.0051742359
238.08	0.01321048	-5.8421289	-0.0024588542
238.72	0.013448621	-5.8422769	-0.0036710251
239.36	0.013682053	-5.8420432	-0.0042928086
240	0.013880413	-5.8418777	-0.0054207441
240.64	0.013720209	-5.8416461	-0.0042556614
241.28	0.013432441	-5.8416954	-0.0011719871
241.92	0.013606341	-5.8422477	-0.0052235866
242.56	0.013093172	-5.8423643	-0.004073901
243.2	0.013272533	-5.8422639	-0.0054557853
243.84	0.013272867	-5.8425001	-0.0039560649
244.48	0.013251182	-5.8423219	-0.003837258
245.12	0.013403598	-5.84201	-0.0035587821
245.76	0.013527478	-5.8416311	-0.0023470149
246.4	0.013716779	-5.8418297	-0.0027023234
247.04	0.013949901	-5.8419599	0.00039963306
247.68	0.013688955	-5.8422488	-0.0031871323
248.32	0.013577348	-5.8423317	-0.0054715669
248.96	0.01334363	-5.8426355	-0.005717049
249.6	0.013256154	-5.8425253	-0.0066516634
250.24	0.012926342	-5.8425495	-0.0025433267
250.88	0.01340402	-5.8422693	-0.0062448468
251.52	0.013625589	-5.8417253	-0.00012070762
252.16	0.013650667	-5.841795	-0.001407901
252.8	0.013670412	-5.8417755	-0.0026260981
253.44	0.013587301	-5.8416336	-0.0040878476
254.08	0.013716364	-5.8424188	-0.0029615115
254.72	0.013260342	-5.8420252	-0.0051898256
255.36	0.013193629	-5.8423761	-0.0043177041
256	0.013280498	-5.8427481	-0.0042909316
256.64	0.013419357	-5.8425793	-0.0062598787
257.28	0.013442633	-5.8423879	-0.003884017
257.92	0.013368271	-5.8419268	-0.0025451052
258.56	0.013892818	-5.8423999	-0.0043285959
259.2	0.013999479	-5.8422656	-0.0020708922
259.84	0.013643136	-5.8420455	-0.0068007439
260.48	0.013621594	-5.8420046	-0.0042830907
261.12	0.013529503	-5.8423287	-0.0035458792
261.76	0.013466935	-5.8429687	-0.003263155
262.4	0.013323845	-5.8425306	-0.0049921565
263.04	0.013233583	-5.842236	-0.0052108735
263.68	0.013363765	-5.8423763	-0.0032137006
264.32	0.013627135	-5.8422341	-0.0015174312
264.96	0.013922456	-5.8420157	-0.0034619929
265.6	0.013880129	-5.8421014	-0.0040780206
266.24	0.013603341	-5.8417335	-0.0018692968
266.88	0.013766036	-5.8424157	-0.0048178564
267.52	0.013373578	-5.8424279	-0.0018312099
268.16	0.013228244	-5.8425682	-0.0044183982
268.8	0.013217752	-5.8428813	-0.0030452891
269.44	0.013271924	-5.8421734	-0.0045156383
270.08	0.013502087	-5.8422443	-0.0048681354
270.72	0.013628062	-5.8418836	-0.0047109057
271.36	0.013846434	-5.8421897	-0.0044909488
272	0.013645015	-5.8420213	-0.0022295912
272.64	0.013686843	-5.8423209	-0.0017168496
273.28	0.013670618	-5.8422593	-0.0038503238
273.92	0.013313498	-5.8423559	-0.0039176712
274.56	0.013137494	-5.842417	-0.0029259686
275.2	0.013274773	-5.8425221	-0.0051226795
275.84	0.013541614	-5.8429565	-0.0068553292
276.48	0.013607752	-5.8424147	-0.0027045775
277.12	0.013688774	-5.8420274	-0.0036890602
277.76	0.013794727	-5.84192	-0.0028984129
278.4	0.013919033	-5.8421241	-0.0038289001
279.04	0.013289765	-5.8418128	-0.0032730236
279.68	0.013619846	-5.842377	-0.0029616512
280.32	0.013049777	-5.8418087	-0.0018317238
280.96	0.013007887	-5.8422708	-0.0043223188
281.6	0.013279072	-5.8425802	-0.0031739954
282.24	0.013418766	-5.8425864	-0.0035126164
282.88	0.013302782	-5.8421557	-0.0038004028
283.52	0.013926169	-5.8422888	-0.0034804457
284.16	0.013808165	-5.8416733	-0.00084717396
284.8	0.013833879	-5.8419347	-0.0029199019
285.44	0.013831502	-5.8423031	-0.0054533683
286.08	0.013383226	-5.8421283	-0.0041669119
286.72	0.013541912	-5.8427292	-0.0034555918
287.36	0.013081164	-5.842227	-0.0043445929
288	0.013126299	-5.8421209	-0.0044800386
288.64	0.013593717	-5.8425356	-0.0032510189
289.28	0.013525481	-5.8420713	-0.0041533651
289.92	0.013744909	-5.8420168	-0.0046250239
290.56	0.013876295	-5.8419838	-0.0037894431
291.2	0.01380351	-5.841855	-0.0031760933
291.84	0.013403372	-5.8417561	-3.4085632e-05
292.48	0.013670247	-5.8425075	-0.0034517727
293.12	0.013272308	-5.8423112	-0.0036759195
293.76	0.013122073	-5.8423553	-0.0064453452
294.4	0.013206133	-5.842386	-0.0032768535
295.04	0.013266177	-5.8418987	-0.0046758423
295.68	0.013621846	-5.8423519	-0.0042048242
296.32	0.0138117	-5.8421649	-0.0022658941
296.96	0.013761906	-5.8420238	-0.0021843814
297.6	0.013872411	-5.8422675	-0.0023101809
298.24	0.013487236	-5.8420093	-0.001857486
298.88	0.013435601	-5.8419324	-0.0046205856
299.52	0.013245002	-5.8423538	-0.0020471276
300.16	0.013478319	-5.8427442	-0.0035857218
300.8	0.013111112	-5.8423338	-0.0036027371
301.44	0.013263787	-5.8419492	-0.0038881267
302.08	0.013423419	-5.8419691	-0.0030394409
302.72	0.013816392	-5.8420814	-0.0051564363
303.36	0.013875342	-5.8418381	-0.001586217
304	0.01357081	-5.841948	-0.0026323373
304.64	0.013511023	-5.8417173	-0.00084222224
305.28	0.013559011	-5.8423789	-0.0027872147
305.92	0.013260668	-5.8424699	-0.0047104131
306.56	0.01323968	-5.8423524	-0.0027768761
307.2	0.013466662	-5.8426328	-0.0048998673
307.84	0.013272664	-5.8421646	-0.0024933722
308.48	0.013601707	-5.8420147	-0.0023144004
309.12	0.013874136	-5.8418062	-0.0031639038
309.76	0.013820035	-5.8421274	-0.0019525334
310.4	0.013628371	-5.8415479	-0.0046621653
311.04	0.013401005	-5.8420003	-0.0047922298
311.68	0.013256204	-5.8420379	-0.0042268115
312.32	0.013247384	-5.8424469	-0.0039489661
312.96	0.013310399	-5.8429365	-0.0049495153
313.6	0.013367936	-5.8423342	-0.0036737251
314.24	0.013321132	-5.8420842	-0.0031035368
314.88	0.013566961	-5.8419145	-0.0045169298
315.52	0.013807571	-5.8422121	-0.0004677247
316.16	0.013647076	-5.8418499	-0.003567833
316.8	0.013519516	-5.8417971	-0.0013019452
317.44	0.013465957	-5.8422202	-0.0054552421
318.08	0.013204735	-5.8422197	-0.0023753849
318.72	0.01318573	-5.8424444	-0.0031315474
319.36	0.01301074	-5.8421296	-0.0047976875
320	0.013161371	-5.8420488	-0.0042249877
320.64	0.013432387	-5.842276	-0.0044108897
321.28	0.013643217	-5.8419407	-0.0051169611
321.92	0.013646148	-5.8420508	-0.0033400038
322.56	0.013814919	-5.8417848	-0.0014004134
323.2	0.013637101	-5.8419686	-0.0060554786
323.84	0.013379299	-5.8418333	-0.0027010809
324.48	0.013315781	-5.8423609	-0.00012696556
325.12	0.013305205	-5.8424354	-0.00016504088
325.76	0.013186121	-5.8424367	-0.0058296026
326.4	0.013330461	-5.8423911	-0.0096216953
327.04	0.013478222	-5.8420515	-0.0023628262
327.68	0.013564234	-5.8418924	-0.0027573577
328.32	0.013579567	-5.8416262	-0.0031768792
328.96	0.0136515	-5.8417827	-0.0012057606
329.6	0.013446033	-5.8417934	-0.0037087711
330.24	0.013544591	-5.8421874	-0.0040461167
330.88	0.013702194	-5.8430745	-0.0070024907
331.52	0.013199581	-5.8422845	-0.0025562483
332.16	0.013222218	-5.8425036	-0.0039686136
332.8	0.013538346	-5.8427711	-0.006625167
333.44	0.013520755	-5.8418691	-0.0038033916
334.08	0.013861236	-5.842051	-0.0012650534
334.72	0.013954615	-5.8419477	-0.0049799932
335.36	0.013673722	-5.8418901	-0.0029422921
336	0.013736286	-5.8422996	-0.00093490553
336.64	0.013502258	-5.8422654	-0.0027161045
337.28	0.013111923	-5.8420961	-0.0011419399
337.92	0.013237208	-5.8424075	-0.0041738509
338.56	0.013399601	-5.8426993	-0.0061651948
339.2	0.013388289	-5.8426403	-0.0045784441
339.84	0.013576607	-5.842365	-0.0032552974
340.48	0.01361817	-5.8416454	-0.00018821845
341.12	0.013659482	-5.8416168	-0.00027904837
341.76	0.013791617	-5.8416563	-0.0026831075
342.4	0.01357535	-5.8420285	-0.0029534925
343.04	0.013330306	-5.8419664	-0.0025169204
343.68	0.013320679	-5.8426168	-0.0041786838
344.32	0.013234058	-5.8426091	-0.0026885062
344.96	0.013231185	-5.842489	-0.0039760437
345.6	0.013478221	-5.8422217	-0.0046944507
346.24	0.013633127	-5.8421899	-0.0028045056
346.88	0.013542056	-5.8417425	-0.0035270164
347.52	0.013808752	-5.8416893	-0.001683013
348.16	0.013716872	-5.841748	-0.0006442812
348.8	0.013932207	-5.8424261	-0.0026181766
349.44	0.01342743	-5.8423116	-0.0039511593
350.08	0.013239433	-5.8422099	-0.0054677867
350.72	0.013023922	-5.8422767	-0.0026600934
351.36	0.013225908	-5.8423095	-0.00099998762
352	0.013601836	-5.8425505	-0.0033101298
352.64	0.013576724	-5.8419993	-0.002834022
353.28	0.013868556	-5.8419991	-0.0020286285
353.92	0.013706969	-5.8416361	-0.0035814581
354.56	0.013697805	-5.8418437	-0.0027133988
355.2	0.013659021	-5.8422334	-0.0031447479
355.84	0.013329979	-5.8421938	-0.0013331685
356.48	0.013067116	-5.8419027	-0.0029365238
357.12	0.013067863	-5.8424491	-0.0054127161
357.76	0.013430571	-5.8425513	-0.006034318
358.4	0.013484945	-5.8426003	-0.003838303
359.04	0.013522611	-5.8418952	-0.0029371301
359.68	0.013739112	-5.842005	0.00032076285
360.32	0.013813216	-5.8418125	-0.0031143767
360.96	0.013762797	-5.8418427	-0.0037732004
361.6	0.013562246	-5.8419704	-0.0035340585
362.24	0.013492665	-5.8422908	-0.0048148255
362.88	0.013361492	-5.8426521	-0.0050638481
363.52	0.013124168	-5.8425115	-0.0039768276
364.16	0.01338726	-5.8427277	-0.0045587619
364.8	0.013444121	-5.8421813	-2.29371e-05
365.44	0.013633325	-5.8420835	-0.0055156742
366.08	0.01390498	-5.8420986	-0.0042214368
366.72	0.013963501	-5.8419059	-0.003146999
367.36	0.013526984	-5.8417627	-0.005339712
368	0.013523059	-5.8422027	-0.00099951767
368.64	0.013337511	-5.842067	-0.0020871696
369.28	0.013259607	-5.8423286	-0.0053073027
369.92	0.01328355	-5.8426416	-0.0034282305
370.56	0.013367898	-5.8424424	-0.0057979608
371.2	0.013597533	-5.8420355	-0.0040864569
371.84	0.013585482	-5.8420855	-0.0032535545
372.48	0.013764591	-5.8418652	-0.00039483478
373.12	0.013713917	-5.8418203	-0.002129003
373.76	0.013731401	-5.8422339	-0.0029909301
374.4	0.013448849	-5.8421705	-0.0026255192
375.04	0.013213521	-5.8422277	-0.0027737927
375.68	0.013153283	-5.8423218	-0.00081682932
376.32	0.013249251	-5.8426412	-0.0049052029
376.96	0.013284393	-5.8421332	-0.0036943715
377.6	0.013702327	-5.8425456	-0.0033641556
378.24	0.013860692	-5.8421867	-0.0014121267
378.88	0.01395603	-5.8419608	-0.0038912773
379.52	0.013844104	-5.8418777	-0.0039609012
380.16	0.013633699	-5.8419815	-0.003532998
380.8	0.013716207	-5.8422315	-0.003066521
381.44	0.01324688	-5.8424058	-0.0045192634
382.08	0.013085533	-5.8424134	-0.0041504718
382.72	0.013053894	-5.8423005	-0.0006386268
383.36	0.013458637	-5.8425462	-0.005547878
384	0.013732727	-5.8424005	-0.0032945013
384.64	0.013784068	-5.8420587	-0.0022683597
385.28	0.013718185	-5.8418302	-0.0037498102
385.92	0.013580378	-5.841671	-0.0014396151
386.56	0.013598923	-5.8417996	-0.0054610153
387.2	0.013359482	-5.8421472	-0.0024950874
387.84	0.013310545	-5.8426425	-0.003449821
388.48	0.013119871	-5.8425428	-0.003669401
389.12	0.013208846	-5.842246	-0.0035101162
389.76	0.013587449	-5.8425147	-0.0045941785
390.4	0.013570697	-5.8421439	-0.0038966702
391.04	0.013639383	-5.8417386	-3.5727073e-06
391.68	0.013745394	-5.8418616	-0.0020233666
392.32	0.01383519	-5.842082	-0.0029306931
392.96	0.013737886	-5.8421767	-0.0009072911
393.6	0.013621128	-5.8424153	-0.0015047396
394.24	0.013359378	-5.8423914	-0.0031335449
394.88	0.01317381	-5.842205	-0.0060311894
395.52	0.013177699	-5.8423271	-0.0039713359
396.16	0.013302679	-5.8421284	-0.0013689205
396.8	0.013581655	-5.8419681	-0.0037271205
397.44	0.013613151	-5.8418796	-0.0016655514
398.08	0.013777973	-5.8415982	-0.0020602562
398.72	0.013855856	-5.8419568	-0.0030742183
399.36	0.01378584	-5.842239	-0.0024835211
400	0.013492421	-5.8424331	-0.0035522215
400.64	0.01323234	-5.8422692	-0.0038158485
401.28	0.013266449	-5.8423631	-0.0034768345
401.92	0.013190238	-5.8425426	-0.0076379285
402.56	0.013415973	-5.8422435	-0.0028049456
403.2	0.013743831	-5.8421252	-0.0033898666
403.84	0.013702931	-5.8416978	-0.0025932508
404.48	0.01361581	-5.8416263	-0.0030357039
405.12	0.013770192	-5.8419425	-0.0010531682
405.76	0.013543739	-5.842142	-0.0011052313
406.4	0.013407387	-5.8424874	-0.0034034299
407.04	0.013094859	-5.8422208	-0.0055639932
407.68	0.013290551	-5.8426382	-0.0027526143
408.32	0.013527261	-5.8424691	-0.0045591034
408.96	0.013365993	-5.8422983	-0.0050291759
409.6	0.013735341	-5.8418409	-0.0015724962
410.24	0.013689733	-5.8415741	-0.00091584971
410.88	0.01384368	-5.8417745	-0.0032614588
411.52	0.013784042	-5.8423597	-0.0028417613
412.16	0.013572846	-5.8421761	-0.0012471434
412.8	0.013281366	-5.8419853	-0.0062180753
413.44	0.013353973	-5.8429404	-0.0047058264
414.08	0.013093339	-5.8423324	-0.0028358259
414.72	0.013336942	-5.8422079	-0.0047305203
415.36	0.013363951	-5.842101	-0.0020298088
416	0.013357555	-5.8415886	-0.0010838126
416.64	0.013779573	-5.841791	-0.0040371571
417.28	0.013986965	-5.8421387	-0.0012941945
417.92	0.013809239	-5.8420957	-0.0062513959
418.56	0.013674314	-5.8425805	-0.0071410626
419.2	0.013208134	-5.8422117	-0.0052564478
419.84	0.013176984	-5.8424923	-0.0035006766
420.48	0.013044775	-5.8424591	-0.0036916508
421.12	0.013199857	-5.8421008	-0.0050003899
421.76	0.013691873	-5.8424688	-0.0043222771
422.4	0.013545579	-5.8418504	-0.0032537591
423.04	0.013634248	-5.8417563	-0.0012788343
423.68	0.013684735	-5.8419402	-0.0011363231
424.32	0.013859692	-5.8420704	-0.0020934879
424.96	0.013188884	-5.8421775	-0.0029501994
425.6	0.013216673	-5.842719	-0.002170465
426.24	0.013268454	-5.8424177	-0.0072977896
426.88	0.013243619	-5.8425355	-0.0034163527
427.52	0.013481515	-5.8429	-0.0057736084
428.16	0.013519153	-5.8421078	-0.0023854388
428.8	0.013770039	-5.8420941	-0.0040237342
429.44	0.013661307	-5.8415481	-0.00067173213
430.08	0.01374962	-5.8417453	-0.00060621398
430.72	0.013735955	-5.8423729	-0.0013760451
431.36	0.013472901	-5.8424416	-0.0037896568
432	0.013430832	-5.8425664	-0.0075970522
432.64	0.012994493	-5.8426797	-0.0031893601
433.28	0.01320996	-5.8425096	-0.0033554375
433.92	0.01333515	-5.8422862	-0.001389251
434.56	0.013587291	-5.842221	-0.0045446548
435.2	0.013826574	-5.8421341	-0.0034273752
435.84	0.013895017	-5.8417653	-0.0040590944
436.48	0.013950655	-5.8421604	-0.0031073505
437.12	0.013514239	-5.842114	-0.0056007261
437.76	0.013316087	-5.8423225	-0.0045147342
438.4	0.013284732	-5.8427244	-0.0046065545
439.04	0.012797699	-5.8420176	-0.0029005571
439.68	0.013568841	-5.8427637	-0.0047998304
440.32	0.013539547	-5.841967	-0.0031026063
440.96	0.013750458	-5.8424148	-0.0033782664
441.6	0.013986251	-5.8422462	-0.0011890087
442.24	0.013788286	-5.8417233	-0.004692607
442.88	0.013470221	-5.8416103	-0.0038822319
443.52	0.01340077	-5.841855	-0.0012850476
444.16	0.013387412	-5.8423684	-0.0053418516
444.8	0.013122662	-5.8425842	-0.0064464262
445.44	0.013244832	-5.8426254	-0.0037558833
446.08	0.013619316	-5.8428505	-0.0067025889
446.72	0.013399901	-5.8422604	-0.0020819286
447.36	0.013614347	-5.841975	-0.0066271652
448	0.01370702	-5.8415929	-0.0024911913
448.64	0.013702685	-5.8419384	-0.0018887175
449.28	0.013667072	-5.8418365	-0.0022626138
449.92	0.013585254	-5.8422715	-0.0010205064
450.56	0.013252989	-5.8425523	-0.0046984555
451.2	0.013322809	-5.8428053	-0.0038379658
451.84	0.013075142	-5.842385	-0.004315416
452.48	0.013063553	-5.842319	-0.0027729657
453.12	0.013438094	-5.8422815	-0.0053510246
453.76	0.013726457	-5.8417966	-0.0025663474
454.4	0.013667293	-5.8415361	-0.00073924803
455.04	0.013801963	-5.8418035	-0.0018735827
455.68	0.013847628	-5.8423279	-0.0023285601
456.32	0.013355524	-5.8419973	-0.0032692959
456.96	0.013133341	-5.8421649	-0.0051320658
457.6	0.013168436	-5.842672	-0.0029053114
458.24	0.013108669	-5.8421473	-0.0030922943
458.88	0.013304856	-5.8422827	-0.0044359671
459.52	0.013645638	-5.8421116	-0.0020951493
460.16	0.013573135	-5.8418682	-0.0021080712
460.8	0.013854632	-5.8419257	-0.00051926008
461.44	0.013807304	-5.8417736	-0.0022571878
462.08	0.013472074	-5.8419112	-0.0021593312
462.72	0.01336604	-5.8422616	-0.0040347802
463.36	0.013036924	-5.8418956	-0.0043340469
464	0.013189247	-5.8424447	-0.005967442
464.64	0.01342827	-5.8426142	-0.0033605741
465.28	0.013269391	-5.8421082	-0.0026780588
465.92	0.013539958	-5.8422618	-0.0023251597
466.56	0.013928021	-5.8424212	-0.0025908666
467.2	0.013933049	-5.8421514	-0.0049072428
467.84	0.013668648	-5.8416934	-0.0039358585
468.48	0.013765084	-5.8424854	-0.0024235016
469.12	0.013522766	-5.8423234	-0.0064083989
469.76	0.013284496	-5.8424374	-0.0018440227
470.4	0.013210821	-5.8425438	-0.0037176163
471.04	0.013040488	-5.842708	-0.0026437862
471.68	0.013380877	-5.8425096	-0.0058678722
472.32	0.013719609	-5.8421169	-0.004113732
472.96	0.013541967	-5.841832	-0.0033409168
473.6	0.013629829	-5.8416104	-0.0036903971
474.24	0.013664714	-5.8417819	-0.0010497546
474.88	0.013459094	-5.8418664	-0.0025781137
475.52	0.013318843	-5.842267	-0.0049579204
476.16	0.013202773	-5.8423126	-0.0042125378
476.8	0.01336142	-5.8426629	-0.0042486388
477.44	0.013438832	-5.8426754	-0.0062666811
478.08	0.013155404	-5.8423122	-0.0028447761
478.72	0.01377207	-5.8419847	-0.003162971
479.36	0.0138164	-5.8418417	-0.0025750349
480	0.014031811	-5.8422254	-0.0046437268
480.64	0.013727429	-5.841954	-0.002573214
481.28	0.013566076	-5.8422905	-0.0045266317
481.92	0.013280221	-5.8422521	-0.0040233817
482.56	0.013091706	-5.8424685	-0.0054176933
483.2	0.01288243	-5.8423396	-0.0040078777
483.84	0.013254279	-5.8424178	-0.003236542
484.48	0.013228944	-5.8420393	-0.0033742585
485.12	0.013754816	-5.8421591	-0.0080144764
485.76	0.013559093	-5.8418099	-0.0030050001
486.4	0.013764119	-5.8418086	-0.004818185
487.04	0.013699066	-5.8419498	-0.003555079
487.68	0.013631781	-5.84209	-0.0031243497
488.32	0.013426201	-5.8425315	-0.0030051525
488.96	0.013222584	-5.8426435	-0.0039584589
489.6	0.013082173	-5.8426095	-0.0083466117
490.24	0.013339165	-5.8426228	-0.0053182574
490.88	0.013486551	-5.842178	-0.0032199041
491.52	0.013578976	-5.8419424	-0.0039014649
492.16	0.013600015	-5.8418489	-0.00094811481
492.8	0.013892468	-5.8418064	-0.001783878
493.44	0.013585498	-5.8419849	-0.0030784279
494.08	0.013806094	-5.842145	-0.0065159968
494.72	0.013142391	-5.8422063	-0.0048066088
495.36	0.013214941	-5.8425284	-0.0055790257
496	0.013176612	-5.8424149	-0.0031271577
496.64	0.013377025	-5.8426319	-0.0031482341
497.28	0.013475244	-5.8420799	-0.0050335395
497.92	0.013790847	-5.8418619	-0.0048572033
498.56	0.013959639	-5.8421955	-0.0035817239
499.2	0.013891591	-5.8421976	-0.0031851999
499.84	0.013799117	-5.8421295	-0.0036918202
