0	0.0032171675	-5.8455895	-0.0032283019
0.64	0.0031832983	-5.8456388	-0.0027162916
1.28	0.0030327505	-5.8458921	-0.0038629396
1.92	0.0029548954	-5.8465061	-0.0028409785
2.56	0.002820412	-5.8460516	-0.0038181632
3.2	0.0029829767	-5.8463954	-0.0053761617
3.84	0.002901407	-5.8464891	-0.0023302136
4.48	0.0029093641	-5.8460446	-0.0012394744
5.12	0.0029776621	-5.8462925	-0.0030406727
5.76	0.003015542	-5.8463323	-0.00078648355
6.4	0.0030639798	-5.8461858	-0.0012720593
7.04	0.0030935743	-5.8461869	-0.0022717539
7.68	0.0031279788	-5.8463944	-0.0021262445
8.32	0.0030694192	-5.8463508	-0.0023910776
8.96	0.0029233091	-5.8464358	-0.0040161805
9.6	0.002804993	-5.8465714	-0.0050608626
10.24	0.0028306262	-5.8465417	-0.0049849768
10.88	0.0029469303	-5.846867	-0.0039173259
11.52	0.0030079035	-5.8469277	-0.0060465134
12.16	0.0030855647	-5.8468505	-0.0029653838
12.8	0.003117895	-5.8465336	-0.004078518
13.44	0.0030885634	-5.8467427	-0.0038009994
14.08	0.0030117884	-5.846799	-0.0048819612
14.72	0.0029284712	-5.8467393	-0.0029231903
15.36	0.0029427145	-5.8468408	-0.0046429849
16	0.0028491789	-5.846879	-0.0036507896
16.64	0.0029296183	-5.8468838	-0.0032456536
17.28	0.0029556445	-5.8468616	-0.0037297084
17.92	0.0029981444	-5.8470782	-0.0034177348
18.56	0.0030784741	-5.8469593	-0.0040816848
19.2	0.0031043815	-5.8467732	-0.0029479887
19.84	0.0031011459	-5.8467676	-0.0038643134
20.48	0.0029119853	-5.8466693	-0.0020141355
21.12	0.0029534592	-5.8468769	-0.0028709503
21.76	0.0029566259	-5.8468514	-0.0040542853
22.4	0.0029386936	-5.8469251	-0.0044068151
23.04	0.0028834841	-5.8469377	-0.003594516
23.68	0.0029706259	-5.8469192	-0.0036271483
24.32	0.0029828808	-5.8468629	-0.0048022714
24.96	0.0030589801	-5.8467791	-0.0030404904
25.6	0.0031218956	-5.8465764	-0.0032635265
26.24	0.0031043496	-5.8465432	-0.0025831688
26.88	0.0031199164	-5.8469915	-0.0041558458
27.52	0.0030342916	-5.8468164	-0.0050053936
28.16	0.0029166574	-5.8467477	-0.0037251459
28.8	0.0028660898	-5.8468387	-0.0035190906
29.44	0.0028887351	-5.8468267	-0.0035539031
30.08	0.0029361771	-5.846705	-0.0037267531
30.72	0.0030408572	-5.8467366	-0.0025958748
31.36	0.0030782894	-5.8470438	-0.0040000686
32	0.0031393927	-5.8467433	-0.0040837156
32.64	0.0030358946	-5.8467487	-0.0036821692
33.28	0.0030796909	-5.8466738	-0.003050973
33.92	0.0029417476	-5.8467751	-0.0036954936
34.56	0.0029456179	-5.8470088	-0.0038920329
35.2	0.0028625733	-5.8468574	-0.0025533256
35.84	0.002885704	-5.8467607	-0.0043094237
36.48	0.0029542859	-5.846855	-0.0041237781
37.12	0.0030192881	-5.8467251	-0.0045307566
37.76	0.0030293158	-5.8466232	-0.0034157217
38.4	0.003059072	-5.8466428	-0.0028304677
39.04	0.0031580808	-5.8470369	-0.0028471248
39.68	0.0030820893	-5.847072	-0.0027274942
40.32	0.0030218453	-5.8471997	-0.0023465649
40.96	0.0028500518	-5.8473625	-0.003164484
41.6	0.0027640437	-5.8472023	-0.0049349506
42.24	0.0028129299	-5.8472828	-0.004660245
42.88	0.002893187	-5.8473438	-0.0033289442
43.52	0.002996616	-5.8469835	-0.0024710039
44.16	0.0031628691	-5.8472713	-0.0024752637
44.8	0.0032092104	-5.8469165	-0.0010293518
45.44	0.0031752396	-5.8468557	-0.002935403
46.08	0.0030514533	-5.8470585	-0.0031473064
46.72	0.0029228973	-5.8473415	-0.0027891115
47.36	0.0028524555	-5.8471363	-0.0036416983
48	0.0028098458	-5.8473761	-0.0032207858
48.64	0.0028181203	-5.8474043	-0.0026372919
49.28	0.0029527606	-5.847188	-0.0046361959
49.92	0.0030184566	-5.8472569	-0.0033448678
50.56	0.0031549287	-5.8468741	-0.0040445055
51.2	0.0031635454	-5.8468352	-0.0032835581
51.84	0.0031676455	-5.8468253	-0.0050755747
52.48	0.0030640022	-5.846951	-0.003351493
53.12	0.0029883394	-5.8469818	-0.0021300255
53.76	0.002833116	-5.8473601	-0.0045126861
54.4	0.0028300657	-5.8474912	-0.0036042291
55.04	0.0028448381	-5.8473722	-0.0041253991
55.68	0.0029266991	-5.8471637	-0.002825214
56.32	0.003078995	-5.8468793	-0.0038590711
56.96	0.0031438778	-5.8469274	-0.0026772155
57.6	0.0031881107	-5.8469544	-0.0043636791
58.24	0.003174786	-5.8468647	-0.0034649389
58.88	0.0030286322	-5.847103	-0.0016131141
59.52	0.0029126326	-5.8471218	-0.0027860695
60.16	0.0028307964	-5.8471189	-0.0037066294
60.8	0.0028390207	-5.8472088	-0.0038105542
61.44	0.0028864115	-5.8475923	-0.0038253571
62.08	0.0028853282	-5.8471669	-0.0033028488
62.72	0.0030682417	-5.8470396	-0.0027265308
63.36	0.0031416293	-5.8469026	-0.0020486477
64	0.0032427638	-5.8470799	-0.0024751218
64.64	0.0030840876	-5.8469869	-0.0032489338
65.28	0.0030929356	-5.8468975	-0.0039165969
65.92	0.0029153891	-5.847156	-0.0031588718
66.56	0.0028477644	-5.8472985	-0.0024834851
67.2	0.0027973602	-5.8473371	-0.0035630128
67.84	0.0028562869	-5.8472972	-0.0034459861
68.48	0.0029800186	-5.8470897	-0.0034234395
69.12	0.0030994315	-5.8469843	-0.0019523853
69.76	0.0031414825	-5.8469798	-0.0026103579
70.4	0.0031792842	-5.8470344	-0.0037328284
71.04	0.0031757264	-5.8469998	-0.0014308859
71.68	0.0030397242	-5.8471189	-0.0036966204
72.32	0.0028719822	-5.8471882	-0.0032875619
72.96	0.0028101892	-5.8470011	-0.0034775402
73.6	0.0028316179	-5.8471423	-0.0036321085
74.24	0.0028723509	-5.8473336	-0.0034549361
74.88	0.0029471059	-5.8473017	-0.0031937324
75.52	0.0030700659	-5.8469558	-0.0034603794
76.16	0.0031602627	-5.8467915	-0.0022800546
76.8	0.0032686995	-5.8469706	-0.0033354401
77.44	0.0030859007	-5.846928	-0.0032300428
78.08	0.0030034473	-5.8471424	-0.002764032
78.72	0.0029457559	-5.8470187	-0.0041250387
79.36	0.0028509361	-5.847494	-0.0027691603
80	0.0027922757	-5.8472995	-0.0025003272
80.64	0.0029607362	-5.8473682	-0.0039401243
81.28	0.0029849658	-5.8471251	-0.002732421
81.92	0.0030885548	-5.8470278	-0.0034879408
82.56	0.003118254	-5.8470152	-0.0038925063
83.2	0.0031963864	-5.846914	-0.0017626362
83.84	0.0031531696	-5.8470238	-0.0016793242
84.48	0.0030192055	-5.8473559	-0.0044257681
85.12	0.0029044336	-5.8474642	-0.002867979
85.76	0.0028188292	-5.847359	-0.0031547599
86.4	0.0028295818	-5.8472024	-0.0041049622
87.04	0.0029414066	-5.8474138	-0.0041527216
87.68	0.002999494	-5.847105	-0.0034226134
88.32	0.0031383726	-5.846955	-0.0031488999
88.96	0.0031739048	-5.8468978	-0.0015299049
89.6	0.003178034	-5.8469138	-0.001992036
90.24	0.0031385352	-5.8469612	-0.0033624198
90.88	0.0030100025	-5.8472232	-0.0038368338
91.52	0.002872723	-5.8472501	-0.0033494573
92.16	0.0028774678	-5.8475552	-0.0042817176
92.8	0.0028158245	-5.8473633	-0.0045017955
93.44	0.002867546	-5.8471266	-0.0036223071
94.08	0.0030414691	-5.8470028	-0.0026760751
94.72	0.0031932361	-5.8471207	-0.0033004913
95.36	0.0032119405	-5.8470184	-0.0016057524
96	0.0031594193	-5.8468634	-0.0028507248
96.64	0.0031006323	-5.8469391	-0.0029436612
97.28	0.0029660615	-5.8470906	-0.0037275066
97.92	0.0028269877	-5.8470881	-0.0037470732
98.56	0.0028439637	-5.8472403	-0.0030534292
99.2	0.0028402968	-5.8472445	-0.0035314641
99.84	0.0029362302	-5.8472317	-0.0037895413
100.48	0.0030445078	-5.8470215	-0.0030781392
101.12	0.0031903698	-5.8471086	-0.0036112118
101.76	0.003161386	-5.8469272	-0.001935455
102.4	0.0031972098	-5.8467904	-0.001843469
103.04	0.0031006506	-5.8470928	-0.0032457215
103.68	0.0029222795	-5.8471129	-0.0023306159
104.32	0.002883686	-5.8472891	-0.0037379433
104.96	0.0028262688	-5.8472683	-0.0037497171
105.6	0.0028203659	-5.8470859	-0.0031396576
106.24	0.002929683	-5.8470513	-0.0028710363
106.88	0.0030467095	-5.8471213	-0.0027441905
107.52	0.0031179112	-5.8469722	-0.002442154
108.16	0.0031938815	-5.8468846	-0.0025338896
108.8	0.0031239865	-5.8469136	-0.0025403347
109.44	0.0030886405	-5.8470627	-0.0034338996
110.08	0.0029029959	-5.8471652	-0.002906007
110.72	0.0028391476	-5.8472634	-0.0029713189
111.36	0.0028207982	-5.8471792	-0.0036458953
112	0.0028196491	-5.8473879	-0.0024740273
112.64	0.0029718796	-5.8470159	-0.0030200218
113.28	0.003083092	-5.8468363	-0.0012741681
113.92	0.0031826596	-5.846917	-0.0030706825
114.56	0.0032037497	-5.8469146	-0.0026009698
115.2	0.0031370594	-5.8469257	-0.0024704204
115.84	0.0030149989	-5.8470437	-0.0027637895
116.48	0.0028806257	-5.8472734	-0.0025114349
117.12	0.0028548773	-5.8472166	-0.0042537347
117.76	0.0028310031	-5.847405	-0.0037736239
118.4	0.0028887018	-5.8473258	-0.0043184685
119.04	0.0029789855	-5.8472815	-0.0032837733
119.68	0.0030311251	-5.8470026	-0.0023641718
120.32	0.003155232	-5.846631	-0.0015547049
120.96	0.0031591091	-5.8468761	-0.0018074884
121.6	0.0030401575	-5.8469508	-0.002378253
122.24	0.0030272882	-5.8468852	-0.0033520001
122.88	0.0028466095	-5.8471934	-0.0020964636
123.52	0.0028578683	-5.8473666	-0.0043590028
124.16	0.0028137278	-5.847057	-0.0034591166
124.8	0.002872627	-5.8470306	-0.0029938278
125.44	0.0030362569	-5.8470287	-0.0040157794
126.08	0.0030771713	-5.8471493	-0.0043573065
126.72	0.0031829641	-5.8470178	-0.002681874
127.36	0.003186732	-5.8469654	-0.0027422167
128	0.0031545693	-5.8468136	-0.004586432
128.64	0.0030137077	-5.8468541	-0.0031401045
129.28	0.0029323524	-5.8471086	-0.0024921219
129.92	0.0027943668	-5.8471949	-0.0033433452
130.56	0.0028009315	-5.8472085	-0.0029704896
131.2	0.0028985001	-5.8471843	-0.0019953019
131.84	0.0029755495	-5.8469666	-0.0031235134
132.48	0.0031251068	-5.8471352	-0.003791158
133.12	0.0031691044	-5.8468733	-0.0029377235
133.76	0.0031605885	-5.8467846	-0.0035247717
134.4	0.0031277791	-5.8472164	-0.0030225609
135.04	0.0029528727	-5.8470998	-0.0034610087
135.68	0.0028568549	-5.8469927	-0.0037470471
136.32	0.0027604289	-5.8473174	-0.0035879474
136.96	0.0028246028	-5.8473002	-0.0025935918
137.6	0.0028609377	-5.8471779	-0.004004154
138.24	0.0029998266	-5.8467872	-0.0029999499
138.88	0.0031212316	-5.8468526	-0.0028229051
139.52	0.0031522656	-5.8470114	-0.0031682377
140.16	0.0031659608	-5.8469245	-0.0018971968
140.8	0.0031144239	-5.8472138	-0.0028062183
141.44	0.0029582036	-5.8472709	-0.0037524746
142.08	0.0028284913	-5.8472027	-0.0033817079
142.72	0.0028152574	-5.8473018	-0.0038199792
143.36	0.0028620475	-5.8474979	-0.0038327593
144	0.002862193	-5.8471712	-0.0035754548
144.64	0.0030555518	-5.8470521	-0.0025772098
145.28	0.0031222024	-5.8471282	-0.0028046003
145.92	0.0031486773	-5.8467687	-0.0032230362
146.56	0.0031761571	-5.8469346	-0.002698627
147.2	0.0030582308	-5.8469865	-0.001971017
147.84	0.0029132392	-5.8469588	-0.002943741
148.48	0.0028560529	-5.8470823	-0.0040129901
149.12	0.0027992707	-5.8475237	-0.0026021595
149.76	0.0028183401	-5.8470869	-0.0028439866
150.4	0.0029534802	-5.8472234	-0.0042154736
151.04	0.0030623418	-5.8469827	-0.0036783063
151.68	0.0031216417	-5.8471466	-0.0031312486
152.32	0.0031840015	-5.8470037	-0.0021889838
152.96	0.0031507637	-5.8470285	-0.0027175774
153.6	0.0030004902	-5.846985	-0.0044287591
154.24	0.0028831543	-5.8472979	-0.003599092
154.88	0.0028051511	-5.8470172	-0.0039025863
155.52	0.0027667268	-5.8471811	-0.0021810477
156.16	0.0028624371	-5.8472605	-0.0039647033
156.8	0.0029552018	-5.8472141	-0.0023742402
157.44	0.0030829541	-5.8471623	-0.0043274207
158.08	0.0031476857	-5.8470979	-0.003681768
158.72	0.003179929	-5.8470595	-0.0012218858
159.36	0.0031040896	-5.8468878	-0.0014100678
160	0.0030965181	-5.8471153	-0.0028723766
160.64	0.0029058833	-5.8471572	-0.0038051244
161.28	0.0027854266	-5.8471616	-0.0036287026
161.92	0.0027800037	-5.8471886	-0.0023424121
162.56	0.0028860793	-5.8471754	-0.0039202528
163.2	0.0029473932	-5.8472719	-0.0029199518
163.84	0.0031065698	-5.8471651	-0.0026272583
164.48	0.0031813606	-5.8468336	-0.0020713288
165.12	0.0031757243	-5.8470367	-0.0038622133
165.76	0.0031561104	-5.8470436	-0.0041726797
166.4	0.003002175	-5.8468774	-0.0029631975
167.04	0.002883957	-5.847352	-0.0039849116
167.68	0.002813486	-5.8472145	-0.003384906
168.32	0.0028412527	-5.8472516	-0.0030858028
168.96	0.0028522676	-5.847293	-0.0033485888
169.6	0.0029797065	-5.8471024	-0.001924044
170.24	0.0031107337	-5.8470228	-0.0033620594
170.88	0.0031639811	-5.8471119	-0.003213962
171.52	0.0031874056	-5.8468205	-0.0026020066
172.16	0.003109199	-5.8469168	-0.0017068724
172.8	0.0029542043	-5.8471109	-0.0033320532
173.44	0.0029409176	-5.8472424	-0.0036226219
174.08	0.0028412524	-5.847514	-0.0040249689
174.72	0.0027874999	-5.8472082	-0.0036523033
175.36	0.0029189642	-5.8471269	-0.0035632644
176	0.0029839964	-5.8470023	-0.0021314127
176.64	0.0031233443	-5.847033	-0.0035778275
177.28	0.0031694004	-5.8470174	-0.0021714005
177.92	0.0031854183	-5.8471123	-0.0029224206
178.56	0.0030514132	-5.847013	-0.0033829585
179.2	0.002971264	-5.8472012	-0.002388139
179.84	0.0028638491	-5.8472996	-0.0039894564
180.48	0.0027870597	-5.8470411	-0.0035617839
181.12	0.002807798	-5.8472273	-0.0043944378
181.76	0.0029027206	-5.8472016	-0.0037361383
182.4	0.0029616061	-5.8470082	-0.0021196888
183.04	0.0031081877	-5.8467012	-0.0013150082
183.68	0.0031857811	-5.8469416	-0.0027450589
184.32	0.003135994	-5.8469632	-0.0031081105
184.96	0.0030653029	-5.8469569	-0.0029613625
185.6	0.0029153923	-5.8471855	-0.0032415357
186.24	0.0029251647	-5.8471367	-0.0042292754
186.88	0.0028007215	-5.8472847	-0.0041061525
187.52	0.0027855551	-5.8473736	-0.0038194764
188.16	0.0029164842	-5.8472557	-0.003888052
188.8	0.0030829156	-5.8470469	-0.0031293581
189.44	0.0031319729	-5.8470132	-0.0029833019
190.08	0.0031832954	-5.8468991	-0.0032755989
190.72	0.003136619	-5.846824	-0.0032462328
191.36	0.0030735354	-5.8470103	-0.0045870712
192	0.0029390366	-5.8468748	-0.0028114469
192.64	0.0028506013	-5.8470665	-0.0031914675
193.28	0.0028212012	-5.8473607	-0.003125982
193.92	0.0028416055	-5.8471436	-0.0034167531
194.56	0.0029267171	-5.8470875	-0.0044264315
195.2	0.0030564257	-5.8468786	-0.0031859345
195.84	0.0031626258	-5.8471626	-0.0030054212
196.48	0.0031416929	-5.8469227	-0.0023233449
197.12	0.0031335492	-5.8469962	-0.0022561983
197.76	0.0030397476	-5.8469777	-0.0040512468
198.4	0.0029371195	-5.847095	-0.0038478356
199.04	0.002822734	-5.847154	-0.0028711384
199.68	0.0028248011	-5.8475178	-0.004542839
200.32	0.0028134434	-5.8473262	-0.0037731157
200.96	0.0029258871	-5.8471186	-0.0022744528
201.6	0.0030209586	-5.846933	-0.0017847147
202.24	0.0031735133	-5.8470912	-0.0027735353
202.88	0.0031306128	-5.8467483	-0.001877842
203.52	0.003122367	-5.8468734	-0.0035057989
204.16	0.0030347842	-5.8470298	-0.0030007568
204.8	0.0029521245	-5.8471297	-0.0034371171
205.44	0.0028153063	-5.8471688	-0.0049929643
206.08	0.0028107691	-5.8472284	-0.004225585
206.72	0.0028992744	-5.8473748	-0.0028833023
207.36	0.0029812512	-5.8471387	-0.0035608893
208	0.0030308992	-5.8470757	-0.0027848183
208.64	0.0031450599	-5.8469267	-0.0023995262
209.28	0.0031840014	-5.8468696	-0.0014038722
209.92	0.0031174496	-5.846812	-0.0019440355
210.56	0.0030282397	-5.8472961	-0.0040018856
211.2	0.0029502715	-5.8473725	-0.0044858976
211.84	0.0028005413	-5.8470954	-0.0034961441
212.48	0.0028396409	-5.8471986	-0.0024166341
213.12	0.0028718387	-5.8471237	-0.0040729313
213.76	0.0029980605	-5.8473759	-0.0029901569
214.4	0.0030877384	-5.8470999	-0.001572234
215.04	0.003152121	-5.8468249	-0.0026413908
215.68	0.0031570282	-5.8468401	-0.0026957121
216.32	0.0031203173	-5.8470901	-0.0024737606
216.96	0.0029976319	-5.8469569	-0.004205813
217.6	0.0028845897	-5.8470799	-0.0041130218
218.24	0.0028429258	-5.8473035	-0.0042642323
218.88	0.0028661428	-5.8473268	-0.0032456745
219.52	0.0028986654	-5.847026	-0.0029957415
220.16	0.0029849762	-5.8470543	-0.0025717809
220.8	0.0030982624	-5.8468307	-0.001663419
221.44	0.0031952315	-5.8469194	-0.0017761362
222.08	0.0031614532	-5.8468809	-0.0020826047
222.72	0.0030411405	-5.8469416	-0.003293172
223.36	0.0030267067	-5.8470541	-0.0031149245
224	0.0029219361	-5.8473065	-0.0037592281
224.64	0.0028125336	-5.8470032	-0.0041174011
225.28	0.00283196	-5.8472643	-0.0044517888
225.92	0.002927891	-5.8470935	-0.004428099
226.56	0.0029886534	-5.8471649	-0.001952704
227.2	0.003091892	-5.847012	-0.0039046989
227.84	0.0031353165	-5.8469091	-0.0025736956
228.48	0.0031973708	-5.8469535	-0.0022545298
229.12	0.0030563169	-5.8470977	-0.0032503694
229.76	0.0029520087	-5.8469832	-0.0040631741
230.4	0.002909722	-5.847167	-0.0024908484
231.04	0.0028837334	-5.8472163	-0.0029188902
231.68	0.0028389656	-5.8473221	-0.004152489
232.32	0.0029176773	-5.8471538	-0.0038891521
232.96	0.0030236952	-5.8469775	-0.0023606299
233.6	0.0031101808	-5.8469244	-0.0027546732
234.24	0.0032704904	-5.8470968	-0.0031452145
234.88	0.0031468766	-5.8469826	-0.0021378452
235.52	0.0030453811	-5.846855	-0.0040031969
236.16	0.002968724	-5.8471113	-0.0032522478
236.8	0.0028720102	-5.8471743	-0.0027301741
237.44	0.0028046158	-5.8473035	-0.0034489564
238.08	0.0028515093	-5.8472009	-0.0040863547
238.72	0.0029310375	-5.847214	-0.0037349522
239.36	0.0030567429	-5.8471426	-0.0039565806
240	0.0031742371	-5.8471759	-0.002959726
240.64	0.0031726955	-5.8468149	-0.001258893
241.28	0.0031436625	-5.8469485	-0.0025048128
241.92	0.0030293551	-5.8470711	-0.0018853818
242.56	0.0029273338	-5.8473193	-0.0037984731
243.2	0.0028254595	-5.8472358	-0.0038596287
243.84	0.002821299	-5.8473282	-0.0035856182
244.48	0.0028786351	-5.8471956	-0.0048772774
245.12	0.0029071996	-5.8471923	-0.0027080275
245.76	0.0030837845	-5.8468549	-0.0019506318
246.4	0.0031247479	-5.847015	-0.0018881199
247.04	0.0031675108	-5.8470645	-0.0026205157
247.68	0.003078868	-5.8468991	-0.0033549033
248.32	0.0030464634	-5.8467422	-0.0020705795
248.96	0.0029465947	-5.8471003	-0.0040595824
249.6	0.0028464227	-5.847193	-0.005157815
250.24	0.0027888809	-5.8473269	-0.0041149569
250.88	0.0028450055	-5.8472863	-0.0028057047
251.52	0.0029308923	-5.8470492	-0.0027316803
252.16	0.0031036905	-5.84714	-0.0037403501
252.8	0.0031562303	-5.846705	-0.0026418623
253.44	0.0031582924	-5.8468597	-0.0027713354
254.08	0.003084598	-5.8470622	-0.0022750275
254.72	0.0030316153	-5.8469423	-0.0026842911
255.36	0.0029241421	-5.8472124	-0.0031212398
256	0.002814314	-5.8471102	-0.0038041966
256.64	0.0028725817	-5.8472316	-0.0040994733
257.28	0.002897276	-5.8470818	-0.0029368077
257.92	0.0030095041	-5.8472425	-0.0037146675
258.56	0.0030956921	-5.8467972	-0.0019046468
259.2	0.0031192284	-5.8470448	-0.0023156404
259.84	0.0031768287	-5.8468501	-0.0020072776
260.48	0.0030863945	-5.8469959	-0.0021330555
261.12	0.00299393	-5.8471469	-0.0029090638
261.76	0.0028742847	-5.8471417	-0.0034586553
262.4	0.0028286521	-5.8472019	-0.0040048381
263.04	0.0028336682	-5.8473208	-0.0032166791
263.68	0.0028986072	-5.847221	-0.0030029484
264.32	0.0030130088	-5.8471773	-0.0035074265
264.96	0.0031216498	-5.8470967	-0.0037802891
265.6	0.0031458528	-5.8466649	-0.0035998843
266.24	0.0031771073	-5.8470097	-0.0016990402
266.88	0.0030907604	-5.8469605	-0.0023110103
267.52	0.0029958036	-5.8470925	-0.0026294366
268.16	0.0029064794	-5.8470203	-0.0036546327
268.8	0.0028367123	-5.8471691	-0.0029904832
269.44	0.0028539185	-5.847443	-0.0035469563
270.08	0.0029688012	-5.8473223	-0.0040688624
270.72	0.0030436431	-5.8471623	-0.0027413376
271.36	0.0031331967	-5.8468884	-0.0020413065
272	0.0032052515	-5.8468249	-0.0035678048
272.64	0.0031845412	-5.8470026	-0.00261073
273.28	0.0030905465	-5.8470244	-0.0033164064
273.92	0.002943124	-5.8471073	-0.0024064266
274.56	0.0029039655	-5.8471858	-0.0029348536
275.2	0.002818348	-5.8473185	-0.0030918798
275.84	0.0028674383	-5.8470684	-0.0036798315
276.48	0.0028941242	-5.8470665	-0.0035397427
277.12	0.0029890648	-5.8471386	-0.0019235955
277.76	0.0032136438	-5.8469815	-0.0035601365
278.4	0.0031928569	-5.8468732	-0.0034661114
279.04	0.0031463995	-5.8467079	-0.0029963364
279.68	0.0030824065	-5.8470477	-0.0022930086
280.32	0.0029660533	-5.8471913	-0.0039443503
280.96	0.0028112074	-5.8469805	-0.0031702933
281.6	0.0028893607	-5.847361	-0.0043063059
282.24	0.0028387644	-5.8470964	-0.0032118653
282.88	0.0029479065	-5.8472382	-0.0029981754
283.52	0.00304235	-5.8469475	-0.0028117784
284.16	0.0031656082	-5.8469311	-0.0030836689
284.8	0.0032382721	-5.8466558	-0.0033449496
285.44	0.0031729181	-5.8469311	-0.0019019517
286.08	0.0029883796	-5.8469795	-0.0030468009
286.72	0.0029243467	-5.8471008	-0.0029195378
287.36	0.0028147172	-5.8471632	-0.0034497185
288	0.0028055721	-5.8471582	-0.0040572381
288.64	0.0028122729	-5.8472022	-0.003527191
289.28	0.00296946	-5.8471188	-0.0035507797
289.92	0.00307159	-5.846953	-0.0036405869
290.56	0.0031452722	-5.8469885	-0.003100836
291.2	0.0031709827	-5.8469063	-0.0035294556
291.84	0.0030987329	-5.8468276	-0.0024054829
292.48	0.0030349563	-5.8470526	-0.0031199272
293.12	0.0028883399	-5.8470518	-0.0023037137
293.76	0.0028436443	-5.8473257	-0.0035041608
294.4	0.0028394469	-5.8472292	-0.0041041904
295.04	0.0028761523	-5.8472918	-0.003790566
295.68	0.0029749668	-5.8472903	-0.002773094
296.32	0.0031229847	-5.847202	-0.0028711468
296.96	0.0031305034	-5.8470596	-0.003597407
297.6	0.0032126509	-5.846993	-0.0023859682
298.24	0.0031180799	-5.8470903	-0.0030513048
298.88	0.0029452265	-5.847059	-0.0039101255
299.52	0.002892814	-5.8472018	-0.0038929537
300.16	0.002851436	-5.847133	-0.0033698795
300.8	0.0028054898	-5.8473489	-0.0032466431
301.44	0.0028832877	-5.8473618	-0.0034651407
302.08	0.0029961682	-5.8470472	-0.0020725075
302.72	0.0031145847	-5.846938	-0.0029973461
303.36	0.0031509674	-5.8467926	-0.0027851781
304	0.0031442307	-5.846726	-0.003555103
304.64	0.0031516032	-5.8470017	-0.0022792723
305.28	0.0030095244	-5.8471346	-0.003085363
305.92	0.0028955749	-5.8473032	-0.0030652984
306.56	0.002825683	-5.8473204	-0.0044923775
307.2	0.0028584058	-5.847298	-0.0033609898
307.84	0.0028846143	-5.8473176	-0.0035595632
308.48	0.0030063621	-5.847172	-0.0035305248
309.12	0.0031097927	-5.8468555	-0.0036752293
309.76	0.0031547916	-5.8469903	-0.0027792497
310.4	0.0031273734	-5.8467457	-0.0024671521
311.04	0.0030731739	-5.8468311	-0.0031952896
311.68	0.0029809384	-5.8468961	-0.0018203701
312.32	0.0028858141	-5.8470359	-0.002551505
312.96	0.00282887	-5.8474907	-0.003658764
313.6	0.0028695824	-5.8472127	-0.0044841351
314.24	0.0029383202	-5.847124	-0.0029084187
314.88	0.0030162101	-5.8468928	-0.0044241425
315.52	0.0031008463	-5.8470351	-0.003218022
316.16	0.0031388572	-5.8467633	-0.0028652635
316.8	0.003098792	-5.8469008	-0.0031282393
317.44	0.0030685912	-5.8469551	-0.0023942454
318.08	0.0029572907	-5.8470117	-0.002874751
318.72	0.0028611653	-5.8471598	-0.003222557
319.36	0.0027846653	-5.8473088	-0.0028550598
320	0.002849053	-5.8472097	-0.0036292317
320.64	0.002929041	-5.8469408	-0.0026112626
321.28	0.0030157573	-5.8469385	-0.0032751201
321.92	0.0031027541	-5.846966	-0.0016258072
322.56	0.00316106	-5.8470695	-0.0028859023
323.2	0.0031639881	-5.8471203	-0.0015707869
323.84	0.0030518834	-5.8471801	-0.0038495027
324.48	0.0029587346	-5.8471477	-0.0028604967
325.12	0.0028190492	-5.847367	-0.0033786801
325.76	0.0028285019	-5.8472666	-0.0041737492
326.4	0.0028523704	-5.8471997	-0.0030889355
327.04	0.0028973978	-5.8472466	-0.0029401454
327.68	0.0030721006	-5.8470595	-0.0030375242
328.32	0.0031232626	-5.846897	-0.0026215902
328.96	0.003162985	-5.8467502	-0.0018923176
329.6	0.0030909512	-5.846844	-0.0019968456
330.24	0.0029999029	-5.8472039	-0.0030769654
330.88	0.0029701658	-5.8470974	-0.0025953822
331.52	0.0028354765	-5.8473957	-0.0033155928
332.16	0.0028307899	-5.8474046	-0.0036984577
332.8	0.0028540637	-5.8472274	-0.0026667623
333.44	0.0029472558	-5.8472323	-0.0036897853
334.08	0.0030624121	-5.8468831	-0.0045455747
334.72	0.0031521645	-5.8468716	-0.002239005
335.36	0.0031814758	-5.8470031	-0.0024605072
336	0.0031460005	-5.8471302	-0.0035031568
336.64	0.0030245496	-5.8469007	-0.0036146276
337.28	0.0029131452	-5.8470816	-0.0020990198
337.92	0.0028745182	-5.8473757	-0.0030873033
338.56	0.0028662567	-5.8472304	-0.0023610156
339.2	0.0028573208	-5.8472032	-0.0030999901
339.84	0.0029557269	-5.8469753	-0.003371694
340.48	0.0030718311	-5.8469245	-0.0020922135
341.12	0.0031033696	-5.846809	-0.0022262076
341.76	0.0031752045	-5.8471463	-0.0024063634
342.4	0.0030733934	-5.8467452	-0.0030741445
343.04	0.0030644851	-5.8472618	-0.0034355856
343.68	0.0028867855	-5.8472819	-0.003625297
344.32	0.0028357362	-5.8472748	-0.0046796359
344.96	0.002859807	-5.8471965	-0.0040756823
345.6	0.0028857891	-5.8469716	-0.0032220943
346.24	0.0029382124	-5.847051	-0.0024075372
346.88	0.0030459072	-5.8468897	-0.0032171674
347.52	0.0031758802	-5.8468228	-0.0027151127
348.16	0.0031296467	-5.8470228	-0.0019791249
348.8	0.0031479496	-5.8471148	-0.0037651321
349.44	0.0029508221	-5.8470195	-0.0036259235
350.08	0.0029268787	-5.8473439	-0.0041522197
350.72	0.0027892181	-5.8472087	-0.0048384736
351.36	0.0028447356	-5.8472223	-0.0024734965
352	0.0028676321	-5.8471111	-0.0031376461
352.64	0.002971163	-5.8472073	-0.0036391052
353.28	0.0030761826	-5.8470978	-0.0032284081
353.92	0.0031589749	-5.8469179	-0.0038940741
354.56	0.0031701369	-5.8468922	-0.0034497692
355.2	0.0030509401	-5.8469029	-0.003257171
355.84	0.0029940522	-5.8469282	-0.002444706
356.48	0.0028883972	-5.8472482	-0.0030997875
357.12	0.0027964971	-5.8472228	-0.0032682592
357.76	0.0028595233	-5.8472154	-0.0025686885
358.4	0.0029181995	-5.8470063	-0.0024885301
359.04	0.0029958148	-5.847189	-0.0019857928
359.68	0.0031548808	-5.8472824	-0.003872739
360.32	0.0031817538	-5.8469982	-0.0031469675
360.96	0.0031176966	-5.8468682	-0.0018312278
361.6	0.0030311772	-5.8471755	-0.0031400659
362.24	0.002972391	-5.8470796	-0.002568055
362.88	0.0028749305	-5.8473717	-0.0037021528
363.52	0.0027773092	-5.8471366	-0.0039285999
364.16	0.0028322846	-5.8472339	-0.0035742278
364.8	0.0028819511	-5.8472133	-0.0031364712
365.44	0.0030236055	-5.8469636	-0.003443101
366.08	0.0031317343	-5.8469622	-0.0022641252
366.72	0.0031700856	-5.8469284	-0.0026412035
367.36	0.0031477178	-5.8470376	-0.0025783832
368	0.003040197	-5.8469385	-0.0030546668
368.64	0.0029395491	-5.8471989	-0.0032711933
369.28	0.0028995869	-5.8472851	-0.004139673
369.92	0.0028278081	-5.8474431	-0.0036395752
370.56	0.0028773425	-5.847092	-0.0045023615
371.2	0.0029394182	-5.8472252	-0.0040622269
371.84	0.003025991	-5.8469998	-0.0029926037
372.48	0.0031701483	-5.8467729	-0.0028653837
373.12	0.0031810211	-5.8469367	-0.0021840742
373.76	0.0031382215	-5.8466877	-0.0021735477
374.4	0.0029986374	-5.8472948	-0.0036136094
375.04	0.0029579901	-5.8472262	-0.003661405
375.68	0.0028128776	-5.8471972	-0.0038682074
376.32	0.0028602794	-5.8472408	-0.0034139714
376.96	0.0028274666	-5.847279	-0.0044435487
377.6	0.002959831	-5.8472839	-0.0031438274
378.24	0.0030799602	-5.8469907	-0.0027946809
378.88	0.003157444	-5.8466492	-0.0034001135
379.52	0.0032117148	-5.846942	-0.0030787445
380.16	0.003109528	-5.8470353	-0.0023910865
380.8	0.0030609924	-5.8470447	-0.0029334372
381.44	0.0029859451	-5.84723	-0.0050321345
382.08	0.0028016833	-5.8472416	-0.0037845848
382.72	0.0027828527	-5.847333	-0.0023450053
383.36	0.0028125849	-5.8473597	-0.0031505059
384	0.0029771977	-5.8472249	-0.0033497709
384.64	0.003132492	-5.8470539	-0.002526877
385.28	0.0031268444	-5.8467479	-0.0024576676
385.92	0.0031296406	-5.8469552	-0.0027739757
386.56	0.0031160179	-5.8469821	-0.0023745033
387.2	0.0029742556	-5.8469085	-0.0026539992
387.84	0.0028709676	-5.8470954	-0.003689737
388.48	0.0028682445	-5.8474015	-0.0045135546
389.12	0.0028064811	-5.8471755	-0.0028170594
389.76	0.002884007	-5.8471215	-0.0034580157
390.4	0.0030192105	-5.8471941	-0.0040662612
391.04	0.0030727209	-5.8469201	-0.0013088299
391.68	0.0032128579	-5.846801	-0.0023570592
392.32	0.0031671302	-5.846741	-0.0040839493
392.96	0.0030605986	-5.8468859	-0.0021069571
393.6	0.0029787635	-5.8470396	-0.0024624595
394.24	0.0028460104	-5.8471264	-0.0039500563
394.88	0.0028628791	-5.8475494	-0.0037236636
395.52	0.0028199165	-5.8472728	-0.0041147245
396.16	0.0028877548	-5.8469919	-0.00345097
396.8	0.0030193249	-5.8471227	-0.0030266211
397.44	0.0030582295	-5.8468059	-0.0028197003
398.08	0.0031623464	-5.8469034	-0.0040508169
398.72	0.0031833858	-5.8470535	-0.0032422062
399.36	0.0031122007	-5.8471347	-0.0038731337
400	0.0029485135	-5.8471166	-0.0028898518
400.64	0.0028670664	-5.8474151	-0.0030360307
401.28	0.0028200242	-5.8472892	-0.0037310013
401.92	0.0028482589	-5.8472025	-0.0038308391
402.56	0.0029020401	-5.8472371	-0.0038484105
403.2	0.0030758646	-5.8472385	-0.0033361427
403.84	0.0030975334	-5.846905	-0.0020423402
404.48	0.0031404659	-5.8469731	-0.0013101917
405.12	0.0031325133	-5.8469358	-0.0019119579
405.76	0.0030841899	-5.8470269	-0.0023971854
406.4	0.0029777163	-5.8472336	-0.0031846513
407.04	0.0028752175	-5.8471962	-0.0032991283
407.68	0.0028558325	-5.8472004	-0.0038230793
408.32	0.0028302244	-5.8474203	-0.0038024586
408.96	0.0029099172	-5.8470675	-0.002856495
409.6	0.0030342405	-5.8469968	-0.0026034937
410.24	0.0030981748	-5.8467446	-0.0038763012
410.88	0.0031862969	-5.8471884	-0.0029302325
411.52	0.0031457274	-5.8469244	-0.0030373351
412.16	0.0030769932	-5.8470527	-0.0019897815
412.8	0.002949262	-5.8471274	-0.003146026
413.44	0.0028686484	-5.8471822	-0.0033056658
414.08	0.0028157213	-5.8471118	-0.0039311159
414.72	0.0028271007	-5.8472632	-0.0036507677
415.36	0.0029082608	-5.8470093	-0.0036271583
416	0.0029693134	-5.8468318	-0.0021719146
416.64	0.0031075295	-5.8469269	-0.0018511568
417.28	0.0031631738	-5.8470054	-0.0027720314
417.92	0.0031007751	-5.8468998	-0.003349374
418.56	0.0030772356	-5.847149	-0.0042255731
419.2	0.002842961	-5.8471657	-0.003101809
419.84	0.0028595207	-5.8473469	-0.003938134
420.48	0.0028258204	-5.8470313	-0.0031327875
421.12	0.002870269	-5.8474002	-0.0033645873
421.76	0.0029718596	-5.847174	-0.0025340063
422.4	0.0030657014	-5.8470243	-0.0034881962
423.04	0.0031662062	-5.8468086	-0.0027111634
423.68	0.0031651786	-5.8470005	-0.0017476067
424.32	0.0031309672	-5.8468971	-0.0029678309
424.96	0.0030146993	-5.8472926	-0.0029623591
425.6	0.0029375607	-5.8471319	-0.0025745411
426.24	0.0028730278	-5.8472707	-0.0047967251
426.88	0.0027997983	-5.8473316	-0.0029820438
427.52	0.0029041463	-5.8472637	-0.0042422057
428.16	0.002985968	-5.8472271	-0.0036009543
428.8	0.003129869	-5.8469871	-0.0021385847
429.44	0.0031252833	-5.8468646	-0.0043371532
430.08	0.0031842016	-5.8470651	-0.002804677
430.72	0.0030947	-5.8469445	-0.0022778813
431.36	0.0030181586	-5.8469918	-0.0031250763
432	0.0028894047	-5.8471093	-0.0038062008
432.64	0.0028218088	-5.8474218	-0.0035195609
433.28	0.0028495308	-5.847262	-0.0044336495
433.92	0.0028989243	-5.8471255	-0.0030468655
434.56	0.0030064556	-5.8473059	-0.003394621
435.2	0.003117283	-5.8468666	-0.002674717
435.84	0.0031559306	-5.8470068	-0.0028078831
436.48	0.0031575294	-5.8469054	-0.0032871816
437.12	0.0030683518	-5.8469447	-0.0029397381
437.76	0.0029795753	-5.8470413	-0.0032368003
438.4	0.0028895241	-5.8471917	-0.003293085
439.04	0.0028315565	-5.8472457	-0.0029241774
439.68	0.0028797095	-5.8471931	-0.0030181357
440.32	0.002958125	-5.8473014	-0.0041515587
440.96	0.0030272449	-5.8470564	-0.0032790817
441.6	0.0031001924	-5.8468971	-0.0035347712
442.24	0.003158361	-5.8468612	-0.0025049345
442.88	0.0031412687	-5.846866	-0.0012813626
443.52	0.0030435428	-5.8470769	-0.0036932137
444.16	0.00298757	-5.8470864	-0.0048958594
444.8	0.0028937426	-5.8471674	-0.002742954
445.44	0.0028149929	-5.8472348	-0.0038776965
446.08	0.0028139163	-5.8472766	-0.0028305884
446.72	0.0029260734	-5.8473631	-0.0033553674
447.36	0.0030415405	-5.8469218	-0.0030232169
448	0.0031311559	-5.8469387	-0.0025926828
448.64	0.0031567282	-5.8469166	-0.0034249296
449.28	0.0031329559	-5.8467518	-0.0019768131
449.92	0.0030739623	-5.8468728	-0.0027948883
450.56	0.0029253695	-5.8469516	-0.0031564812
451.2	0.0028390136	-5.847109	-0.0039059445
451.84	0.0028333483	-5.847416	-0.0035216784
452.48	0.0028305787	-5.8473599	-0.0043805499
453.12	0.0029210652	-5.8471197	-0.002822149
453.76	0.0030399897	-5.8470631	-0.0031279215
454.4	0.0030532487	-5.8468501	-0.0012786904
455.04	0.0032140963	-5.8467833	-0.0033708452
455.68	0.0031353547	-5.8466344	-0.0023027689
456.32	0.0030735908	-5.8470787	-0.0039369183
456.96	0.0029198432	-5.8470033	-0.0030034679
457.6	0.0029027672	-5.8474011	-0.0044494464
458.24	0.0028276965	-5.8473263	-0.004177389
458.88	0.0028828941	-5.8472714	-0.0042605781
459.52	0.0029216554	-5.8471288	-0.0016692649
460.16	0.0030527162	-5.8469799	-0.0022336078
460.8	0.0031650193	-5.8468848	-0.0030757671
461.44	0.0031927242	-5.8467608	-0.0027923372
462.08	0.0031106676	-5.8470426	-0.0023923547
462.72	0.0030528611	-5.8468444	-0.0046327997
463.36	0.0029415078	-5.8469752	-0.0027469174
464	0.002865501	-5.8472378	-0.0031590801
464.64	0.0028176705	-5.8471924	-0.0044105036
465.28	0.0029109255	-5.8472316	-0.0035116448
465.92	0.0030084232	-5.8470853	-0.0039309862
466.56	0.0030305123	-5.8466661	-0.0027416769
467.2	0.003126662	-5.8469609	-0.002436929
467.84	0.0031777707	-5.8469297	-0.0036690386
468.48	0.0031223616	-5.8470827	-0.0024771992
469.12	0.0029802295	-5.8471638	-0.002831394
469.76	0.0028678881	-5.8471259	-0.0037767461
470.4	0.0028342114	-5.8474377	-0.0029723748
471.04	0.0028672356	-5.8473522	-0.0043979868
471.68	0.0028768762	-5.8471524	-0.0036461422
472.32	0.0029705918	-5.8470737	-0.0030383607
472.96	0.0030441376	-5.8470847	-0.0020535992
473.6	0.0031815513	-5.846977	-0.0032176438
474.24	0.003204918	-5.8467858	-0.003539244
474.88	0.00305789	-5.8469934	-0.0029735909
475.52	0.0029611203	-5.8469524	-0.0037436536
476.16	0.0028415359	-5.8469315	-0.0038172062
476.8	0.0028709288	-5.8471907	-0.0035433595
477.44	0.0027864166	-5.8473276	-0.0029686451
478.08	0.0028833565	-5.8473026	-0.0019096092
478.72	0.0030140988	-5.8470781	-0.0031150708
479.36	0.0030788624	-5.8473001	-0.0043073921
480	0.0031224956	-5.8467769	-0.0029138092
480.64	0.0031316946	-5.8469245	-0.0028109576
481.28	0.003089771	-5.8469751	-0.0035859671
481.92	0.0029440408	-5.8469839	-0.0028586061
482.56	0.0028943586	-5.8473331	-0.0039300376
483.2	0.0028077149	-5.8470623	-0.0031306586
483.84	0.0028575969	-5.8471167	-0.0024130889
484.48	0.0029512472	-5.8471774	-0.0029482581
485.12	0.002971936	-5.8470144	-0.0034489027
485.76	0.0030716826	-5.846946	-0.0035837535
486.4	0.003179627	-5.8467379	-0.0035282829
487.04	0.003109931	-5.8469038	-0.0032695557
487.68	0.0030530805	-5.8467581	-0.0030385712
488.32	0.0029097318	-5.8469668	-0.002751598
488.96	0.0028331375	-5.8471664	-0.0037623762
489.6	0.0028399666	-5.8471184	-0.0044350866
490.24	0.0027915447	-5.8473013	-0.0039116644
490.88	0.0029646537	-5.8473855	-0.0035496977
491.52	0.0030164403	-5.8471611	-0.0034223948
492.16	0.00315607	-5.84686	-0.0026631183
492.8	0.0031828942	-5.8468058	-0.0022353108
493.44	0.0031368112	-5.8470893	-0.00199109
494.08	0.0030379693	-5.8469205	-0.0023585949
494.72	0.0029744601	-5.8473149	-0.003604322
495.36	0.0029391699	-5.847253	-0.0035959743
496	0.0028061875	-5.8472384	-0.0044362496
496.64	0.0029062893	-5.8472259	-0.0033561271
497.28	0.0029187067	-5.8471361	-0.0041032489
497.92	0.0030046432	-5.8471452	-0.0022382178
498.56	0.0031763572	-5.8470197	-0.0020867783
499.2	0.0031570292	-5.8468189	-0.0045340344
499.84	0.0030595174	-5.8471664	-0.0026625394
