0	0.022099463	-5.8256773	0.034006854
0.64	0.022134015	-5.8257532	0.03734695
1.28	0.0221115	-5.825359	0.036939562
1.92	0.023088906	-5.8261692	0.035334571
2.56	0.022443204	-5.8254723	0.041279819
3.2	0.022741079	-5.8259311	0.040078669
3.84	0.0223876	-5.8259383	0.036225028
4.48	0.022519679	-5.8263434	0.037436822
5.12	0.022255563	-5.8267046	0.037006183
5.76	0.0221119	-5.8268172	0.03497314
6.4	0.022057605	-5.8268968	0.038646152
7.04	0.02210148	-5.8260228	0.040287088
7.68	0.023078376	-5.8269694	0.032482707
8.32	0.023327644	-5.8270755	0.035735578
8.96	0.022611702	-5.8255773	0.039199302
9.6	0.02280855	-5.8259884	0.037116181
10.24	0.022751937	-5.8266526	0.035760917
10.88	0.022406341	-5.8269974	0.03454942
11.52	0.021916241	-5.8267796	0.037681194
12.16	0.022168835	-5.8274283	0.036295514
12.8	0.021959468	-5.8269643	0.033505499
13.44	0.022621844	-5.8268272	0.034873417
14.08	0.022984606	-5.826772	0.036984261
14.72	0.022764422	-5.8268311	0.038537388
15.36	0.022629158	-5.8264068	0.034359275
16	0.022768246	-5.8265524	0.033656099
16.64	0.022310436	-5.8267762	0.033603143
17.28	0.022544248	-5.8272921	0.036717166
17.92	0.022244599	-5.8272198	0.030498675
18.56	0.021948228	-5.8268553	0.034537108
19.2	0.022327717	-5.8264761	0.031259328
19.84	0.022775327	-5.8267701	0.032198502
20.48	0.022882635	-5.8268503	0.037005375
21.12	0.022495698	-5.8261774	0.03834612
21.76	0.022794588	-5.8264827	0.03496482
22.4	0.022520733	-5.8266671	0.034721421
23.04	0.022409263	-5.8268943	0.032754552
23.68	0.022001566	-5.8270179	0.038464881
24.32	0.022247276	-5.8269914	0.033555513
24.96	0.022015027	-5.8270396	0.033595798
25.6	0.02256866	-5.8270861	0.034682516
26.24	0.022497444	-5.8262917	0.034904202
26.88	0.022817818	-5.8264201	0.035399623
27.52	0.02269949	-5.8263388	0.036029192
28.16	0.022917035	-5.8266101	0.035809512
28.8	0.022666902	-5.8268133	0.032690548
29.44	0.022382704	-5.8267132	0.036201411
30.08	0.022058884	-5.8268065	0.036064589
30.72	0.022080525	-5.8269483	0.036572794
31.36	0.022348404	-5.8271697	0.031152244
32	0.02263354	-5.8269569	0.034235138
32.64	0.022691624	-5.8266785	0.034168243
33.28	0.022719679	-5.8264027	0.034792742
33.92	0.022555251	-5.8262073	0.038335559
34.56	0.023033951	-5.8267339	0.034191946
35.2	0.022020612	-5.8262635	0.035020209
35.84	0.022308094	-5.8270387	0.034381007
36.48	0.022029496	-5.8269098	0.035839514
37.12	0.02196408	-5.8270688	0.036301044
37.76	0.022394868	-5.8271302	0.032685892
38.4	0.022502662	-5.8264183	0.033994887
39.04	0.022637161	-5.8267142	0.031803855
39.68	0.022787135	-5.8264849	0.036891764
40.32	0.022821711	-5.8265797	0.036525679
40.96	0.022640873	-5.826543	0.037392082
41.6	0.02250415	-5.8265099	0.036206015
42.24	0.022339248	-5.8267966	0.034307413
42.88	0.022267064	-5.8272006	0.035301696
43.52	0.022344041	-5.8273137	0.033609114
44.16	0.021920032	-5.8264077	0.033372692
44.8	0.022634582	-5.8269015	0.038431187
45.44	0.022716948	-5.8265833	0.035424844
46.08	0.022629584	-5.8263863	0.037378717
46.72	0.022578795	-5.82631	0.038858484
47.36	0.022455736	-5.8263094	0.037718598
48	0.022485631	-5.8269551	0.035626746
48.64	0.021910404	-5.8264708	0.03583204
49.28	0.022253094	-5.8272886	0.037308157
49.92	0.02201423	-5.8269354	0.03666805
50.56	0.022541596	-5.8268427	0.033392037
51.2	0.022532414	-5.8272021	0.032554421
51.84	0.022732933	-5.8263179	0.03254298
52.48	0.023042272	-5.8267542	0.03627958
53.12	0.022998606	-5.8265	0.039300376
53.76	0.022397884	-5.8264069	0.037676303
54.4	0.022525945	-5.8267129	0.034995504
55.04	0.022460491	-5.8273694	0.035209082
55.68	0.022473718	-5.8273924	0.033522322
56.32	0.02221421	-5.8269853	0.033276299
56.96	0.022193099	-5.8267966	0.038338898
57.6	0.022653791	-5.8266887	0.034910925
58.24	0.023213223	-5.8271211	0.032463254
58.88	0.022704129	-5.8262247	0.035843714
59.52	0.02273104	-5.8266317	0.033888086
60.16	0.022631786	-5.8263956	0.036943349
60.8	0.022456688	-5.826989	0.033203708
61.44	0.021809492	-5.8266747	0.036728671
62.08	0.022159673	-5.8267742	0.029543928
62.72	0.022068079	-5.8272298	0.034536879
63.36	0.022803158	-5.8273927	0.037129041
64	0.022676366	-5.8267375	0.033698043
64.64	0.022561372	-5.8262183	0.035155009
65.28	0.022672248	-5.8262495	0.038136747
65.92	0.022513205	-5.826352	0.038992557
66.56	0.022861819	-5.8271782	0.033814346
67.2	0.022094626	-5.826443	0.038801519
67.84	0.02207023	-5.8267752	0.035519158
68.48	0.022288954	-5.8271592	0.03076487
69.12	0.0220793	-5.8270087	0.037247687
69.76	0.022448033	-5.8270865	0.032176285
70.4	0.022525831	-5.8266888	0.037679968
71.04	0.022931011	-5.8265674	0.032610597
71.68	0.022576309	-5.8260042	0.041116742
72.32	0.022622931	-5.8262399	0.033203735
72.96	0.022686482	-5.8266107	0.038006468
73.6	0.022162451	-5.8268249	0.032402105
74.24	0.022488822	-5.8275491	0.032561705
74.88	0.022116714	-5.8268527	0.032468479
75.52	0.022022158	-5.8269033	0.032032986
76.16	0.022521259	-5.8266639	0.0367195
76.8	0.022576402	-5.8270707	0.038797541
77.44	0.022738494	-5.8265715	0.036767215
78.08	0.022768818	-5.8260362	0.035772362
78.72	0.0226727	-5.8265972	0.038169772
79.36	0.022343422	-5.826394	0.034468969
80	0.022044045	-5.8267017	0.032502235
80.64	0.021864165	-5.8267017	0.032750081
81.28	0.022047357	-5.8271311	0.036053341
81.92	0.022272594	-5.8265478	0.036010567
82.56	0.022668823	-5.8266127	0.032405716
83.2	0.022850676	-5.8265378	0.033131415
83.84	0.023044534	-5.8266457	0.036278637
84.48	0.02281731	-5.8267519	0.036682959
85.12	0.02242299	-5.8259348	0.037454763
85.76	0.022324274	-5.8263298	0.037718076
86.4	0.021972552	-5.8267229	0.035494583
87.04	0.022477557	-5.8276775	0.032120443
87.68	0.022204087	-5.8273341	0.036176833
88.32	0.022496167	-5.8271683	0.035410056
88.96	0.022526394	-5.8268338	0.034566862
89.6	0.02267841	-5.8263655	0.035264597
90.24	0.022991409	-5.8269404	0.031057531
90.88	0.022849165	-5.826654	0.03712655
91.52	0.022514871	-5.8260303	0.039179525
92.16	0.022631785	-5.8270447	0.034454891
92.8	0.02231264	-5.8271488	0.035085559
93.44	0.02241741	-5.8273779	0.035658154
94.08	0.022075556	-5.8271435	0.034185026
94.72	0.022054855	-5.8268175	0.03536052
95.36	0.022532126	-5.8267719	0.035000609
96	0.022891692	-5.8269985	0.033569258
96.64	0.022892067	-5.8265187	0.03750128
97.28	0.02307538	-5.8264592	0.035744231
97.92	0.023027685	-5.8273774	0.036565508
98.56	0.022276371	-5.8266738	0.034310193
99.2	0.02228709	-5.8271546	0.036212607
99.84	0.022251321	-5.8271838	0.033334055
100.48	0.022606686	-5.8274983	0.033728915
101.12	0.022061139	-5.8264243	0.033671473
101.76	0.022407022	-5.8264875	0.038912526
102.4	0.022266679	-5.8260987	0.039170328
103.04	0.022835889	-5.8267229	0.03542277
103.68	0.022759424	-5.826388	0.035600001
104.32	0.022579189	-5.8265652	0.034530093
104.96	0.022541135	-5.8267302	0.034805493
105.6	0.021986973	-5.8266142	0.034855142
106.24	0.022488259	-5.82783	0.035512845
106.88	0.021981327	-5.826722	0.0362269
107.52	0.022209353	-5.8266333	0.033674819
108.16	0.022557902	-5.8262145	0.034741302
108.8	0.02330665	-5.8269858	0.034152685
109.44	0.022933298	-5.8262034	0.034662078
110.08	0.022465372	-5.8258753	0.03650059
110.72	0.022889412	-5.8272671	0.034751904
111.36	0.022681541	-5.8266521	0.032667648
112	0.022051365	-5.8272593	0.032310816
112.64	0.021975161	-5.8270406	0.035165416
113.28	0.022234975	-5.827001	0.033504536
113.92	0.022659554	-5.8270527	0.033560648
114.56	0.022624741	-5.8266412	0.034655689
115.2	0.023097811	-5.8263117	0.034679952
115.84	0.022587192	-5.8263116	0.034994049
116.48	0.023142259	-5.8266395	0.033388431
117.12	0.02273492	-5.8266098	0.036452932
117.76	0.022580379	-5.8270293	0.035572075
118.4	0.022180704	-5.8268425	0.035360603
119.04	0.021606926	-5.8268553	0.039729444
119.68	0.022359214	-5.8270129	0.03484725
120.32	0.022278315	-5.8268778	0.0357061
120.96	0.022764085	-5.8267186	0.03428209
121.6	0.022807861	-5.8267198	0.036335732
122.24	0.022766076	-5.825994	0.040046201
122.88	0.022764981	-5.8265154	0.034450762
123.52	0.023027001	-5.8272208	0.033854502
124.16	0.022528491	-5.8268292	0.035629762
124.8	0.022251351	-5.8270674	0.033044076
125.44	0.022349547	-5.8270527	0.032251908
126.08	0.022378727	-5.8269723	0.033243699
126.72	0.02233385	-5.826627	0.036836813
127.36	0.022971861	-5.8268854	0.031993666
128	0.02253002	-5.8259169	0.03853701
128.64	0.023137227	-5.8265559	0.035672581
129.28	0.022645447	-5.8262049	0.035075388
129.92	0.022921772	-5.8267837	0.038463169
130.56	0.02222154	-5.8268745	0.032216361
131.2	0.022330582	-5.8274397	0.034117863
131.84	0.022189019	-5.8272114	0.031299039
132.48	0.022148617	-5.8266167	0.035839732
133.12	0.022014845	-5.8263645	0.03882159
133.76	0.022586929	-5.8262799	0.037340243
134.4	0.022682796	-5.8262479	0.037005347
135.04	0.022592667	-5.826475	0.032637894
135.68	0.022533152	-5.8258666	0.037333481
136.32	0.022727793	-5.826975	0.034411915
136.96	0.022331624	-5.8272451	0.036487192
137.6	0.021928229	-5.8269172	0.037294824
138.24	0.022194749	-5.8272172	0.037056171
138.88	0.02205331	-5.8266968	0.03477118
139.52	0.021990088	-5.8266081	0.036579819
140.16	0.022853325	-5.826459	0.033419826
140.8	0.022681966	-5.8261098	0.036283562
141.44	0.022958104	-5.8264903	0.038058131
142.08	0.022674654	-5.8266219	0.033691313
142.72	0.022346695	-5.8267277	0.033706884
143.36	0.022076263	-5.8269411	0.03459977
144	0.022238932	-5.8270938	0.034550951
144.64	0.022094807	-5.8269957	0.036643432
145.28	0.02259763	-5.8270467	0.034054199
145.92	0.022134126	-5.8259708	0.037399578
146.56	0.02274517	-5.8265918	0.037757309
147.2	0.022929788	-5.8265149	0.035953659
147.84	0.022685596	-5.8265075	0.036405161
148.48	0.022872956	-5.8268312	0.034293772
149.12	0.022565966	-5.8266003	0.035332919
149.76	0.022366466	-5.8273215	0.036915897
150.4	0.022271705	-5.8269966	0.032878605
151.04	0.022263389	-5.8272975	0.036095713
151.68	0.022013141	-5.826903	0.035856917
152.32	0.022356144	-5.8266719	0.034910107
152.96	0.022683368	-5.826814	0.038024459
153.6	0.022829717	-5.8268315	0.037527741
154.24	0.02277167	-5.8261086	0.034266965
154.88	0.022920303	-5.8268247	0.038814626
155.52	0.022308966	-5.8264142	0.036914791
156.16	0.021935875	-5.8267469	0.034343532
156.8	0.022231746	-5.8272984	0.035611921
157.44	0.022184655	-5.8267522	0.033206897
158.08	0.022429472	-5.8274084	0.034086224
158.72	0.022716536	-5.826933	0.032165165
159.36	0.022663394	-5.8264414	0.035536799
160	0.022958796	-5.8264777	0.035248819
160.64	0.022983258	-5.8265779	0.035587519
161.28	0.0225925	-5.8266743	0.039255051
161.92	0.02219605	-5.8263937	0.034396894
162.56	0.02249756	-5.8270276	0.035251411
163.2	0.021922859	-5.8269029	0.034115655
163.84	0.022091725	-5.8270375	0.03468682
164.48	0.02249865	-5.8269439	0.035721862
165.12	0.022702939	-5.8267051	0.033932646
165.76	0.022672346	-5.826588	0.036130891
166.4	0.022741787	-5.826376	0.035061564
167.04	0.022725587	-5.8266262	0.034050404
167.68	0.022779236	-5.8266202	0.038988826
168.32	0.022339618	-5.8266174	0.036866289
168.96	0.022219023	-5.8272872	0.034729816
169.6	0.022196365	-5.8269729	0.034629281
170.24	0.022182627	-5.8270509	0.034491856
170.88	0.022723351	-5.8270325	0.03576838
171.52	0.022513121	-5.826246	0.036811693
172.16	0.022685625	-5.8264081	0.036782849
172.8	0.022937766	-5.8266937	0.034993685
173.44	0.02304867	-5.8269428	0.035523472
174.08	0.022830035	-5.8267713	0.03710879
174.72	0.022270213	-5.8264343	0.033079234
175.36	0.022024988	-5.8268914	0.037425336
176	0.022194018	-5.8271039	0.034114213
176.64	0.022209944	-5.8269996	0.036671335
177.28	0.022068781	-5.8265292	0.035873118
177.92	0.02248641	-5.8260603	0.036773365
178.56	0.022820739	-5.8263471	0.034500631
179.2	0.022875579	-5.8263578	0.036094286
179.84	0.022460661	-5.826444	0.034163704
180.48	0.022980544	-5.8272873	0.03625857
181.12	0.022657784	-5.8271931	0.034458342
181.76	0.022263556	-5.8268366	0.032468864
182.4	0.021969357	-5.8266738	0.033159971
183.04	0.022275683	-5.8274654	0.034417864
183.68	0.022140988	-5.8265957	0.037259513
184.32	0.022467618	-5.8266913	0.035195423
184.96	0.022692784	-5.8263344	0.036940343
185.6	0.022755833	-5.8262799	0.036756634
186.24	0.022768493	-5.826948	0.035075347
186.88	0.022636746	-5.826953	0.034101105
187.52	0.022033316	-5.8267678	0.039043799
188.16	0.022079115	-5.8267821	0.035418253
188.8	0.022470828	-5.8273277	0.035324257
189.44	0.022382999	-5.8269702	0.034328889
190.08	0.022629275	-5.8266254	0.036684077
190.72	0.022757884	-5.8269254	0.036236008
191.36	0.02263004	-5.8261794	0.038529398
192	0.022870233	-5.8267028	0.03480233
192.64	0.022356921	-5.8262287	0.035009436
193.28	0.022713265	-5.8270259	0.037550095
193.92	0.02227294	-5.8270162	0.033167268
194.56	0.022224393	-5.8268236	0.032329988
195.2	0.022549324	-5.8274976	0.033063017
195.84	0.023033018	-5.8274871	0.036488198
196.48	0.022231613	-5.8263017	0.035150336
197.12	0.022725756	-5.8268012	0.03433207
197.76	0.023069642	-5.82682	0.038286767
198.4	0.022632102	-5.8264619	0.03688206
199.04	0.022323162	-5.8262514	0.035262469
199.68	0.022407428	-5.8269986	0.035210426
200.32	0.0222571	-5.826806	0.036374357
200.96	0.022356115	-5.8274935	0.033018995
201.6	0.022222012	-5.8268793	0.035646751
202.24	0.022502182	-5.8267961	0.037133814
202.88	0.022389891	-5.8266692	0.036245258
203.52	0.022441736	-5.8261362	0.036557108
204.16	0.022683307	-5.8262974	0.036260324
204.8	0.022827512	-5.8265225	0.037408808
205.44	0.022863973	-5.826557	0.038787285
206.08	0.022436252	-5.827004	0.033842716
206.72	0.022512897	-5.8270816	0.035753095
207.36	0.022221519	-5.8269476	0.035930286
208	0.022439704	-5.8272671	0.032960255
208.64	0.02237971	-5.8270953	0.032570912
209.28	0.022326247	-5.8265104	0.035038487
209.92	0.022674282	-5.8268457	0.037046509
210.56	0.022588661	-5.8261587	0.038746385
211.2	0.022774415	-5.8265328	0.038352689
211.84	0.022553481	-5.8267874	0.032684616
212.48	0.022197577	-5.8265344	0.037805891
213.12	0.022415809	-5.8266955	0.032000804
213.76	0.022548335	-5.827428	0.034166098
214.4	0.022542129	-5.8272483	0.035749911
215.04	0.022711434	-5.8268909	0.034101512
215.68	0.022705375	-5.826591	0.03320411
216.32	0.022694622	-5.8265755	0.035706628
216.96	0.022890205	-5.8266489	0.035918636
217.6	0.022463575	-5.8263262	0.036971612
218.24	0.022405806	-5.8270137	0.038404088
218.88	0.02266511	-5.8271416	0.036094184
219.52	0.022662353	-5.8270791	0.030394368
220.16	0.022131828	-5.8265968	0.033745873
220.8	0.022500343	-5.8271481	0.034459086
221.44	0.022060081	-5.8265373	0.035128455
222.08	0.022612293	-5.8266557	0.035169287
222.72	0.022715267	-5.8265845	0.036407435
223.36	0.022494134	-5.826322	0.037304058
224	0.022937777	-5.8267574	0.036430096
224.64	0.022558894	-5.8264493	0.036835649
225.28	0.02249265	-5.8273359	0.033529875
225.92	0.02242371	-5.8273862	0.034400451
226.56	0.021974431	-5.8269251	0.035934186
227.2	0.022021709	-5.826487	0.038207974
227.84	0.022455155	-5.8267747	0.036359577
228.48	0.022499718	-5.8265532	0.03406238
229.12	0.022819159	-5.8266766	0.035636649
229.76	0.022777309	-5.8263878	0.036304954
230.4	0.022599305	-5.8265815	0.035861946
231.04	0.022484427	-5.8266938	0.034321011
231.68	0.022085441	-5.8263915	0.037111837
232.32	0.022085068	-5.82665	0.034495717
232.96	0.022256972	-5.8268187	0.030228963
233.6	0.022241336	-5.826871	0.03608195
234.24	0.022179766	-5.8263992	0.033737028
234.88	0.022651327	-5.8268797	0.034893086
235.52	0.022862266	-5.826519	0.034758854
236.16	0.022418108	-5.8261912	0.03830277
236.8	0.022849726	-5.8270056	0.031710402
237.44	0.022854289	-5.8268119	0.03107738
238.08	0.022206908	-5.8267926	0.037445793
238.72	0.022285673	-5.8267475	0.035428983
239.36	0.022412786	-5.8271471	0.034538977
240	0.022134401	-5.8270686	0.033087538
240.64	0.022652339	-5.8268991	0.037521595
241.28	0.022258504	-5.8262015	0.036715583
241.92	0.022914003	-5.8261557	0.035982334
242.56	0.022504557	-5.8261163	0.034761838
243.2	0.022621894	-5.8266858	0.034539438
243.84	0.022389395	-5.826597	0.03734619
244.48	0.022577263	-5.8271085	0.036077838
245.12	0.022285974	-5.8267213	0.033964296
245.76	0.022070536	-5.8266654	0.037956422
246.4	0.022291868	-5.8272624	0.030888404
247.04	0.022522937	-5.8266698	0.033334514
247.68	0.022460474	-5.8264169	0.036391903
248.32	0.022638273	-5.8263787	0.033972305
248.96	0.022910477	-5.8266315	0.036094243
249.6	0.022220815	-5.8262752	0.035251259
250.24	0.022646214	-5.8270497	0.032585599
250.88	0.022365564	-5.8267272	0.036318732
251.52	0.02213279	-5.8274506	0.035817746
252.16	0.021949648	-5.8266804	0.032371544
252.8	0.022421981	-5.8271918	0.036365057
253.44	0.022634963	-5.8267597	0.034787056
254.08	0.02303009	-5.8271226	0.035549116
254.72	0.022658521	-5.8261216	0.035385885
255.36	0.022601263	-5.8263628	0.035932194
256	0.022577864	-5.826648	0.036928568
256.64	0.022356392	-5.8267645	0.035227528
257.28	0.022141676	-5.8266803	0.035456154
257.92	0.022032371	-5.8269022	0.033641791
258.56	0.022555846	-5.8268399	0.031743976
259.2	0.022141149	-5.8266578	0.03368466
259.84	0.022680961	-5.8270272	0.035240547
260.48	0.022470794	-5.8264552	0.034484143
261.12	0.022521071	-5.8263548	0.038841292
261.76	0.022410651	-5.8261923	0.035295944
262.4	0.022333562	-5.8264987	0.038737948
263.04	0.022341674	-5.8266192	0.032358151
263.68	0.022308539	-5.8272854	0.035573654
264.32	0.022443738	-5.8276183	0.031400662
264.96	0.022346055	-5.8271009	0.035422956
265.6	0.022243207	-5.8269636	0.03588929
266.24	0.022536136	-5.8270749	0.033400242
266.88	0.022578881	-5.8267785	0.034170291
267.52	0.022418513	-5.8264705	0.034489131
268.16	0.022582751	-5.8266668	0.033476841
268.8	0.022695481	-5.8266051	0.034637685
269.44	0.022373651	-5.8269865	0.03292316
270.08	0.02203097	-5.8268351	0.034680465
270.72	0.022639252	-5.8276796	0.030577027
271.36	0.022238488	-5.8274781	0.033502083
272	0.02210737	-5.8267157	0.031985808
272.64	0.022720204	-5.8269823	0.034059357
273.28	0.022650972	-5.8266388	0.035365374
273.92	0.022863835	-5.8266579	0.033965469
274.56	0.022524127	-5.8265149	0.036675009
275.2	0.022653129	-5.8271425	0.034627106
275.84	0.022445294	-5.8271632	0.03338527
276.48	0.022271015	-5.8275282	0.031426533
277.12	0.022298273	-5.827469	0.030783622
277.76	0.022416152	-5.8273046	0.035839088
278.4	0.022329132	-5.8266779	0.036309476
279.04	0.022536703	-5.8268529	0.033305857
279.68	0.022879967	-5.8271622	0.03286614
280.32	0.022673474	-5.8267383	0.034087509
280.96	0.022993409	-5.8274032	0.035253054
281.6	0.022383561	-5.826871	0.034681236
282.24	0.022416119	-5.827293	0.036093737
282.88	0.022154556	-5.8270053	0.033671575
283.52	0.021999698	-5.8269268	0.033310896
284.16	0.022357241	-5.8270105	0.035082715
284.8	0.022173612	-5.8269189	0.033483842
285.44	0.022421283	-5.8267305	0.03626477
286.08	0.023033882	-5.8270857	0.0309005
286.72	0.022612214	-5.8266449	0.034731427
287.36	0.022570407	-5.8269167	0.031910381
288	0.022429068	-5.826867	0.032686889
288.64	0.022656184	-5.8273522	0.030376402
289.28	0.022290913	-5.8273847	0.034823912
289.92	0.022192881	-5.8273636	0.033315979
290.56	0.022606172	-5.827611	0.035626378
291.2	0.022638338	-5.827308	0.029995583
291.84	0.022503086	-5.8270554	0.035569114
292.48	0.022408689	-5.8264983	0.037488942
293.12	0.022483341	-5.8268275	0.032148071
293.76	0.022224497	-5.8261782	0.034594883
294.4	0.022690605	-5.8273799	0.030748723
295.04	0.022542834	-5.8269814	0.036730291
295.68	0.022376176	-5.8269652	0.034738993
296.32	0.022301165	-5.8271027	0.035740417
296.96	0.022669549	-5.8274075	0.02983804
297.6	0.022720781	-5.8273225	0.035341163
298.24	0.022256439	-5.826567	0.035573261
298.88	0.022674507	-5.8267975	0.034344462
299.52	0.022796483	-5.8269382	0.032878776
300.16	0.022659399	-5.8269473	0.036997999
300.8	0.022889181	-5.8272394	0.029596351
301.44	0.022169323	-5.8272155	0.034028365
302.08	0.022478769	-5.8273689	0.034048797
302.72	0.022305968	-5.8269169	0.032974305
303.36	0.022808357	-5.8271734	0.036294254
304	0.022719201	-5.8271009	0.033133558
304.64	0.022731028	-5.8270374	0.033732525
305.28	0.02254252	-5.8268452	0.034031421
305.92	0.022265777	-5.8263651	0.035255246
306.56	0.022647101	-5.8272454	0.032591404
307.2	0.022602878	-5.8270084	0.030192887
307.84	0.02241921	-5.8268393	0.031645062
308.48	0.022255858	-5.8269613	0.031593813
309.12	0.02221396	-5.8265868	0.032844802
309.76	0.022478715	-5.8272261	0.03346172
310.4	0.022419852	-5.8269463	0.033417139
311.04	0.02247367	-5.826812	0.032765526
311.68	0.022744547	-5.8267421	0.033746591
312.32	0.022470371	-5.826617	0.031103734
312.96	0.023042021	-5.8272105	0.035713875
313.6	0.022181843	-5.8266926	0.03659116
314.24	0.022506081	-5.8273913	0.036266665
314.88	0.022345266	-5.826906	0.032664873
315.52	0.021906638	-5.8265299	0.031585027
316.16	0.02231441	-5.8268701	0.033946996
316.8	0.02248248	-5.8268837	0.035154302
317.44	0.022630374	-5.8269852	0.033920956
318.08	0.022600972	-5.8267341	0.033249763
318.72	0.022591046	-5.826897	0.032528676
319.36	0.022582466	-5.82711	0.037738551
320	0.022585766	-5.8268663	0.030262427
320.64	0.022639144	-5.8270906	0.029839955
321.28	0.022345412	-5.8268712	0.030542494
321.92	0.022248143	-5.8268845	0.037382455
322.56	0.022086327	-5.8267868	0.035631616
323.2	0.02214008	-5.8267014	0.037513748
323.84	0.022784552	-5.8270185	0.034144925
324.48	0.022891432	-5.8270081	0.033820325
325.12	0.022318332	-5.8267962	0.033749338
325.76	0.022778875	-5.8272741	0.034487637
326.4	0.022379174	-5.826894	0.033674592
327.04	0.022154499	-5.8269562	0.033011522
327.68	0.022286313	-5.8272955	0.034298934
328.32	0.022518658	-5.8271082	0.032064
328.96	0.022430288	-5.8271303	0.035614093
329.6	0.02253678	-5.8267821	0.0362062
330.24	0.02247668	-5.8266578	0.036466667
330.88	0.022873507	-5.8271275	0.034092924
331.52	0.022287907	-5.8264399	0.035134589
332.16	0.022863119	-5.8272411	0.031006689
332.8	0.022335401	-5.8271666	0.032437783
333.44	0.022230382	-5.826956	0.029754011
334.08	0.022122929	-5.8270109	0.034551203
334.72	0.022014006	-5.826667	0.034411335
335.36	0.022289993	-5.826895	0.034451719
336	0.022521803	-5.8272287	0.031858385
336.64	0.022426201	-5.8268672	0.031760464
337.28	0.022856352	-5.8271865	0.0309327
337.92	0.022462859	-5.8268652	0.033819057
338.56	0.02291596	-5.8273514	0.032804782
339.2	0.022379619	-5.8266137	0.032450384
339.84	0.022246107	-5.8269518	0.031676348
340.48	0.022602966	-5.8276435	0.029844377
341.12	0.022281227	-5.8266844	0.033640976
341.76	0.022763471	-5.8276424	0.03354206
342.4	0.022356702	-5.8265569	0.034647582
343.04	0.022728244	-5.8268873	0.033653765
343.68	0.022436359	-5.8269048	0.034726216
344.32	0.022782681	-5.8271898	0.035381277
344.96	0.023012797	-5.8279038	0.033076529
345.6	0.022398767	-5.827357	0.033066756
346.24	0.022501049	-5.8272819	0.03296651
346.88	0.022767801	-5.8275511	0.0312502
347.52	0.022643403	-5.827653	0.03366424
348.16	0.022300802	-5.8267617	0.036380936
348.8	0.02263058	-5.8267206	0.031384574
349.44	0.022893948	-5.8270953	0.031812102
350.08	0.022797288	-5.8271895	0.03403662
350.72	0.022846363	-5.8272345	0.032024291
351.36	0.022502063	-5.8269914	0.031481979
352	0.022482467	-5.827325	0.032515561
352.64	0.02222607	-5.8269607	0.031357411
353.28	0.022109057	-5.8268789	0.03395427
353.92	0.022565504	-5.8271557	0.031628513
354.56	0.022312031	-5.8268133	0.033417017
355.2	0.022408851	-5.8262128	0.034760172
355.84	0.022496334	-5.8269398	0.033648048
356.48	0.022504358	-5.8268698	0.034251998
357.12	0.022513133	-5.8268685	0.032378247
357.76	0.022695477	-5.827436	0.02983463
358.4	0.022110442	-5.8267728	0.035211484
359.04	0.022013404	-5.8266872	0.032857904
359.68	0.022331949	-5.827034	0.034392912
360.32	0.022318739	-5.8271411	0.035543294
360.96	0.022591318	-5.8268731	0.033360059
361.6	0.022612076	-5.8267174	0.0353244
362.24	0.022927878	-5.8271788	0.035103039
362.88	0.022560956	-5.8266658	0.033932358
363.52	0.022317162	-5.8264622	0.035253234
364.16	0.022789928	-5.8272535	0.032301698
364.8	0.022659468	-5.8276039	0.031442523
365.44	0.022388111	-5.8272144	0.032598994
366.08	0.022303696	-5.8267666	0.033126758
366.72	0.022065724	-5.8265147	0.033914576
367.36	0.022329421	-5.8265011	0.03304723
368	0.022119171	-5.8264242	0.035405365
368.64	0.022549141	-5.826907	0.034262787
369.28	0.022739889	-5.8268732	0.031615806
369.92	0.022870817	-5.8273469	0.032641566
370.56	0.022355518	-5.8270423	0.032355543
371.2	0.022492748	-5.8272698	0.032005956
371.84	0.022070101	-5.8268293	0.033075141
372.48	0.022105497	-5.8267925	0.035977317
373.12	0.022322011	-5.826932	0.03422981
373.76	0.022696417	-5.826769	0.033368494
374.4	0.02283894	-5.8268907	0.034663732
375.04	0.022180827	-5.8262519	0.035277602
375.68	0.022508059	-5.826811	0.033367935
376.32	0.022293252	-5.8268802	0.03602792
376.96	0.02248081	-5.8269238	0.030847054
377.6	0.022546429	-5.827033	0.032594507
378.24	0.02225895	-5.8272014	0.03190729
378.88	0.022267022	-5.8270317	0.032661495
379.52	0.022449663	-5.826544	0.035546792
380.16	0.022937535	-5.8272736	0.031222593
380.8	0.022430774	-5.826366	0.033861156
381.44	0.022591997	-5.8267184	0.035333962
382.08	0.022806319	-5.8272225	0.036004092
382.72	0.02270389	-5.8269413	0.030170692
383.36	0.022413302	-5.8269792	0.032114004
384	0.022590056	-5.827302	0.032426101
384.64	0.02242376	-5.8272444	0.033571376
385.28	0.022358499	-5.8268277	0.030926428
385.92	0.022472621	-5.8271902	0.031766014
386.56	0.022434089	-5.8267677	0.032657618
387.2	0.022936533	-5.8270081	0.034294831
387.84	0.022783238	-5.8271793	0.028996456
388.48	0.022498456	-5.8265626	0.036447825
389.12	0.022770727	-5.8272954	0.033266035
389.76	0.022325504	-5.8266134	0.035160124
390.4	0.022223982	-5.8268739	0.037242733
391.04	0.022435942	-5.827141	0.032839432
391.68	0.022510304	-5.826986	0.032009481
392.32	0.022389977	-5.8269294	0.033884591
392.96	0.022380406	-5.8267546	0.034204871
393.6	0.022762416	-5.8269506	0.034514864
394.24	0.022272947	-5.826503	0.033794194
394.88	0.022472312	-5.8265904	0.032692548
395.52	0.022552588	-5.8272618	0.030957303
396.16	0.022207218	-5.8270322	0.036422649
396.8	0.022119683	-5.8270567	0.032586256
397.44	0.022431603	-5.82748	0.034579615
398.08	0.022133913	-5.8266003	0.032881134
398.72	0.022564896	-5.8268528	0.033555952
399.36	0.022546361	-5.8262916	0.035215005
400	0.022622392	-5.8269928	0.035650119
400.64	0.022450572	-5.8267581	0.033548129
401.28	0.022503624	-5.82681	0.03323955
401.92	0.022539893	-5.8272312	0.031698943
402.56	0.022056887	-5.8266533	0.030864942
403.2	0.022199198	-5.827189	0.032938493
403.84	0.022274242	-5.8262979	0.031972236
404.48	0.022209168	-5.8269667	0.0341936
405.12	0.022418516	-5.8268445	0.032840895
405.76	0.022788766	-5.8266308	0.034351788
406.4	0.022284519	-5.8266218	0.035706814
407.04	0.022584946	-5.8267677	0.032124785
407.68	0.022357249	-5.8267504	0.032840877
408.32	0.022426043	-5.8271955	0.03301507
408.96	0.022130021	-5.8267957	0.034787232
409.6	0.022240517	-5.8268717	0.033264064
410.24	0.022476731	-5.8271589	0.031189223
410.88	0.022753509	-5.8273622	0.02903005
411.52	0.022730997	-5.8273344	0.032601838
412.16	0.022949141	-5.8275462	0.036695889
412.8	0.022449169	-5.8268815	0.034611704
413.44	0.022492044	-5.8269105	0.033895169
414.08	0.022550459	-5.827143	0.033070939
414.72	0.022433852	-5.8271514	0.034775829
415.36	0.022353046	-5.8269226	0.033950251
416	0.022587977	-5.8273712	0.033477248
416.64	0.022212546	-5.8272365	0.032585299
417.28	0.022912521	-5.8273731	0.030469469
417.92	0.022119369	-5.8266559	0.036783822
418.56	0.022285305	-5.8264403	0.034310431
419.2	0.022309988	-5.8266298	0.03267779
419.84	0.022545257	-5.8266949	0.031005662
420.48	0.022410493	-5.8269445	0.030639057
421.12	0.022393265	-5.8269368	0.032291735
421.76	0.022118675	-5.8268356	0.032934242
422.4	0.022227218	-5.8273106	0.032353699
423.04	0.02240827	-5.8273699	0.033067919
423.68	0.022512796	-5.8267973	0.031386157
424.32	0.022484206	-5.8269365	0.033126922
424.96	0.022723162	-5.8274709	0.034036231
425.6	0.022999891	-5.8272983	0.032563358
426.24	0.022688102	-5.8268168	0.03161719
426.88	0.022677523	-5.8273085	0.028660467
427.52	0.02241011	-5.8266549	0.032484876
428.16	0.022628908	-5.8274404	0.032563763
428.8	0.022312133	-5.8273336	0.032146804
429.44	0.022565936	-5.8271656	0.031768252
430.08	0.022329011	-5.8269959	0.032141617
430.72	0.022372863	-5.8268117	0.033882263
431.36	0.022989884	-5.8270459	0.034538297
432	0.022160567	-5.8264471	0.038423419
432.64	0.022509984	-5.8268404	0.034239349
433.28	0.022750955	-5.8273523	0.030228759
433.92	0.022721027	-5.8274715	0.032297399
434.56	0.022169994	-5.8265578	0.033847767
435.2	0.021945013	-5.827018	0.033618335
435.84	0.022358088	-5.8268884	0.034467255
436.48	0.022133881	-5.8268242	0.032402975
437.12	0.022896439	-5.8273433	0.031257998
437.76	0.022704596	-5.8266253	0.033651033
438.4	0.022267816	-5.826367	0.032932514
439.04	0.022626178	-5.8269846	0.033229667
439.68	0.022357967	-5.8268868	0.03217802
440.32	0.022490978	-5.8273398	0.031080429
440.96	0.022503874	-5.8274942	0.032327664
441.6	0.022203667	-5.8270996	0.032859749
442.24	0.022358431	-5.8270719	0.0347771
442.88	0.022545906	-5.8269058	0.032806657
443.52	0.022775609	-5.8274475	0.032751761
444.16	0.022826448	-5.8274219	0.030182887
444.8	0.02286994	-5.8272399	0.035048109
445.44	0.022263198	-5.8267382	0.034234444
446.08	0.022685912	-5.8274181	0.030564368
446.72	0.022503365	-5.8274018	0.032231321
447.36	0.022070725	-5.8267866	0.037046368
448	0.022407557	-5.8268566	0.032177302
448.64	0.022361169	-5.8270897	0.031946623
449.28	0.02232466	-5.8266016	0.034222576
449.92	0.022509885	-5.8270763	0.034627856
450.56	0.022590825	-5.826736	0.032980711
451.2	0.022349286	-5.8269371	0.033973529
451.84	0.022653873	-5.8275259	0.031653573
452.48	0.022154353	-5.8266632	0.03484494
453.12	0.02199155	-5.826608	0.035284162
453.76	0.022444279	-5.827252	0.031799509
454.4	0.022720887	-5.8270944	0.031170395
455.04	0.022508032	-5.8269108	0.033712263
455.68	0.022804318	-5.8273998	0.02944306
456.32	0.022515951	-5.8270535	0.031619807
456.96	0.02256792	-5.8269883	0.030156313
457.6	0.022259064	-5.8267497	0.032581957
458.24	0.02248369	-5.8270408	0.032552608
458.88	0.022776365	-5.8273402	0.032625804
459.52	0.022224229	-5.8267267	0.033020563
460.16	0.022722763	-5.8274698	0.029180498
460.8	0.022530533	-5.8270979	0.030257437
461.44	0.022259684	-5.8267174	0.034595813
462.08	0.022921431	-5.8270865	0.032701239
462.72	0.022153831	-5.8261817	0.033332215
463.36	0.02226344	-5.8266407	0.03638502
464	0.022613546	-5.8274382	0.032740558
464.64	0.022063766	-5.8268399	0.031379786
465.28	0.0226326	-5.8276282	0.032830066
465.92	0.022069797	-5.8266113	0.034610038
466.56	0.022279013	-5.8266995	0.033959204
467.2	0.022165365	-5.8265846	0.037332089
467.84	0.022352659	-5.8271775	0.033626125
468.48	0.022603189	-5.8272007	0.03423286
469.12	0.022402458	-5.8269242	0.031655187
469.76	0.022586938	-5.8272181	0.030004418
470.4	0.022454379	-5.827291	0.034026674
471.04	0.022554289	-5.8271629	0.028511998
471.68	0.022435738	-5.8271467	0.030406692
472.32	0.022371245	-5.826899	0.03290345
472.96	0.022445761	-5.8266666	0.03501565
473.6	0.022658587	-5.8269685	0.035535838
474.24	0.022603485	-5.8271282	0.035181689
474.88	0.022443478	-5.8273342	0.03399305
475.52	0.022883002	-5.8273149	0.028579613
476.16	0.022769973	-5.8275665	0.02970095
476.8	0.022602006	-5.8270892	0.033839662
477.44	0.022428508	-5.8269428	0.034261655
478.08	0.022335292	-5.8267428	0.034816231
478.72	0.022357455	-5.8268906	0.032656531
479.36	0.022454421	-5.8270829	0.033764965
480	0.022554816	-5.8272801	0.03128555
480.64	0.022857308	-5.8276367	0.034408168
481.28	0.022547777	-5.8269383	0.032913886
481.92	0.02227981	-5.8270041	0.032209214
482.56	0.022334298	-5.8269434	0.033595304
483.2	0.022399919	-5.8267058	0.033527153
483.84	0.022660326	-5.8274612	0.035266633
484.48	0.022283739	-5.8270217	0.033626705
485.12	0.022742533	-5.8274845	0.031531103
485.76	0.022593647	-5.8274081	0.033245703
486.4	0.022347092	-5.8269858	0.032863353
487.04	0.022639898	-5.8275438	0.035349903
487.68	0.022356209	-5.8271676	0.032186052
488.32	0.022482192	-5.8268386	0.035337927
488.96	0.022367984	-5.8271062	0.032509683
489.6	0.022590152	-5.8269523	0.033754511
490.24	0.022488501	-5.8271905	0.035288433
490.88	0.022561922	-5.827455	0.031486173
491.52	0.022440383	-5.8268797	0.029998813
492.16	0.022708784	-5.827271	0.035345854
492.8	0.022381883	-5.8270168	0.032933302
493.44	0.02264025	-5.8271447	0.033082501
494.08	0.022875699	-5.8278059	0.03020526
494.72	0.022651253	-5.8271823	0.032619128
495.36	0.022467457	-5.8271987	0.033950225
496	0.022333083	-5.8269648	0.032706496
496.64	0.022732057	-5.8273444	0.033064283
497.28	0.02235426	-5.8267216	0.035923602
497.92	0.022618633	-5.8274829	0.033543507
498.56	0.022869459	-5.8275819	0.036156021
499.2	0.022779291	-5.8270481	0.030986807
499.84	0.022686093	-5.8269344	0.032879031
