0	0.010375441	-5.8303516	0.035396963
0.64	0.010463589	-5.8303852	0.034427562
1.28	0.010398538	-5.8302375	0.035323204
1.92	0.010657354	-5.8308627	0.033610236
2.56	0.01050011	-5.8306003	0.03081706
3.2	0.010412315	-5.8298102	0.033582076
3.84	0.01051106	-5.8305574	0.032099521
4.48	0.010378811	-5.830594	0.031752968
5.12	0.010361129	-5.8301557	0.034336814
5.76	0.010517809	-5.8307774	0.03282109
6.4	0.01035977	-5.8302996	0.033121911
7.04	0.010599721	-5.8304854	0.034925393
7.68	0.010584572	-5.8302661	0.032697523
8.32	0.01038517	-5.830348	0.034325686
8.96	0.010536776	-5.8309282	0.032741564
9.6	0.01052866	-5.8304479	0.032188771
10.24	0.01048355	-5.8307684	0.031669231
10.88	0.01049877	-5.8305704	0.034803391
11.52	0.010539795	-5.8304211	0.033225508
12.16	0.010562563	-5.830733	0.031489131
12.8	0.010468688	-5.8303087	0.032476807
13.44	0.010514767	-5.8303453	0.032243237
14.08	0.010542817	-5.8303879	0.031204644
14.72	0.010558066	-5.8303765	0.032231441
15.36	0.010523953	-5.8306903	0.03117699
16	0.010253764	-5.8304021	0.02913629
16.64	0.010611387	-5.8310906	0.030049142
17.28	0.01046209	-5.83075	0.029236593
17.92	0.010468239	-5.8309486	0.029575528
18.56	0.010628542	-5.8312392	0.030779383
19.2	0.010655001	-5.8314098	0.03235788
19.84	0.010770432	-5.8316441	0.028725536
20.48	0.010640706	-5.8320259	0.025021398
21.12	0.01074225	-5.8328473	0.021047885
21.76	0.010213655	-5.833363	0.021892206
22.4	0.010033607	-5.8339489	0.021537083
23.04	0.010055439	-5.8340685	0.018683489
23.68	0.0098851321	-5.8339626	0.020248011
24.32	0.01028796	-5.8335396	0.022166639
24.96	0.010529572	-5.833185	0.024122188
25.6	0.011036954	-5.8329555	0.019110878
26.24	0.011195703	-5.8330977	0.021944371
26.88	0.010827067	-5.8331805	0.020276654
27.52	0.010642125	-5.8338017	0.017044314
28.16	0.010292089	-5.8346836	0.016079389
28.8	0.0097911468	-5.8349718	0.014804354
29.44	0.0098367912	-5.8353584	0.0181456
30.08	0.0099282148	-5.8351236	0.015519681
30.72	0.01030244	-5.8345409	0.017744604
31.36	0.010578026	-5.8344058	0.020178692
32	0.011236036	-5.8341233	0.019419181
32.64	0.011190101	-5.8341986	0.020854445
33.28	0.011207543	-5.8343402	0.018799286
33.92	0.010575336	-5.8348198	0.016536325
34.56	0.010156814	-5.8349232	0.018112437
35.2	0.0098717498	-5.8353577	0.017997154
35.84	0.009946345	-5.8356133	0.016415652
36.48	0.0097286043	-5.8351895	0.021351388
37.12	0.010256906	-5.8352199	0.018937732
37.76	0.010934767	-5.8345871	0.021091708
38.4	0.010972688	-5.8340373	0.020907634
39.04	0.011142529	-5.8342496	0.018416799
39.68	0.011073755	-5.8344655	0.019889522
40.32	0.01032338	-5.8342974	0.019442938
40.96	0.010241229	-5.8352338	0.018080227
41.6	0.009713667	-5.835375	0.017922751
42.24	0.0098090092	-5.8356638	0.014410929
42.88	0.010100216	-5.8353056	0.017214488
43.52	0.01049567	-5.8348701	0.017269194
44.16	0.010769308	-5.8340313	0.020926879
44.8	0.011142745	-5.8340378	0.018871553
45.44	0.011060996	-5.8341615	0.022636649
46.08	0.011036858	-5.8348341	0.020109255
46.72	0.010638277	-5.8349062	0.0188448
47.36	0.0099904279	-5.8351761	0.016580149
48	0.0098015202	-5.8354511	0.016828591
48.64	0.0099897673	-5.8355843	0.016889397
49.28	0.009983962	-5.8349907	0.017325113
49.92	0.010480283	-5.8349697	0.019370398
50.56	0.011026241	-5.8346125	0.01928915
51.2	0.011047528	-5.8341863	0.02097065
51.84	0.011022233	-5.8340047	0.021987837
52.48	0.010862356	-5.834337	0.020276833
53.12	0.010472367	-5.8349524	0.018856725
53.76	0.010082222	-5.8353086	0.016138823
54.4	0.0098001348	-5.8358197	0.017043417
55.04	0.00978733	-5.835477	0.01488009
55.68	0.010158241	-5.8352023	0.017198155
56.32	0.010364015	-5.8347459	0.019905168
56.96	0.010938062	-5.8342833	0.019398875
57.6	0.011204357	-5.8344023	0.019528388
58.24	0.011157083	-5.8342991	0.020309203
58.88	0.010803408	-5.8344752	0.018510838
59.52	0.010576396	-5.834917	0.018790765
60.16	0.010045876	-5.8354821	0.013840875
60.8	0.0097478603	-5.8355664	0.015903687
61.44	0.0098222995	-5.8352826	0.015208337
62.08	0.010191536	-5.8353907	0.016611536
62.72	0.010531756	-5.8344862	0.018613102
63.36	0.010938935	-5.8341301	0.021935113
64	0.010905568	-5.8341302	0.022448649
64.64	0.01108468	-5.8341753	0.017794655
65.28	0.010982376	-5.8347026	0.019791808
65.92	0.01025846	-5.8349797	0.018579882
66.56	0.0098832744	-5.8351618	0.016532318
67.2	0.009765656	-5.8355285	0.016950097
67.84	0.0097763256	-5.8354855	0.016308112
68.48	0.010157747	-5.8349843	0.015895501
69.12	0.010772439	-5.8347423	0.020030592
69.76	0.011075423	-5.8340503	0.018537155
70.4	0.011337283	-5.8341244	0.020527519
71.04	0.011137031	-5.8344772	0.020075579
71.68	0.0107765	-5.8351835	0.017985722
72.32	0.010117715	-5.8349042	0.018164118
72.96	0.0099574043	-5.8353225	0.020418712
73.6	0.0097493302	-5.8355401	0.017549215
74.24	0.010152278	-5.8354486	0.015245824
74.88	0.010352642	-5.8352569	0.016970381
75.52	0.010662911	-5.8346037	0.019004948
76.16	0.010930697	-5.8341591	0.020853027
76.8	0.011382533	-5.834357	0.020057004
77.44	0.010999196	-5.8343041	0.020520654
78.08	0.010587395	-5.8348394	0.017896274
78.72	0.010357866	-5.8354707	0.017461015
79.36	0.0099603455	-5.8355448	0.017128699
80	0.0098696199	-5.8355084	0.016471998
80.64	0.010167701	-5.8353925	0.016727233
81.28	0.010354399	-5.8349674	0.017156477
81.92	0.010691403	-5.8343729	0.019423026
82.56	0.011240287	-5.83434	0.020109201
83.2	0.011240795	-5.8341949	0.019475777
83.84	0.011050398	-5.8346432	0.020588236
84.48	0.010675634	-5.834963	0.019681385
85.12	0.01019945	-5.8351332	0.017704944
85.76	0.010071355	-5.8355941	0.016160274
86.4	0.0097830568	-5.8355157	0.016531124
87.04	0.010109834	-5.8354184	0.016578353
87.68	0.010496927	-5.8349022	0.018054164
88.32	0.010729269	-5.8345201	0.01983089
88.96	0.010956455	-5.8340175	0.019133185
89.6	0.01114681	-5.834038	0.020029971
90.24	0.010944678	-5.8342902	0.020136282
90.88	0.010614253	-5.8350647	0.018206929
91.52	0.010123319	-5.8352588	0.01566856
92.16	0.0096566829	-5.8354494	0.017718463
92.8	0.009778599	-5.8356432	0.017942434
93.44	0.0099450342	-5.8349016	0.015426934
94.08	0.010442716	-5.8347788	0.019303753
94.72	0.010969443	-5.8344231	0.021473052
95.36	0.011271022	-5.8341379	0.018852825
96	0.011100395	-5.8340089	0.018653374
96.64	0.010645467	-5.8341316	0.020470874
97.28	0.010403939	-5.8350814	0.018015649
97.92	0.0099821758	-5.8354747	0.015909554
98.56	0.0097366567	-5.8353883	0.017395243
99.2	0.0097370013	-5.8351116	0.015646556
99.84	0.010034616	-5.8348638	0.018676808
100.48	0.010565775	-5.8349923	0.020595852
101.12	0.011020878	-5.8342152	0.020453191
101.76	0.011304418	-5.8340269	0.018235646
102.4	0.011156557	-5.834236	0.018628624
103.04	0.010768302	-5.8344659	0.018485608
103.68	0.010252194	-5.8347311	0.017409454
104.32	0.0098717693	-5.835261	0.019057241
104.96	0.0097611842	-5.8353641	0.018065643
105.6	0.0096818615	-5.8352595	0.015863152
106.24	0.010168248	-5.8350512	0.018343429
106.88	0.01062077	-5.8348904	0.017318575
107.52	0.011021103	-5.8344465	0.018898192
108.16	0.011121368	-5.8340887	0.022034362
108.8	0.011125913	-5.8339283	0.018701839
109.44	0.010757308	-5.8346857	0.018586003
110.08	0.010146555	-5.8349627	0.017728063
110.72	0.0098740529	-5.8350867	0.016914513
111.36	0.0098590338	-5.8354261	0.016457691
112	0.010131512	-5.8357341	0.016189836
112.64	0.010400388	-5.835107	0.016795393
113.28	0.010724222	-5.8347047	0.021757495
113.92	0.011150011	-5.8342302	0.019536059
114.56	0.011246571	-5.8344916	0.019709041
115.2	0.010951063	-5.8343038	0.021003218
115.84	0.010677453	-5.8346782	0.019497234
116.48	0.010236094	-5.8349568	0.018402917
117.12	0.0098957426	-5.8353158	0.016272795
117.76	0.0097817345	-5.8354491	0.018455713
118.4	0.0099848363	-5.8353182	0.015689104
119.04	0.010417334	-5.8349446	0.018047432
119.68	0.010711578	-5.8346733	0.019372971
120.32	0.011040313	-5.8343186	0.018682052
120.96	0.011089593	-5.834064	0.022494093
121.6	0.011064421	-5.8345092	0.020745301
122.24	0.010660232	-5.8350661	0.01807358
122.88	0.010092347	-5.8350641	0.017008331
123.52	0.0097115898	-5.8353387	0.0169475
124.16	0.0098775346	-5.8358522	0.014129422
124.8	0.010003316	-5.8350696	0.016721494
125.44	0.010417168	-5.8349025	0.017561134
126.08	0.010844628	-5.8346043	0.017934387
126.72	0.011219869	-5.8343027	0.020680136
127.36	0.011303148	-5.8343172	0.022115945
128	0.010696359	-5.8341972	0.020035584
128.64	0.01044032	-5.8348029	0.018933663
129.28	0.0099876997	-5.8353648	0.017921737
129.92	0.0096736693	-5.8355264	0.016529516
130.56	0.0098335922	-5.8354652	0.017461315
131.2	0.0099822625	-5.8351577	0.020866156
131.84	0.010465693	-5.8346206	0.016921959
132.48	0.010863586	-5.83432	0.018368541
133.12	0.011026646	-5.8337567	0.020415348
133.76	0.011170106	-5.8341878	0.018455869
134.4	0.010891558	-5.8345562	0.0188904
135.04	0.010440982	-5.8346743	0.017908436
135.68	0.010107008	-5.8354951	0.017607202
136.32	0.0097622773	-5.8356919	0.015930399
136.96	0.009874539	-5.8356608	0.019116914
137.6	0.010162471	-5.8353526	0.017188878
138.24	0.010480775	-5.8347546	0.017518448
138.88	0.010842836	-5.8343265	0.019905664
139.52	0.011032924	-5.8339482	0.016683345
140.16	0.011018833	-5.8342105	0.020355909
140.8	0.010843573	-5.8345773	0.020030587
141.44	0.010269666	-5.8347705	0.018781241
142.08	0.010129423	-5.8354693	0.018647877
142.72	0.0099459203	-5.8359445	0.017280586
143.36	0.0098518815	-5.8351979	0.013588586
144	0.01018837	-5.8349604	0.015654645
144.64	0.010599567	-5.8350418	0.018887898
145.28	0.010885088	-5.834363	0.018083269
145.92	0.011086516	-5.834249	0.01782534
146.56	0.010995978	-5.8346416	0.017795302
147.2	0.01074625	-5.8347377	0.016639136
147.84	0.010259418	-5.8350035	0.016626259
148.48	0.0098884792	-5.8354142	0.015092861
149.12	0.010033332	-5.8360194	0.016009427
149.76	0.010038539	-5.8355984	0.016277677
150.4	0.010257061	-5.8352699	0.015620507
151.04	0.010669711	-5.8349368	0.018245146
151.68	0.010957098	-5.8346333	0.020116179
152.32	0.011226183	-5.8348919	0.017774688
152.96	0.01107341	-5.8350371	0.018457431
153.6	0.010630967	-5.8357774	0.017659277
154.24	0.010120543	-5.8361609	0.015597283
154.88	0.0097431436	-5.8365467	0.015582827
155.52	0.0096010535	-5.8368676	0.012532312
156.16	0.0099341098	-5.8367294	0.013191112
156.8	0.010360905	-5.8361733	0.016142452
157.44	0.01078142	-5.8357379	0.017795383
158.08	0.011232172	-5.8354376	0.018460706
158.72	0.01114281	-5.8349302	0.018350738
159.36	0.011011601	-5.835342	0.015361699
160	0.010752953	-5.8362498	0.016511053
160.64	0.0098913453	-5.8362555	0.015175701
161.28	0.0097021719	-5.8370983	0.012903248
161.92	0.0098401814	-5.8371435	0.014837659
162.56	0.0099762153	-5.836828	0.015472338
163.2	0.010305667	-5.8363061	0.013762958
163.84	0.010871076	-5.835921	0.016105212
164.48	0.01109857	-5.8357626	0.016621407
165.12	0.011236418	-5.8353001	0.016387566
165.76	0.010861517	-5.8356316	0.01328492
166.4	0.010628322	-5.8365086	0.012080321
167.04	0.010049803	-5.8367247	0.0097895757
167.68	0.0096716901	-5.836926	0.011746924
168.32	0.009720057	-5.8370198	0.0095924584
168.96	0.0098409128	-5.8371586	0.0090410866
169.6	0.010273897	-5.8363374	0.0097289925
170.24	0.010893824	-5.8365606	0.013126239
170.88	0.011252175	-5.8362565	0.016101121
171.52	0.011142647	-5.835692	0.016220314
172.16	0.010865757	-5.8362424	0.016324695
172.8	0.010456088	-5.8368467	0.012991605
173.44	0.0099640823	-5.8371937	0.014534835
174.08	0.0098752594	-5.8379547	0.012027267
174.72	0.0097715814	-5.8378764	0.011907326
175.36	0.0098920487	-5.8375177	0.01307764
176	0.010367559	-5.8373337	0.013115314
176.64	0.010738454	-5.836787	0.014109487
177.28	0.011180659	-5.8364515	0.012980762
177.92	0.011252198	-5.8364124	0.012742479
178.56	0.011100585	-5.8368732	0.011339836
179.2	0.010626464	-5.8372322	0.01608652
179.84	0.01017074	-5.8378837	0.011724335
180.48	0.0098628517	-5.838098	0.012974085
181.12	0.0097052021	-5.8379241	0.011957377
181.76	0.0099816349	-5.8377117	0.012920867
182.4	0.010559676	-5.8376414	0.012899481
183.04	0.010817637	-5.8367936	0.015144118
183.68	0.011262365	-5.8363257	0.014728919
184.32	0.011113323	-5.8363465	0.015694346
184.96	0.010987127	-5.8367374	0.014693564
185.6	0.010564794	-5.8370832	0.014538148
186.24	0.010042912	-5.8374548	0.011154648
186.88	0.0098959059	-5.8379662	0.01043324
187.52	0.0097980823	-5.8377493	0.01168769
188.16	0.010246832	-5.8377007	0.0096022351
188.8	0.010575142	-5.8371281	0.01261747
189.44	0.010785965	-5.8363979	0.01254121
190.08	0.011325572	-5.8367694	0.015876492
190.72	0.011136279	-5.8366543	0.013546227
191.36	0.010725824	-5.8365127	0.014177642
192	0.010458788	-5.8371442	0.012321267
192.64	0.0099680497	-5.8374829	0.011394173
193.28	0.0099611842	-5.8377535	0.010043756
193.92	0.0099291117	-5.8376398	0.011044147
194.56	0.010051905	-5.8372092	0.013338305
195.2	0.010528203	-5.836717	0.012582937
195.84	0.011006551	-5.8364937	0.015109147
196.48	0.011109552	-5.8364783	0.013694833
197.12	0.011032234	-5.8365095	0.013510821
197.76	0.010746547	-5.8364561	0.013697638
198.4	0.01036128	-5.8370854	0.01180682
199.04	0.0099013177	-5.8373168	0.012919044
199.68	0.00993217	-5.8376649	0.010660846
200.32	0.0098703812	-5.8375763	0.011632561
200.96	0.010340863	-5.8372727	0.010389931
201.6	0.01054888	-5.8365945	0.015728843
202.24	0.010984281	-5.83687	0.013358102
202.88	0.01100607	-5.8361976	0.015571589
203.52	0.011035755	-5.8365275	0.014196236
204.16	0.010786901	-5.8369451	0.012093859
204.8	0.010442511	-5.8372631	0.012211352
205.44	0.0099849858	-5.8376182	0.010982921
206.08	0.0099418359	-5.8378341	0.010045773
206.72	0.0098647653	-5.8375609	0.012979689
207.36	0.01032299	-5.8373707	0.012307952
208	0.010712907	-5.836899	0.011951703
208.64	0.01102161	-5.8364108	0.013488389
209.28	0.011231798	-5.8362651	0.015497971
209.92	0.011056705	-5.8368758	0.014643007
210.56	0.010806847	-5.8367578	0.013976006
211.2	0.010387757	-5.8373468	0.01136299
211.84	0.0099368559	-5.8376699	0.011057312
212.48	0.0098933402	-5.8376621	0.010050918
213.12	0.010023416	-5.837817	0.012038362
213.76	0.010351458	-5.8375818	0.011964816
214.4	0.010808636	-5.836897	0.013004189
215.04	0.010938971	-5.8361321	0.013343315
215.68	0.011278662	-5.8363886	0.015648952
216.32	0.011099947	-5.836821	0.016403437
216.96	0.010664033	-5.8372881	0.014509904
217.6	0.010252033	-5.8374872	0.010429155
218.24	0.009863586	-5.8375206	0.010807086
218.88	0.0098425048	-5.8378825	0.011273946
219.52	0.0098355818	-5.8375428	0.011642579
220.16	0.010194106	-5.8371211	0.012977817
220.8	0.010720019	-5.8365849	0.012585521
221.44	0.011173622	-5.8365595	0.016792352
222.08	0.010956484	-5.835704	0.016130812
222.72	0.011020496	-5.8366157	0.012684707
223.36	0.010519938	-5.8368014	0.013772388
224	0.010110713	-5.8373807	0.012604754
224.64	0.0098661725	-5.837887	0.011100168
225.28	0.009786841	-5.8376333	0.010342079
225.92	0.01002063	-5.8373121	0.01180804
226.56	0.010393095	-5.8369317	0.015510608
227.2	0.010863622	-5.8366126	0.014079557
227.84	0.011219108	-5.8363439	0.013778783
228.48	0.011173832	-5.8364749	0.013963516
229.12	0.010720179	-5.8366575	0.013717676
229.76	0.010717152	-5.8374758	0.010868861
230.4	0.0099549403	-5.8371039	0.011828975
231.04	0.0098566574	-5.8376845	0.011449351
231.68	0.0098157738	-5.8376022	0.011206367
232.32	0.010098571	-5.8372704	0.012156741
232.96	0.010466139	-5.8370154	0.0119661
233.6	0.010670914	-5.8363808	0.014812119
234.24	0.011112131	-5.8366323	0.013978316
234.88	0.011052273	-5.8368118	0.014910022
235.52	0.010831075	-5.8370929	0.0096973442
236.16	0.010351796	-5.8372731	0.010200326
236.8	0.0099477204	-5.837671	0.0095251661
237.44	0.010001928	-5.8380256	0.0093602231
238.08	0.0099141645	-5.837617	0.0093384595
238.72	0.010200347	-5.8376619	0.01108905
239.36	0.010682965	-5.8373921	0.012218392
240	0.010849401	-5.8365628	0.015296131
240.64	0.011056762	-5.8362728	0.01508861
241.28	0.010866355	-5.8365357	0.014770295
241.92	0.010858157	-5.8368895	0.014731872
242.56	0.010288066	-5.8373925	0.011935152
243.2	0.009969505	-5.8376671	0.011024365
243.84	0.010038927	-5.8381134	0.012031253
244.48	0.009917159	-5.8376502	0.012022651
245.12	0.010292661	-5.8377561	0.00928584
245.76	0.010587028	-5.8371943	0.012827295
246.4	0.011019637	-5.8369064	0.012441058
247.04	0.010937371	-5.8367183	0.014556975
247.68	0.011003743	-5.8366702	0.012963162
248.32	0.010788003	-5.8370036	0.012183503
248.96	0.010398361	-5.8377757	0.011125191
249.6	0.010034163	-5.8378094	0.012630345
250.24	0.0099020543	-5.8381724	0.01023714
250.88	0.010083034	-5.8378955	0.010580221
251.52	0.010318722	-5.8377405	0.012473
252.16	0.010601974	-5.8371636	0.013967122
252.8	0.010959199	-5.8369927	0.014618207
253.44	0.011166093	-5.8367882	0.016789935
254.08	0.010958399	-5.8366916	0.014769456
254.72	0.010613427	-5.8369896	0.012410973
255.36	0.010422805	-5.8375358	0.010515245
256	0.010062993	-5.8379717	0.0097706839
256.64	0.0099917238	-5.8380719	0.010515101
257.28	0.010044822	-5.8379459	0.011568609
257.92	0.010289442	-5.8374484	0.0083957452
258.56	0.010746817	-5.8372112	0.010874858
259.2	0.010942735	-5.8367569	0.014159163
259.84	0.011164281	-5.8367601	0.01303409
260.48	0.011032772	-5.8373566	0.012958576
261.12	0.010337207	-5.8367872	0.013274028
261.76	0.010183151	-5.8374106	0.012209768
262.4	0.0098909107	-5.8376428	0.010571657
263.04	0.010086705	-5.8379592	0.010032198
263.68	0.010127139	-5.8377883	0.010864415
264.32	0.010234139	-5.8373651	0.012513121
264.96	0.010647679	-5.836896	0.012876194
265.6	0.010974282	-5.8367687	0.012884922
266.24	0.011101112	-5.8369297	0.014233394
266.88	0.010879828	-5.8370103	0.011950844
267.52	0.01056284	-5.8374536	0.011173094
268.16	0.010173124	-5.8376251	0.011677725
268.8	0.0099144545	-5.8376986	0.011507141
269.44	0.0098783926	-5.8378244	0.011956977
270.08	0.010174063	-5.837901	0.0091559738
270.72	0.010525457	-5.8374525	0.013119764
271.36	0.010778693	-5.8371836	0.016801503
272	0.010989561	-5.8367664	0.015244752
272.64	0.010913331	-5.8368926	0.013202155
273.28	0.010886766	-5.8371164	0.014242011
273.92	0.010447555	-5.8370626	0.012232183
274.56	0.010117731	-5.8374843	0.0099958307
275.2	0.0097658099	-5.8375859	0.011889981
275.84	0.010068608	-5.8380194	0.01077796
276.48	0.010202187	-5.837862	0.0094445861
277.12	0.010542348	-5.8373185	0.0099127153
277.76	0.010946893	-5.8373179	0.013586318
278.4	0.01116153	-5.8372276	0.013566554
279.04	0.011021886	-5.8366618	0.011879824
279.68	0.010732432	-5.8369534	0.010506617
280.32	0.010444428	-5.8374032	0.0098211194
280.96	0.0099631921	-5.8373194	0.013463958
281.6	0.0098227571	-5.837693	0.012153079
282.24	0.0099787487	-5.8379204	0.0093258379
282.88	0.010124413	-5.8378021	0.011398532
283.52	0.010495158	-5.8371939	0.013770593
284.16	0.010629924	-5.8364852	0.013889051
284.8	0.011104636	-5.8366606	0.015286908
285.44	0.010888539	-5.836767	0.013975717
286.08	0.010641326	-5.8369073	0.016504917
286.72	0.010593786	-5.8378848	0.010692062
287.36	0.01003327	-5.8372216	0.010700599
288	0.010152019	-5.8382464	0.01130802
288.64	0.010201154	-5.837787	0.010439287
289.28	0.010263488	-5.8377017	0.010842666
289.92	0.010565223	-5.8370897	0.011946364
290.56	0.010898777	-5.8367713	0.012103949
291.2	0.011071493	-5.8368443	0.012218172
291.84	0.010832587	-5.836741	0.013443823
292.48	0.010697359	-5.8368823	0.013521064
293.12	0.01038674	-5.8374318	0.011566798
293.76	0.010115289	-5.8377154	0.011136892
294.4	0.0099193527	-5.837946	0.0086666243
295.04	0.0099954735	-5.8380172	0.010779112
295.68	0.010099995	-5.8373978	0.015221827
296.32	0.010607412	-5.837119	0.013653717
296.96	0.011042552	-5.8365276	0.012953322
297.6	0.011059451	-5.8368485	0.014775086
298.24	0.010942753	-5.8370192	0.013246277
298.88	0.010761002	-5.837496	0.013057002
299.52	0.010376086	-5.8375098	0.013069926
300.16	0.010128332	-5.8376555	0.0091843606
300.8	0.0099883694	-5.8379268	0.0095628196
301.44	0.010074569	-5.8379125	0.010373496
302.08	0.010626602	-5.8376153	0.009988072
302.72	0.010638197	-5.8371069	0.010873903
303.36	0.010904381	-5.8367774	0.014825069
304	0.011070956	-5.836873	0.0144292
304.64	0.010682721	-5.8369586	0.012220668
305.28	0.010739206	-5.8373997	0.010643274
305.92	0.010131413	-5.8375699	0.011769092
306.56	0.010037899	-5.8379049	0.010453704
307.2	0.010210327	-5.8380189	0.0087104637
307.84	0.009997967	-5.8374079	0.012113287
308.48	0.010337963	-5.8373515	0.012208981
309.12	0.010755148	-5.836978	0.015420288
309.76	0.011097184	-5.8367503	0.01391397
310.4	0.01100117	-5.8368545	0.015429212
311.04	0.010857056	-5.8367587	0.014467622
311.68	0.010461539	-5.8373237	0.012467097
312.32	0.010150233	-5.8375248	0.011178773
312.96	0.010032993	-5.8380076	0.011376628
313.6	0.0099158095	-5.837929	0.010147907
314.24	0.0099360359	-5.837492	0.012373229
314.88	0.010460051	-5.8374009	0.011965026
315.52	0.010950118	-5.8372523	0.0087248719
316.16	0.010916863	-5.8367194	0.014736441
316.8	0.010994254	-5.8365191	0.012258474
317.44	0.010952917	-5.8373466	0.013509659
318.08	0.010471574	-5.8375665	0.013309655
318.72	0.0099782582	-5.8377176	0.0097485586
319.36	0.010005305	-5.837941	0.0098030673
320	0.0099617801	-5.8381517	0.010188897
320.64	0.010223275	-5.8377398	0.010977312
321.28	0.010555581	-5.8376409	0.012955461
321.92	0.010876011	-5.8366496	0.013332375
322.56	0.010882738	-5.8367117	0.013555866
323.2	0.010978542	-5.8367745	0.01225274
323.84	0.010737483	-5.8373356	0.011608148
324.48	0.010366734	-5.8375231	0.012207448
325.12	0.010114589	-5.8376033	0.0099336327
325.76	0.010068172	-5.8379885	0.0092421996
326.4	0.010002263	-5.837965	0.011690062
327.04	0.010180192	-5.8376363	0.010992644
327.68	0.010790254	-5.8374093	0.010703074
328.32	0.01089658	-5.8369621	0.0095665142
328.96	0.011010322	-5.8367457	0.014556581
329.6	0.010965574	-5.8368065	0.012530691
330.24	0.010436718	-5.8369521	0.013707428
330.88	0.010309238	-5.8373904	0.011889857
331.52	0.010089337	-5.8376761	0.0096380495
332.16	0.010076918	-5.8384248	0.010261001
332.8	0.010079078	-5.8379552	0.0079941368
333.44	0.010159109	-5.8374252	0.013359379
334.08	0.010719843	-5.8373385	0.013021906
334.72	0.010848734	-5.8367797	0.013839189
335.36	0.010953234	-5.836618	0.011431313
336	0.010857538	-5.8364059	0.014245819
336.64	0.010589231	-5.8373698	0.013840363
337.28	0.010312385	-5.8375018	0.011090348
337.92	0.010035612	-5.8378977	0.0089388585
338.56	0.0099967713	-5.8380811	0.0088326799
339.2	0.010037682	-5.8377639	0.010319256
339.84	0.010460226	-5.8376411	0.012636448
340.48	0.010614797	-5.8370006	0.013115964
341.12	0.010862215	-5.8365564	0.012377513
341.76	0.01111075	-5.8365939	0.014017226
342.4	0.010836645	-5.8368159	0.012433493
343.04	0.010698276	-5.8373899	0.011543109
343.68	0.010131956	-5.8372519	0.011471045
344.32	0.010058697	-5.8376435	0.010992676
344.96	0.010102264	-5.8380581	0.010881974
345.6	0.010044384	-5.8377713	0.0098695329
346.24	0.010237837	-5.8372527	0.014278457
346.88	0.010843678	-5.8372504	0.012882593
347.52	0.010920702	-5.836615	0.014278952
348.16	0.011104846	-5.8368473	0.012903297
348.8	0.010793043	-5.8369754	0.015425544
349.44	0.010677663	-5.8375063	0.0095140582
350.08	0.0098879978	-5.8375727	0.011194668
350.72	0.010031542	-5.8378273	0.011045394
351.36	0.0098027402	-5.8379849	0.011030532
352	0.010249725	-5.8379441	0.012122269
352.64	0.010481818	-5.8374632	0.012832347
353.28	0.010772238	-5.8370566	0.013365822
353.92	0.010930498	-5.8367226	0.016317236
354.56	0.011085886	-5.8371205	0.015122269
355.2	0.010725333	-5.8368463	0.012942155
355.84	0.01055447	-5.8372691	0.013036606
356.48	0.010022048	-5.8372401	0.012719657
357.12	0.010014808	-5.8380681	0.010668073
357.76	0.0099734894	-5.8379709	0.013017624
358.4	0.010159261	-5.8375408	0.011087089
359.04	0.01039795	-5.8371994	0.013993097
359.68	0.01101371	-5.8371228	0.012695244
360.32	0.011143214	-5.8368954	0.014314011
360.96	0.010920588	-5.8366347	0.013902836
361.6	0.010940539	-5.8371636	0.012653774
362.24	0.010501597	-5.8374158	0.0090031694
362.88	0.009857964	-5.8372299	0.012466807
363.52	0.010082249	-5.8379723	0.010095493
364.16	0.010085103	-5.8377028	0.011195338
364.8	0.010265988	-5.8378374	0.0093917315
365.44	0.010710318	-5.8372843	0.013701095
366.08	0.010878948	-5.8369749	0.010575333
366.72	0.011029206	-5.8367825	0.012095736
367.36	0.010956871	-5.8368289	0.012961751
368	0.010802563	-5.837313	0.012418913
368.64	0.010403489	-5.8376271	0.011244286
369.28	0.010176968	-5.8377682	0.010616983
369.92	0.0099049012	-5.8379181	0.01090449
370.56	0.010007158	-5.8378725	0.009945149
371.2	0.010309637	-5.8378494	0.011967954
371.84	0.010585225	-5.837195	0.01337652
372.48	0.010740755	-5.8367697	0.016153942
373.12	0.011187432	-5.8370168	0.013961103
373.76	0.0110339	-5.8367908	0.013563791
374.4	0.010695811	-5.8374639	0.012409856
375.04	0.010607722	-5.8377447	0.010510077
375.68	0.0099475038	-5.8376185	0.013397249
376.32	0.0099714339	-5.8377252	0.008367404
376.96	0.0099515193	-5.8377295	0.011999924
377.6	0.010365309	-5.8373783	0.012305815
378.24	0.010584083	-5.8371661	0.013240943
378.88	0.010928934	-5.8367157	0.013919739
379.52	0.011117469	-5.836647	0.013986852
380.16	0.010854357	-5.8370462	0.013181431
380.8	0.010646685	-5.8372025	0.0099634033
381.44	0.010242299	-5.837457	0.011581649
382.08	0.010095468	-5.8378333	0.0084491191
382.72	0.0098054495	-5.8377269	0.011288892
383.36	0.010173544	-5.8379	0.010567472
384	0.010341995	-5.8376781	0.014516081
384.64	0.010713886	-5.8370904	0.011991097
385.28	0.011069899	-5.836837	0.012616403
385.92	0.010973496	-5.8368615	0.012740824
386.56	0.010705467	-5.8366292	0.013602908
387.2	0.010528207	-5.8371769	0.01179087
387.84	0.010040739	-5.8375637	0.011674648
388.48	0.01008481	-5.8377918	0.011175861
389.12	0.010063728	-5.8378667	0.011516783
389.76	0.009922537	-5.8374717	0.0093647152
390.4	0.01045425	-5.8375264	0.011592606
391.04	0.010727289	-5.8370219	0.013060482
391.68	0.010906809	-5.8366294	0.011482918
392.32	0.011156164	-5.8368	0.011701522
392.96	0.010737674	-5.8369279	0.015001631
393.6	0.010528839	-5.8375026	0.012566072
394.24	0.010396553	-5.8378771	0.010704506
394.88	0.0099688851	-5.8379379	0.010549461
395.52	0.0098673415	-5.8379552	0.011735422
396.16	0.010071065	-5.8376677	0.0088770906
396.8	0.010680104	-5.8375829	0.01172833
397.44	0.01065776	-5.8367927	0.014791688
398.08	0.010992773	-5.8368712	0.01240686
398.72	0.011064716	-5.8368699	0.015319717
399.36	0.010931933	-5.8371316	0.013471151
400	0.010385187	-5.8371797	0.013216348
400.64	0.010059754	-5.8378808	0.0095505735
401.28	0.0097934921	-5.8377958	0.010249707
401.92	0.0098979716	-5.8379309	0.0098781755
402.56	0.010146128	-5.8375215	0.012725796
403.2	0.010478459	-5.8370799	0.011817294
403.84	0.01073965	-5.8368412	0.014219102
404.48	0.010883486	-5.8365896	0.012979256
405.12	0.011124028	-5.8369828	0.014866368
405.76	0.010677239	-5.8371859	0.012707007
406.4	0.010509237	-5.8375747	0.01223341
407.04	0.010225859	-5.8376907	0.011176955
407.68	0.0099269286	-5.8379425	0.008715057
408.32	0.0099029244	-5.8377737	0.010172208
408.96	0.010350195	-5.8378078	0.0099063929
409.6	0.010605352	-5.8373379	0.01120923
410.24	0.010914136	-5.836936	0.013915345
410.88	0.011045249	-5.8370213	0.014277566
411.52	0.011006937	-5.8369126	0.011525215
412.16	0.010500329	-5.83689	0.014003693
412.8	0.010517652	-5.8377032	0.010778332
413.44	0.010011009	-5.8376844	0.011172096
414.08	0.0098385744	-5.8378137	0.0098140613
414.72	0.010135048	-5.8380547	0.011597979
415.36	0.01029367	-5.8374462	0.012226069
416	0.010593814	-5.837407	0.012197378
416.64	0.010766839	-5.836585	0.013129548
417.28	0.01091264	-5.8366597	0.01237271
417.92	0.01113141	-5.8369498	0.013415774
418.56	0.010498433	-5.8370159	0.014325758
419.2	0.010345508	-5.8376323	0.012062667
419.84	0.010048993	-5.8376471	0.0099074725
420.48	0.01003477	-5.8380643	0.008983135
421.12	0.010127373	-5.8377669	0.011307779
421.76	0.010291968	-5.8376601	0.010920637
422.4	0.010586388	-5.8369165	0.011947564
423.04	0.010968491	-5.8369895	0.013255217
423.68	0.010690223	-5.8364959	0.01655305
424.32	0.010855339	-5.8369226	0.013957951
424.96	0.010673172	-5.8374642	0.013935903
425.6	0.010343344	-5.8376048	0.011335141
426.24	0.010085349	-5.8381225	0.0090838328
426.88	0.010064883	-5.8379237	0.010999295
427.52	0.010261494	-5.8375503	0.010179648
428.16	0.01036991	-5.8374649	0.012348868
428.8	0.010757053	-5.8367804	0.012331094
429.44	0.011002375	-5.8368738	0.012362592
430.08	0.011035381	-5.8368468	0.013277428
430.72	0.010836435	-5.8369274	0.014807213
431.36	0.010619086	-5.8375805	0.014597836
432	0.010187176	-5.8376989	0.013750245
432.64	0.01013841	-5.8379548	0.0094959346
433.28	0.0098709689	-5.8376175	0.0098842041
433.92	0.010286861	-5.8375486	0.012245528
434.56	0.010307842	-5.8371797	0.013075496
435.2	0.0106246	-5.8369138	0.013023182
435.84	0.010995498	-5.8371221	0.012206476
436.48	0.010957563	-5.8369673	0.013375592
437.12	0.01083897	-5.837218	0.01303537
437.76	0.010536757	-5.8371084	0.012838699
438.4	0.010104388	-5.8375895	0.01146515
439.04	0.0099442497	-5.8377048	0.0092570737
439.68	0.0099035458	-5.8378179	0.010372246
440.32	0.010197419	-5.8375551	0.013108123
440.96	0.010471176	-5.8373377	0.010131488
441.6	0.010800359	-5.8369102	0.013399333
442.24	0.0110179	-5.8368134	0.013295683
442.88	0.010876274	-5.836666	0.015004335
443.52	0.010764445	-5.8370649	0.014129934
444.16	0.010447576	-5.8375846	0.014104248
444.8	0.01011988	-5.837459	0.012470365
445.44	0.0096976335	-5.8375996	0.011909193
446.08	0.010069454	-5.8378748	0.0095991634
446.72	0.010205504	-5.8375811	0.010617359
447.36	0.010612731	-5.8373134	0.012232854
448	0.010776473	-5.8368184	0.013269072
448.64	0.011096926	-5.8371496	0.014063923
449.28	0.010924847	-5.8368524	0.013897003
449.92	0.010782494	-5.8372873	0.011217167
450.56	0.010417873	-5.8375273	0.012404318
451.2	0.010255342	-5.8376087	0.01168267
451.84	0.01007712	-5.8379721	0.012885912
452.48	0.010218748	-5.8377301	0.0092286116
453.12	0.01039058	-5.8378008	0.010748844
453.76	0.010666089	-5.8371606	0.01336293
454.4	0.010867579	-5.8370948	0.014609599
455.04	0.010952238	-5.8367208	0.014730747
455.68	0.010968345	-5.837055	0.013274751
456.32	0.010810943	-5.8374208	0.013049667
456.96	0.010333957	-5.8373142	0.012097932
457.6	0.010102088	-5.8376268	0.011016442
458.24	0.009990219	-5.8379333	0.010938808
458.88	0.010160551	-5.8379866	0.012706944
459.52	0.010424211	-5.8375138	0.011540669
460.16	0.010593562	-5.8368582	0.011902852
460.8	0.010758508	-5.8366158	0.012380552
461.44	0.011069022	-5.8370629	0.013444087
462.08	0.01101698	-5.8371952	0.011035653
462.72	0.010451872	-5.8370686	0.014004657
463.36	0.010233285	-5.8375381	0.011993511
464	0.010079678	-5.8377964	0.010751328
464.64	0.010000965	-5.8378294	0.011374243
465.28	0.010034855	-5.8375668	0.010702703
465.92	0.010362722	-5.8374808	0.013272
466.56	0.010666189	-5.8371795	0.011370754
467.2	0.010966171	-5.8370484	0.013734053
467.84	0.011014257	-5.8367592	0.012460719
468.48	0.010874253	-5.8369927	0.012396329
469.12	0.010607379	-5.8374003	0.012883117
469.76	0.01040207	-5.8377617	0.01111543
470.4	0.01014822	-5.838011	0.010827449
471.04	0.0099630622	-5.8378258	0.010926563
471.68	0.010115065	-5.8377476	0.010900797
472.32	0.01042657	-5.8372698	0.0092479366
472.96	0.010666061	-5.8370606	0.011100975
473.6	0.010934022	-5.8370171	0.012264744
474.24	0.011022125	-5.8365926	0.012402219
474.88	0.01085954	-5.8369447	0.012962541
475.52	0.010378725	-5.8370486	0.013769989
476.16	0.010083676	-5.8375295	0.01184448
476.8	0.010020875	-5.837611	0.0095572626
477.44	0.010177596	-5.8380331	0.0095339259
478.08	0.010224645	-5.8376068	0.012647413
478.72	0.01048018	-5.8373359	0.012622998
479.36	0.01065823	-5.8369832	0.012704395
480	0.010905403	-5.8366592	0.013370512
480.64	0.011127595	-5.8368993	0.012794634
481.28	0.010589124	-5.8368459	0.016031492
481.92	0.010338341	-5.8370389	0.011641164
482.56	0.010050705	-5.8375449	0.012471723
483.2	0.010050867	-5.8378604	0.0095897872
483.84	0.0099891272	-5.8378741	0.011320372
484.48	0.010017198	-5.8373252	0.011152589
485.12	0.01046413	-5.8373789	0.011444784
485.76	0.010693946	-5.83693	0.014783863
486.4	0.010818697	-5.8368668	0.013744004
487.04	0.011151783	-5.8369257	0.011557105
487.68	0.011020832	-5.8371935	0.01359572
488.32	0.010387633	-5.8373443	0.01288276
488.96	0.010190187	-5.8375195	0.0084962043
489.6	0.010171652	-5.8379894	0.01048826
490.24	0.010146665	-5.8380064	0.0095792172
490.88	0.010078726	-5.8372215	0.011124903
491.52	0.010628918	-5.8375311	0.013377196
492.16	0.010678839	-5.8366858	0.015544775
492.8	0.011023889	-5.8366883	0.013157875
493.44	0.010895372	-5.8367224	0.014258833
494.08	0.010782507	-5.8371174	0.013086893
494.72	0.010521831	-5.8374273	0.011167628
495.36	0.010082884	-5.8377276	0.010353057
496	0.0099226851	-5.8377918	0.010432967
496.64	0.010088982	-5.8375868	0.011096828
497.28	0.010262222	-5.8375135	0.011628946
497.92	0.010488904	-5.8370544	0.01264068
498.56	0.010851787	-5.8370019	0.01377029
499.2	0.01115955	-5.8370182	0.01042176
499.84	0.010921968	-5.8370462	0.011939467
