0	0.0077438953	-5.8369511	0.022179216
0.64	0.0081806686	-5.8375413	0.021024421
1.28	0.0081976422	-5.8382219	0.0198991
1.92	0.0075037948	-5.8386623	0.018393591
2.56	0.0071561183	-5.8399641	0.014908861
3.2	0.0068873979	-5.8401739	0.018030009
3.84	0.0067478582	-5.8406192	0.01797509
4.48	0.0067321412	-5.8403681	0.020070633
5.12	0.007639107	-5.8404703	0.01503563
5.76	0.0083540288	-5.8404718	0.014158158
6.4	0.0082421839	-5.8399601	0.018744334
7.04	0.0079908554	-5.839975	0.017060705
7.68	0.0076846608	-5.8406088	0.015547746
8.32	0.0072764514	-5.841355	0.013407381
8.96	0.0069045256	-5.841356	0.014953421
9.6	0.0069849024	-5.8418562	0.014014355
10.24	0.0068783062	-5.8410778	0.013938507
10.88	0.0072873469	-5.8407	0.016238653
11.52	0.0077040264	-5.8401391	0.014007894
12.16	0.008040312	-5.8398741	0.018077748
12.8	0.0081422607	-5.8398202	0.018062663
13.44	0.0081030573	-5.8403493	0.016956616
14.08	0.0075272726	-5.840559	0.015783237
14.72	0.0071241689	-5.8409695	0.016054899
15.36	0.0069068143	-5.8418283	0.013016439
16	0.0068499567	-5.8416345	0.014712521
16.64	0.0071213539	-5.8413402	0.011918498
17.28	0.0073716622	-5.8411296	0.013447058
17.92	0.0079572987	-5.8406094	0.01499553
18.56	0.0081362205	-5.8401389	0.01613538
19.2	0.008140388	-5.8399177	0.014892963
19.84	0.0079006695	-5.8405038	0.016151966
20.48	0.0075725802	-5.8406481	0.013404
21.12	0.0074286266	-5.8418091	0.01200653
21.76	0.0070957508	-5.8420988	0.0089404273
22.4	0.0068409769	-5.8421939	0.0082848175
23.04	0.0069161098	-5.8422157	0.0074968586
23.68	0.007251074	-5.8424243	0.0091529844
24.32	0.0076084106	-5.842284	0.0097511307
24.96	0.0078583072	-5.8421246	0.011224381
25.6	0.0079707791	-5.8417144	0.011824681
26.24	0.0078367165	-5.8416495	0.010914113
26.88	0.0076125121	-5.841645	0.010245167
27.52	0.007374387	-5.8425938	0.0099851691
28.16	0.0072039513	-5.8428013	0.009296479
28.8	0.0070848684	-5.8425935	0.0083844688
29.44	0.0072874215	-5.8428675	0.0069708437
30.08	0.0074377445	-5.8430495	0.0098565634
30.72	0.0074940035	-5.8426327	0.01009782
31.36	0.0077702978	-5.8428685	0.0086282573
32	0.0077340274	-5.8421768	0.0097266099
32.64	0.0077029505	-5.8419285	0.0083008969
33.28	0.0077007624	-5.8425393	0.010156199
33.92	0.0074292795	-5.8426621	0.0074329773
34.56	0.0072835038	-5.8427949	0.0070309683
35.2	0.007289722	-5.8432713	0.0088054203
35.84	0.0071444501	-5.8426938	0.0075406546
36.48	0.0075108531	-5.843379	0.0057942009
37.12	0.0075635822	-5.842502	0.007772914
37.76	0.0076010499	-5.8422921	0.0080291417
38.4	0.007692375	-5.8424794	0.0081460267
39.04	0.0077684088	-5.8425986	0.0078669014
39.68	0.0076293478	-5.842246	0.0075873392
40.32	0.0076349661	-5.8430305	0.0081932991
40.96	0.0073722805	-5.8429454	0.010273729
41.6	0.0072757013	-5.8429802	0.0085409989
42.24	0.0072407792	-5.8428785	0.005944233
42.88	0.0074288008	-5.8427623	0.0080919305
43.52	0.0075015924	-5.8424797	0.0070977717
44.16	0.007627189	-5.842687	0.008359028
44.8	0.0078451306	-5.8425559	0.0079647635
45.44	0.0077814004	-5.8422977	0.011417353
46.08	0.0077522904	-5.8428316	0.0081795524
46.72	0.0074632703	-5.8425101	0.0087846142
47.36	0.0073878788	-5.8428391	0.0083403051
48	0.0072989666	-5.8430654	0.0054636279
48.64	0.0071625332	-5.842843	0.0087628754
49.28	0.0072752274	-5.8428518	0.0087015934
49.92	0.007563343	-5.8427774	0.0083005738
50.56	0.0076400808	-5.842374	0.0064572501
51.2	0.0078242829	-5.8426844	0.0091955123
51.84	0.0077322918	-5.8426525	0.010157517
52.48	0.0074850297	-5.842198	0.0072553854
53.12	0.0073782547	-5.8427322	0.0082610118
53.76	0.0072674381	-5.8423542	0.0049668255
54.4	0.0071516644	-5.8428854	0.0089383866
55.04	0.0072612844	-5.8429408	0.0069973893
55.68	0.0073773719	-5.842917	0.0073219357
56.32	0.0074808938	-5.8425829	0.0081289121
56.96	0.0077488909	-5.8426516	0.009023497
57.6	0.0077215662	-5.8425126	0.0086725105
58.24	0.0077197024	-5.8426393	0.0072438895
58.88	0.0075738559	-5.8427601	0.0077700498
59.52	0.0074824808	-5.8429633	0.0087398382
60.16	0.0073537448	-5.8427487	0.0042755999
60.8	0.0073397979	-5.8428938	0.006230131
61.44	0.0073130769	-5.8431473	0.0082844539
62.08	0.0074109297	-5.8426988	0.0068403573
62.72	0.007639358	-5.8424657	0.0076729446
63.36	0.0076035554	-5.8425044	0.0083187628
64	0.0076904062	-5.8425701	0.0091511468
64.64	0.0077492446	-5.842856	0.0079117832
65.28	0.0073852167	-5.8425907	0.0096128869
65.92	0.0074845232	-5.8430129	0.006531241
66.56	0.0072407884	-5.8430743	0.0080726816
67.2	0.0072937809	-5.8430943	0.0085043135
67.84	0.0071432942	-5.8427363	0.0073569048
68.48	0.007428676	-5.8427852	0.010181575
69.12	0.0075966543	-5.8426344	0.0089130057
69.76	0.0076186777	-5.8424059	0.0077671573
70.4	0.0076248935	-5.8423355	0.008557064
71.04	0.0076798107	-5.8426921	0.0087279722
71.68	0.0075123422	-5.8428766	0.0077141635
72.32	0.0073635893	-5.8429902	0.0082799117
72.96	0.0072252702	-5.8426483	0.0072791485
73.6	0.0072605856	-5.8431054	0.0087258952
74.24	0.0072883944	-5.8430985	0.0076067442
74.88	0.0074268816	-5.8428468	0.0059299146
75.52	0.0076673152	-5.8428182	0.0085395789
76.16	0.0078865471	-5.8423703	0.010458399
76.8	0.0077614915	-5.8425836	0.0089974343
77.44	0.0076466864	-5.8427363	0.0074679662
78.08	0.0075334313	-5.842394	0.0065473299
78.72	0.0073568788	-5.8425928	0.0067126442
79.36	0.0072137603	-5.8430743	0.00749371
80	0.0071961904	-5.8430163	0.0081980537
80.64	0.0073666407	-5.8428402	0.0069795465
81.28	0.0075212862	-5.8426038	0.0072199708
81.92	0.0076590053	-5.8425156	0.0084364483
82.56	0.0076331549	-5.8422561	0.0092845272
83.2	0.0078603374	-5.8426026	0.0064052809
83.84	0.0076921801	-5.8428469	0.0073716318
84.48	0.0075010041	-5.8425486	0.0081883913
85.12	0.0072455715	-5.8427283	0.0074958431
85.76	0.007313839	-5.8429463	0.0072602051
86.4	0.0071879578	-5.8428452	0.0064672322
87.04	0.0073019902	-5.8430333	0.0060786083
87.68	0.0075535175	-5.8429518	0.0065158226
88.32	0.007612856	-5.8427747	0.0092789911
88.96	0.0078334466	-5.8426483	0.0091464372
89.6	0.0077047019	-5.842611	0.009837243
90.24	0.0075925827	-5.842744	0.0092873784
90.88	0.0073656781	-5.8429155	0.0072959197
91.52	0.0072997315	-5.8430749	0.0069070399
92.16	0.0073347453	-5.8430099	0.0054718291
92.8	0.0072998919	-5.8429289	0.0060971249
93.44	0.0075010236	-5.8432202	0.0075661357
94.08	0.0075869957	-5.8427256	0.0091171674
94.72	0.0078932968	-5.8425809	0.0065536352
95.36	0.0078454106	-5.8426025	0.0079769745
96	0.0077828006	-5.8425158	0.0084829189
96.64	0.00744489	-5.842825	0.0080340803
97.28	0.0073894722	-5.8430254	0.0079338726
97.92	0.0072839615	-5.84277	0.0074898137
98.56	0.0072608392	-5.8429078	0.0066389834
99.2	0.0074633686	-5.8431955	0.0067534
99.84	0.0073359267	-5.8427142	0.0065523957
100.48	0.0076453016	-5.8427596	0.0084640929
101.12	0.0077905638	-5.8426006	0.0083218255
101.76	0.0077873582	-5.8423013	0.0068244444
102.4	0.007698402	-5.8427785	0.0079006841
103.04	0.0074665669	-5.8427691	0.0097938691
103.68	0.0074420008	-5.8428408	0.0079462408
104.32	0.0074198544	-5.8431117	0.0049470608
104.96	0.0073964241	-5.8429742	0.0083496843
105.6	0.0073189447	-5.8429765	0.0068960279
106.24	0.0073973679	-5.84283	0.0071319486
106.88	0.0074685828	-5.8428215	0.0077983008
107.52	0.0077823368	-5.8423656	0.0065782735
108.16	0.0077981411	-5.8426139	0.0078786663
108.8	0.0075159126	-5.8421853	0.0093537741
109.44	0.0077318528	-5.8430925	0.0065391782
110.08	0.0073807172	-5.8429824	0.0081059068
110.72	0.007178803	-5.8428148	0.00712222
111.36	0.0072184124	-5.842983	0.0085653784
112	0.007197822	-5.8426399	0.00716944
112.64	0.0073440613	-5.8424895	0.0079840673
113.28	0.0077041171	-5.8424914	0.0077090366
113.92	0.0076279028	-5.8424867	0.007673082
114.56	0.0078194806	-5.8424801	0.0063987041
115.2	0.0075156095	-5.8423548	0.0096483402
115.84	0.0075318049	-5.8427343	0.0098176909
116.48	0.0073117812	-5.8427883	0.007202279
117.12	0.0072800528	-5.8429319	0.0065276632
117.76	0.0072633366	-5.8431201	0.0070062747
118.4	0.0073007772	-5.8427039	0.0080570889
119.04	0.0075056686	-5.8428764	0.008820157
119.68	0.0076708099	-5.8426115	0.0082597338
120.32	0.0077033057	-5.8425338	0.0078323513
120.96	0.0076306408	-5.8423836	0.0097057754
121.6	0.0075612447	-5.8427358	0.010703574
122.24	0.007551615	-5.8426766	0.0067739228
122.88	0.0072077809	-5.8431755	0.0067080844
123.52	0.0072721905	-5.8431174	0.0072749673
124.16	0.0072221634	-5.8430667	0.0077936759
124.8	0.0073046934	-5.8425576	0.0073352455
125.44	0.0074740592	-5.8428452	0.0074071602
126.08	0.0076916591	-5.8426632	0.0078125776
126.72	0.0077449606	-5.8425074	0.0088776705
127.36	0.0077157514	-5.84267	0.0073647621
128	0.0076876014	-5.8427584	0.0078577776
128.64	0.0074379058	-5.8427433	0.0087230875
129.28	0.0073578494	-5.8427224	0.008567732
129.92	0.0072430736	-5.8429409	0.0068087356
130.56	0.0071035534	-5.8426655	0.0078989657
131.2	0.0073967322	-5.8427078	0.0083495782
131.84	0.0075487505	-5.8429828	0.0080434581
132.48	0.0075824545	-5.8423363	0.0098544919
133.12	0.0077466428	-5.8424103	0.010539393
133.76	0.0078242653	-5.8428737	0.0076226335
134.4	0.0075215726	-5.8425354	0.0086277316
135.04	0.0073954655	-5.8428864	0.0085661213
135.68	0.0071885918	-5.8429929	0.0079463197
136.32	0.007193828	-5.8430389	0.0079241363
136.96	0.0071519625	-5.8426981	0.0084827536
137.6	0.0073544944	-5.8430329	0.0066471046
138.24	0.0075319359	-5.8428337	0.0076689541
138.88	0.007659357	-5.8422901	0.0069743278
139.52	0.0077293728	-5.8424424	0.0080250521
140.16	0.0076453752	-5.8424054	0.0085041505
140.8	0.0074712573	-5.8425618	0.0095255478
141.44	0.0073936279	-5.8428825	0.0072427245
142.08	0.0072557872	-5.8431568	0.0069334656
142.72	0.0071915091	-5.8431797	0.0081470315
143.36	0.0072345615	-5.8428086	0.0080672656
144	0.0072446492	-5.8425859	0.0070166371
144.64	0.0075787955	-5.842606	0.0076779072
145.28	0.0075851857	-5.8424384	0.0093864629
145.92	0.0078464797	-5.8425145	0.0093977157
146.56	0.0076970867	-5.8424615	0.0094524907
147.2	0.0074760886	-5.8428437	0.0081476895
147.84	0.0074121585	-5.842584	0.008906676
148.48	0.0073312464	-5.8430859	0.0078517613
149.12	0.0071547845	-5.8429247	0.006105164
149.76	0.0072631645	-5.8427605	0.0076556339
150.4	0.0073344022	-5.8427311	0.0081434007
151.04	0.007661868	-5.8427281	0.0088263765
151.68	0.0078113363	-5.8426814	0.0070641372
152.32	0.007732551	-5.8423872	0.0092337012
152.96	0.0076441041	-5.8424761	0.0082565312
153.6	0.0074552189	-5.8426679	0.007930522
154.24	0.0072629601	-5.8427656	0.007358161
154.88	0.0071388771	-5.8429164	0.0062592876
155.52	0.007278424	-5.8430925	0.0057768268
156.16	0.0073049711	-5.8430578	0.0074154954
156.8	0.00751127	-5.8427812	0.010597933
157.44	0.0075311611	-5.8423714	0.0087768195
158.08	0.0078160139	-5.8427099	0.0081130785
158.72	0.0077369248	-5.8420862	0.0097444765
159.36	0.0076946987	-5.8425666	0.0073753211
160	0.0075553675	-5.8428395	0.0087814852
160.64	0.0073695536	-5.842962	0.0073239991
161.28	0.0072031988	-5.8428818	0.007617709
161.92	0.0072383647	-5.8430122	0.0046729243
162.56	0.0073071917	-5.8427327	0.009386316
163.2	0.0074403976	-5.8424003	0.0093834305
163.84	0.0076493983	-5.8427583	0.0078398136
164.48	0.0078247775	-5.8423299	0.0085135366
165.12	0.0076694952	-5.8422993	0.0094486224
165.76	0.0075999042	-5.842663	0.0075536971
166.4	0.0075079973	-5.8428683	0.0075945998
167.04	0.0072670511	-5.8429678	0.0069431546
167.68	0.0073210098	-5.8432541	0.0054487869
168.32	0.0073039783	-5.8429482	0.0068941788
168.96	0.0073576598	-5.8430963	0.0060854391
169.6	0.0075822779	-5.842896	0.0077650403
170.24	0.0076920347	-5.8426286	0.008024519
170.88	0.0076713552	-5.8424584	0.0084718823
171.52	0.0076748115	-5.8423336	0.0068309834
172.16	0.0075295736	-5.8425192	0.0097042429
172.8	0.0073193778	-5.8429298	0.0093929799
173.44	0.0072774175	-5.8430049	0.0066313145
174.08	0.0072627594	-5.8432039	0.0061971579
174.72	0.0073554652	-5.8429237	0.007112723
175.36	0.0074470248	-5.8429003	0.0067784637
176	0.0075538447	-5.8428353	0.0091168925
176.64	0.0075566352	-5.8424673	0.0075778135
177.28	0.007651361	-5.842543	0.0068886655
177.92	0.0076452368	-5.8424343	0.0094450879
178.56	0.0076607986	-5.8427306	0.0071722506
179.2	0.0073688608	-5.8429237	0.0081930785
179.84	0.0071815876	-5.8430992	0.0091454065
180.48	0.0073210485	-5.8432098	0.0048657577
181.12	0.0072386082	-5.8428385	0.0073545954
181.76	0.0074142612	-5.8427012	0.0079227309
182.4	0.0074843431	-5.8425589	0.0072023089
183.04	0.0078073265	-5.8426272	0.0070633585
183.68	0.0077092677	-5.8425274	0.0086837468
184.32	0.0078514602	-5.8428548	0.0066608916
184.96	0.0075949113	-5.8425923	0.0087276037
185.6	0.0072860206	-5.8430219	0.0079432359
186.24	0.0072606682	-5.8428988	0.0071757687
186.88	0.0073356123	-5.8430094	0.0073684795
187.52	0.0072563713	-5.8429057	0.0058992645
188.16	0.0074706103	-5.8426409	0.0082567721
188.8	0.0075613784	-5.8429715	0.0070866406
189.44	0.0077760637	-5.8426714	0.0087009231
190.08	0.0076398082	-5.8425469	0.0098791265
190.72	0.007516043	-5.8425892	0.0079519205
191.36	0.007545788	-5.8428004	0.0078811024
192	0.0073767023	-5.8428211	0.0060835175
192.64	0.0071656256	-5.843002	0.004940616
193.28	0.007256487	-5.8430538	0.0074876438
193.92	0.0073041489	-5.8428076	0.0073891717
194.56	0.00754064	-5.842857	0.0081962673
195.2	0.0076195567	-5.8426613	0.0085345623
195.84	0.0077476354	-5.8426435	0.0089656952
196.48	0.007662875	-5.8423029	0.0086965819
197.12	0.0075659949	-5.8425464	0.0081387922
197.76	0.0074664087	-5.8427405	0.0076737779
198.4	0.00728022	-5.8430206	0.0074489259
199.04	0.0071392866	-5.8429419	0.0079758944
199.68	0.0072233319	-5.8429514	0.0073287355
200.32	0.007360238	-5.8429867	0.0077945775
200.96	0.0074990872	-5.8429437	0.008263246
201.6	0.0076295215	-5.8423305	0.0080638586
202.24	0.0077627292	-5.8428418	0.0083530077
202.88	0.0076884938	-5.8424991	0.0099722993
203.52	0.0076100644	-5.8424192	0.0071963951
204.16	0.0073795149	-5.8424499	0.0083093185
204.8	0.0073437681	-5.8428434	0.0058491667
205.44	0.0072517417	-5.8426593	0.008922848
206.08	0.0073514064	-5.8430819	0.006085843
206.72	0.0074045474	-5.8428751	0.0076635319
207.36	0.0074149473	-5.8427109	0.0070086134
208	0.0075631976	-5.8425906	0.0080436856
208.64	0.0076815666	-5.8425059	0.0095788049
209.28	0.0076797725	-5.8421983	0.0072622965
209.92	0.0076439386	-5.8425612	0.0072483404
210.56	0.0073696841	-5.8427063	0.010376926
211.2	0.0072441437	-5.8429298	0.0086250477
211.84	0.0072127666	-5.8427904	0.007969398
212.48	0.0073079264	-5.8428435	0.0058488588
213.12	0.0073922677	-5.8429324	0.0081442847
213.76	0.007535517	-5.8428978	0.0094105327
214.4	0.0077416625	-5.8425932	0.0093322353
215.04	0.0077543813	-5.8428008	0.0086810291
215.68	0.0077318697	-5.8424621	0.0088363603
216.32	0.0074308072	-5.8426316	0.0087637292
216.96	0.0074516064	-5.8431897	0.0070967217
217.6	0.0074285509	-5.8431357	0.0058628415
218.24	0.0072007207	-5.8430768	0.008747035
218.88	0.0073272363	-5.843118	0.0083854422
219.52	0.007402122	-5.8431194	0.0085923899
220.16	0.007502354	-5.8426758	0.0078265725
220.8	0.0076815804	-5.8424733	0.0077743958
221.44	0.0077411949	-5.8422856	0.0073865137
222.08	0.0076422915	-5.8424438	0.0087660125
222.72	0.0075286949	-5.8425989	0.0079796563
223.36	0.0073818607	-5.8427033	0.0079478073
224	0.0072062958	-5.8428013	0.0080096234
224.64	0.0072623082	-5.8431059	0.0077696661
225.28	0.0073833454	-5.8431016	0.0070751316
225.92	0.0073785942	-5.8426625	0.0083663741
226.56	0.007584524	-5.8425441	0.0068495535
227.2	0.0077429998	-5.8427838	0.0079577844
227.84	0.0076533893	-5.8423507	0.0096549503
228.48	0.0078082299	-5.8428118	0.0084932252
229.12	0.0075192238	-5.8424567	0.0091917407
229.76	0.0073547525	-5.842975	0.0082997486
230.4	0.007348284	-5.8428868	0.0068568426
231.04	0.0072454658	-5.8430612	0.0072669061
231.68	0.0072798067	-5.8427281	0.0071345427
232.32	0.0075642967	-5.8430597	0.0092649801
232.96	0.0075972538	-5.8426097	0.0086011921
233.6	0.0077712606	-5.8426523	0.0096498295
234.24	0.0077017987	-5.8423664	0.0095283931
234.88	0.0076723099	-5.8425295	0.0086340446
235.52	0.0075072667	-5.8428697	0.0062907833
236.16	0.0073968471	-5.8431031	0.006271405
236.8	0.0073466607	-5.8430924	0.0064672943
237.44	0.0072290481	-5.8429741	0.0071472724
238.08	0.0073313941	-5.8428493	0.0080899318
238.72	0.0076011533	-5.8428119	0.007453968
239.36	0.007620721	-5.8426483	0.0084469837
240	0.0078821395	-5.842747	0.0066241662
240.64	0.0076822606	-5.8427039	0.0077539888
241.28	0.0075214972	-5.8424466	0.0095521506
241.92	0.0073707656	-5.8426232	0.007057552
242.56	0.0073385909	-5.8427879	0.0082087038
243.2	0.0072785765	-5.8429738	0.0065743373
243.84	0.0071624864	-5.8429482	0.0082421663
244.48	0.0073350518	-5.8428377	0.0068049359
245.12	0.0075442262	-5.8426153	0.0082005018
245.76	0.0076733028	-5.8426132	0.0085648503
246.4	0.007806734	-5.8423637	0.0094479801
247.04	0.0077305029	-5.8425461	0.0076845542
247.68	0.0075708069	-5.842736	0.0085330782
248.32	0.0073938386	-5.8428634	0.0069910954
248.96	0.0072759366	-5.8428836	0.0080772535
249.6	0.0073027223	-5.8430085	0.0071066956
250.24	0.0072489453	-5.843051	0.0071934194
250.88	0.0074454385	-5.8428975	0.008715477
251.52	0.0075617439	-5.8427661	0.007226874
252.16	0.0075901863	-5.8424001	0.008830975
252.8	0.0077454564	-5.8424512	0.0085077193
253.44	0.0076995319	-5.8425755	0.0076763
254.08	0.0075445009	-5.8424192	0.0084947706
254.72	0.0075429091	-5.8428143	0.0084183001
255.36	0.0071475284	-5.8428738	0.0081627393
256	0.0073093303	-5.8430835	0.0069575555
256.64	0.0071707696	-5.8430305	0.0068673364
257.28	0.0073676702	-5.8429125	0.0072105641
257.92	0.0075708961	-5.8425922	0.0078178999
258.56	0.0076155193	-5.8425692	0.009816252
259.2	0.0075973181	-5.8425269	0.0083731726
259.84	0.0077294393	-5.8425287	0.0081588661
260.48	0.0075525951	-5.8425081	0.0095251575
261.12	0.0073350265	-5.8428923	0.0070647335
261.76	0.0072935472	-5.8428631	0.0058132562
262.4	0.0073215299	-5.8430702	0.0080191245
263.04	0.0072141606	-5.8428851	0.0080137248
263.68	0.0074061775	-5.842787	0.0085923385
264.32	0.0076493036	-5.8427226	0.006399524
264.96	0.0078013597	-5.8425789	0.0078199575
265.6	0.0078237618	-5.8425731	0.0095007161
266.24	0.0076629557	-5.842657	0.0074103444
266.88	0.0075034722	-5.8425372	0.0072085797
267.52	0.007287096	-5.8425511	0.007236316
268.16	0.0074065555	-5.8431038	0.0073680674
268.8	0.0072579129	-5.8429258	0.0058612477
269.44	0.0073054359	-5.8428615	0.006693338
270.08	0.0073390352	-5.8426256	0.0051374681
270.72	0.0075874018	-5.8424503	0.0083685826
271.36	0.0077206257	-5.8426694	0.0079719588
272	0.0076634647	-5.8422425	0.009622972
272.64	0.0075735113	-5.8423747	0.0097669479
273.28	0.0075248408	-5.8425889	0.007681146
273.92	0.0073595857	-5.8425775	0.0075463957
274.56	0.007296597	-5.8429506	0.0066717257
275.2	0.0073616673	-5.8430514	0.0055602244
275.84	0.0072370802	-5.8428459	0.0098613542
276.48	0.0074956119	-5.8430224	0.0073997161
277.12	0.0076846048	-5.8428348	0.0076545555
277.76	0.0075995254	-5.8424108	0.0081997581
278.4	0.0076902623	-5.8427378	0.0094589426
279.04	0.0076922472	-5.8426475	0.008303342
279.68	0.0075097585	-5.842779	0.0083903487
280.32	0.0073786117	-5.8428875	0.0083834447
280.96	0.0074612318	-5.8427907	0.0084435168
281.6	0.0072954356	-5.8428649	0.0067159869
282.24	0.0072289451	-5.842803	0.0077170749
282.88	0.0073893773	-5.8428981	0.0088147157
283.52	0.0076374152	-5.8427668	0.0059060552
284.16	0.0077568179	-5.842641	0.0074018321
284.8	0.0076370005	-5.8424604	0.0082331553
285.44	0.0075533457	-5.8427503	0.0071210844
286.08	0.0073430158	-5.8425547	0.0092507401
286.72	0.0072592445	-5.8426559	0.0070490465
287.36	0.0072384859	-5.8429858	0.0058300128
288	0.0072696251	-5.8430025	0.0084201565
288.64	0.0073611708	-5.8427396	0.0075558085
289.28	0.0074661344	-5.8429293	0.0079858334
289.92	0.0076847744	-5.8427345	0.0093598737
290.56	0.0077133259	-5.8425813	0.0074853506
291.2	0.0076410696	-5.8426392	0.0098154932
291.84	0.0076588175	-5.8426591	0.0065476677
292.48	0.007390287	-5.8429456	0.008689441
293.12	0.0073252923	-5.8428657	0.0090787059
293.76	0.0071272401	-5.8426379	0.0081872786
294.4	0.0073142934	-5.8431098	0.0067693755
295.04	0.0074919991	-5.8431568	0.0070058513
295.68	0.0076316396	-5.842905	0.0071428369
296.32	0.0076660878	-5.8427006	0.0069028619
296.96	0.0077323644	-5.8427762	0.0073394974
297.6	0.0076270227	-5.842677	0.0085702273
298.24	0.0076142072	-5.8426474	0.0089510864
298.88	0.007393511	-5.8426202	0.0080571677
299.52	0.0072863801	-5.8428977	0.0087448421
300.16	0.0073874005	-5.8429689	0.0073898957
300.8	0.0072254449	-5.8429374	0.0068800044
301.44	0.0074006224	-5.8428701	0.007807123
302.08	0.00755513	-5.8427825	0.0075047074
302.72	0.0075997291	-5.842435	0.0078371894
303.36	0.0077468068	-5.8424322	0.0072972041
304	0.0077424126	-5.8427996	0.0068073621
304.64	0.0075097397	-5.8423297	0.010219371
305.28	0.007371922	-5.8427052	0.0089101302
305.92	0.0072999205	-5.8427529	0.0077513253
306.56	0.0072657664	-5.8428454	0.0078837928
307.2	0.0072724771	-5.8429418	0.0062186796
307.84	0.0074576144	-5.8427597	0.0069516485
308.48	0.0073711278	-5.8421567	0.0085531256
309.12	0.0077548696	-5.8424617	0.0088463913
309.76	0.0078010295	-5.8425971	0.0090258025
310.4	0.0075969472	-5.8424869	0.0050140146
311.04	0.0074946924	-5.8425826	0.0084890656
311.68	0.0073151508	-5.8427757	0.0066119055
312.32	0.0072816048	-5.842787	0.0077626216
312.96	0.0071958129	-5.8429464	0.0078008856
313.6	0.0072899856	-5.8429555	0.0077161168
314.24	0.0074362173	-5.8428141	0.0066943861
314.88	0.0076227816	-5.8426969	0.0053700978
315.52	0.007539027	-5.8425131	0.0069828883
316.16	0.007741687	-5.8424905	0.0099006531
316.8	0.007629362	-5.8425541	0.0091859608
317.44	0.0075269129	-5.842731	0.0078869041
318.08	0.0072795159	-5.8426141	0.0091698938
318.72	0.0072541836	-5.8429178	0.0059680124
319.36	0.0072371964	-5.8428634	0.009003778
320	0.0073782052	-5.8428838	0.0077388589
320.64	0.0074062628	-5.8428038	0.0090526926
321.28	0.0074837714	-5.8425655	0.0077099711
321.92	0.0077093694	-5.842323	0.0078864669
322.56	0.0076960584	-5.8427312	0.0095650174
323.2	0.0077135698	-5.8427603	0.0095287855
323.84	0.0074230356	-5.8424998	0.0085442833
324.48	0.0074954103	-5.8429524	0.0052833524
325.12	0.0073152438	-5.8429234	0.007337754
325.76	0.0073063727	-5.8428766	0.0065611183
326.4	0.007427673	-5.842815	0.0063382384
327.04	0.0073825727	-5.842703	0.0083724451
327.68	0.0075584828	-5.8422385	0.0096321808
328.32	0.0076511967	-5.8424799	0.0060613573
328.96	0.0077343583	-5.8425734	0.0081992137
329.6	0.0075437355	-5.8427048	0.007704985
330.24	0.0075022901	-5.8427764	0.0096443389
330.88	0.0074596181	-5.8430107	0.0067720055
331.52	0.00731022	-5.8429881	0.0071326556
332.16	0.0072545067	-5.8429705	0.0069403301
332.8	0.0073183833	-5.8427857	0.0074583795
333.44	0.0075181967	-5.8426038	0.0075129639
334.08	0.0075651174	-5.8426658	0.0091272631
334.72	0.007778599	-5.8425164	0.0086925048
335.36	0.0077420755	-5.8425805	0.0062034291
336	0.0075553817	-5.8426087	0.0072177903
336.64	0.0074597455	-5.8428728	0.0078026826
337.28	0.0073363447	-5.8427327	0.0092810642
337.92	0.0073183291	-5.8430496	0.0063988547
338.56	0.0074139913	-5.8430447	0.0073074612
339.2	0.0073115607	-5.8426943	0.0081163325
339.84	0.007488819	-5.8428138	0.0090737945
340.48	0.0076559079	-5.8426704	0.0094076298
341.12	0.0077034218	-5.8423893	0.005692257
341.76	0.0077095469	-5.8425274	0.0070478696
342.4	0.0075577865	-5.8426801	0.0087884631
343.04	0.007639132	-5.8428567	0.0062394673
343.68	0.0073543466	-5.8428278	0.0084056406
344.32	0.0072462415	-5.8428384	0.0064948183
344.96	0.0073487444	-5.8430536	0.006766777
345.6	0.007474861	-5.8429744	0.0074959009
346.24	0.0074710992	-5.8427375	0.0080902785
346.88	0.0076851633	-5.842832	0.0068484446
347.52	0.0077706331	-5.8425771	0.0078137065
348.16	0.0077977098	-5.842531	0.0086046734
348.8	0.0075079942	-5.8426553	0.0082893998
349.44	0.0074036465	-5.8427898	0.0094283339
350.08	0.0072538221	-5.8430784	0.0096827434
350.72	0.0073501878	-5.8429466	0.0061475946
351.36	0.0073389015	-5.8429661	0.0069625345
352	0.007394185	-5.8429192	0.0074977061
352.64	0.0076142834	-5.8428467	0.0088252955
353.28	0.0077380916	-5.8426997	0.0070744961
353.92	0.0076779003	-5.8425547	0.0063407093
354.56	0.0076605537	-5.8425287	0.0059411239
355.2	0.007594041	-5.842747	0.0062906233
355.84	0.007357165	-5.8428234	0.0090396338
356.48	0.0074368484	-5.8430736	0.0078660828
357.12	0.0073312662	-5.8430746	0.0076154761
357.76	0.007288981	-5.8427511	0.0079081826
358.4	0.007444174	-5.8427899	0.0072826864
359.04	0.0075406586	-5.8426265	0.0096595167
359.68	0.0076470925	-5.8424383	0.0088208183
360.32	0.007696688	-5.8425522	0.0071288787
360.96	0.0075883161	-5.8423392	0.0086482207
361.6	0.0076115997	-5.8430155	0.0080023019
362.24	0.0073265045	-5.8427463	0.0071844321
362.88	0.0072117058	-5.8425874	0.0086522998
363.52	0.0073276768	-5.8428936	0.0065276966
364.16	0.0072387969	-5.8428556	0.0076439464
364.8	0.007513129	-5.842814	0.0091670103
365.44	0.0076874491	-5.8426306	0.0073133722
366.08	0.0076317491	-5.8422725	0.0083555459
366.72	0.0078430953	-5.8426865	0.0068620318
367.36	0.007636192	-5.8427495	0.006675055
368	0.0074971255	-5.8424961	0.0095044661
368.64	0.0073750811	-5.8428733	0.0069928795
369.28	0.0073224858	-5.8429469	0.0069597174
369.92	0.0073103974	-5.8428962	0.0075778816
370.56	0.0074052779	-5.8429228	0.0085645118
371.2	0.0074712894	-5.8427337	0.0067243635
371.84	0.007642959	-5.8426801	0.0083435802
372.48	0.0075912928	-5.8423822	0.0098032586
373.12	0.007618716	-5.8424727	0.0079036822
373.76	0.0076347855	-5.8425838	0.0062198756
374.4	0.0073428332	-5.8425864	0.0096711131
375.04	0.0073836182	-5.8427239	0.0068265435
375.68	0.0071677488	-5.8425672	0.0064762351
376.32	0.0073350885	-5.8429078	0.0063179792
376.96	0.0073979665	-5.8428598	0.0096352744
377.6	0.0074698271	-5.8426831	0.0071856964
378.24	0.0076123336	-5.8427618	0.0097917177
378.88	0.007681714	-5.8425286	0.0082819075
379.52	0.0076976201	-5.8424624	0.0084206495
380.16	0.0075454127	-5.8426653	0.0073321487
380.8	0.0074644725	-5.8425318	0.0083990828
381.44	0.0074188149	-5.8429955	0.0083496866
382.08	0.0072545113	-5.8432558	0.0076452823
382.72	0.0073240775	-5.8430674	0.006167228
383.36	0.0073303898	-5.8428481	0.0072633244
384	0.0074551029	-5.8425628	0.0084259838
384.64	0.0076252338	-5.8427003	0.0092870851
385.28	0.0077581576	-5.8424938	0.0058847084
385.92	0.007813901	-5.8426331	0.0078389611
386.56	0.0076079921	-5.8425091	0.0087786541
387.2	0.0074684018	-5.8427195	0.0085299704
387.84	0.0074293682	-5.8431303	0.0076299349
388.48	0.0072851363	-5.8429359	0.0069215768
389.12	0.007208773	-5.8426959	0.0072484796
389.76	0.0073326178	-5.8425617	0.0072945779
390.4	0.0073768641	-5.8425161	0.0082148947
391.04	0.007647994	-5.8423866	0.0088858203
391.68	0.0076465149	-5.8422579	0.0088490297
392.32	0.0077808185	-5.8424652	0.0072104968
392.96	0.0074510646	-5.8426164	0.0084436959
393.6	0.007387233	-5.8426878	0.0066946821
394.24	0.0073359387	-5.8430495	0.0064645647
394.88	0.0072416603	-5.8430635	0.0076295337
395.52	0.0072348526	-5.8427488	0.0084473544
396.16	0.0074608172	-5.8429681	0.0077969224
396.8	0.007515934	-5.8426316	0.0092698785
397.44	0.0076328521	-5.8425665	0.0072633454
398.08	0.007875379	-5.8427051	0.0065966469
398.72	0.0076828931	-5.8426977	0.0096244109
399.36	0.0076035562	-5.84281	0.0084395593
400	0.0074710636	-5.8430258	0.0085061618
400.64	0.0073834409	-5.8428971	0.004399788
401.28	0.0072341483	-5.8431154	0.0087857192
401.92	0.0072614966	-5.8427017	0.0074516146
402.56	0.0074194273	-5.8427783	0.0072700514
403.2	0.0074524336	-5.8424993	0.0070828628
403.84	0.0076680479	-5.8424884	0.008642025
404.48	0.0076883844	-5.842402	0.0091445963
405.12	0.0076020413	-5.8425695	0.0073181545
405.76	0.0076044686	-5.8428709	0.0078109646
406.4	0.0072810352	-5.8428207	0.0084063956
407.04	0.0072739895	-5.8429075	0.0076617549
407.68	0.007251078	-5.8429684	0.0066098384
408.32	0.0073953033	-5.8429671	0.0083077955
408.96	0.0074677526	-5.8427312	0.0072901786
409.6	0.0075370919	-5.8423704	0.0091058703
410.24	0.0076028956	-5.842315	0.0089974447
410.88	0.0076836024	-5.8424658	0.0073814006
411.52	0.0076934467	-5.8423217	0.0054371666
412.16	0.0076741341	-5.8430117	0.0075976842
412.8	0.0073910853	-5.8427248	0.0086494963
413.44	0.0071506746	-5.8428047	0.0085547687
414.08	0.0072763288	-5.8430673	0.0082649051
414.72	0.0073434196	-5.843055	0.0074382846
415.36	0.0073979032	-5.8427284	0.008304422
416	0.0075296123	-5.8423605	0.0084449505
416.64	0.0077380791	-5.8427578	0.0088681372
417.28	0.007831023	-5.8427497	0.007186261
417.92	0.0075619057	-5.8424239	0.008623064
418.56	0.0074372829	-5.8427403	0.0080798285
419.2	0.0074838713	-5.8429952	0.0063804067
419.84	0.007360326	-5.843035	0.0084567747
420.48	0.007234587	-5.8429104	0.0050785347
421.12	0.0074856056	-5.8430967	0.0063250443
421.76	0.0074585826	-5.8428654	0.0077334433
422.4	0.0075665358	-5.8424977	0.0082803364
423.04	0.0076030046	-5.8426622	0.010380686
423.68	0.0077756568	-5.8426152	0.0074422766
424.32	0.0075832473	-5.8427042	0.0076726416
424.96	0.0074760152	-5.8428103	0.0077810223
425.6	0.0072969873	-5.8427397	0.0078758136
426.24	0.0072751943	-5.8431321	0.0083388933
426.88	0.0072612175	-5.8426738	0.0078645228
427.52	0.0074435574	-5.842888	0.0080893956
428.16	0.0074645441	-5.8423533	0.0070730648
428.8	0.0075923128	-5.8427753	0.0073276975
429.44	0.0077533599	-5.8426288	0.0091433506
430.08	0.0077040464	-5.842674	0.0079880678
430.72	0.0073999129	-5.8424867	0.009438577
431.36	0.0073903399	-5.8427152	0.0076697346
432	0.0074983651	-5.8430077	0.0057872929
432.64	0.0073062869	-5.8429601	0.0062983212
433.28	0.007251736	-5.8429009	0.0076765715
433.92	0.0074060217	-5.842709	0.0056502408
434.56	0.0075917593	-5.8427847	0.0071812153
435.2	0.0075880315	-5.8426222	0.0086037188
435.84	0.0077417635	-5.8426272	0.0086791978
436.48	0.0076838846	-5.8426438	0.0083469195
437.12	0.0076260711	-5.8424044	0.0078772107
437.76	0.0073375569	-5.8427618	0.0077179503
438.4	0.0074199933	-5.842821	0.0077570338
439.04	0.0073055151	-5.8431474	0.0065759176
439.68	0.0072378726	-5.8428036	0.0062987296
440.32	0.0073062997	-5.8428551	0.0087234388
440.96	0.0076216246	-5.8428099	0.0054600731
441.6	0.0077025325	-5.8424307	0.0085987677
442.24	0.0078023618	-5.8426477	0.0076888401
442.88	0.0076859983	-5.842578	0.0056891785
443.52	0.0074233223	-5.8425869	0.0087224998
444.16	0.0074260436	-5.8429761	0.009553245
444.8	0.0073970378	-5.8430985	0.0080557309
445.44	0.007278621	-5.8431216	0.0049856122
446.08	0.0073615939	-5.8430019	0.0059709423
446.72	0.0074804949	-5.8428903	0.00762992
447.36	0.0076007787	-5.8427692	0.0060837674
448	0.0077250528	-5.8422829	0.0075647343
448.64	0.0076699719	-5.8425533	0.0072100898
449.28	0.0075491297	-5.8426941	0.010952495
449.92	0.00748264	-5.8427348	0.0059345058
450.56	0.0072296445	-5.8427342	0.0072448422
451.2	0.0074210747	-5.8431999	0.0078864643
451.84	0.0073527579	-5.842779	0.0068312855
452.48	0.0074133098	-5.8429621	0.00828481
453.12	0.0074061233	-5.8428072	0.0092240633
453.76	0.0075603611	-5.8426015	0.0072785355
454.4	0.0077156255	-5.842783	0.0089981693
455.04	0.0076494019	-5.8425861	0.0093034055
455.68	0.0076505389	-5.8425728	0.0087720572
456.32	0.0075282851	-5.8425501	0.0082920813
456.96	0.0075019792	-5.8430451	0.0081428255
457.6	0.007158177	-5.8428035	0.0076546104
458.24	0.0072929135	-5.843013	0.006428545
458.88	0.0072803068	-5.8428579	0.0074051988
459.52	0.007434748	-5.8429758	0.0074545579
460.16	0.0076853612	-5.8426576	0.0083052715
460.8	0.0076970072	-5.8426534	0.010145854
461.44	0.0077284069	-5.8426613	0.008582902
462.08	0.0076132658	-5.8426612	0.0091221973
462.72	0.0075314742	-5.8429764	0.0089231372
463.36	0.0073482404	-5.84302	0.0063563694
464	0.007236728	-5.8428537	0.0093491421
464.64	0.0072689434	-5.8429914	0.0081647612
465.28	0.007356167	-5.8429685	0.0074117972
465.92	0.0075103481	-5.8427047	0.0093139373
466.56	0.0075136779	-5.8424227	0.0082666383
467.2	0.0076340263	-5.8424137	0.0086752794
467.84	0.0076264037	-5.8423802	0.0086097026
468.48	0.0075533388	-5.842614	0.0076197897
469.12	0.0073508549	-5.8426891	0.005750037
469.76	0.0072512108	-5.8428206	0.0078565795
470.4	0.0072894257	-5.8429163	0.0083130812
471.04	0.007322707	-5.8428589	0.0072886193
471.68	0.0073782041	-5.8429547	0.0075502259
472.32	0.0074243036	-5.8424407	0.0080718879
472.96	0.0076961538	-5.8427464	0.0079196666
473.6	0.0076350259	-5.842661	0.006622839
474.24	0.0076306651	-5.8424411	0.010395915
474.88	0.0076168777	-5.842543	0.0062087381
475.52	0.0075784425	-5.8428285	0.0068725971
476.16	0.0072770353	-5.8428573	0.0069619253
476.8	0.0072880476	-5.8429717	0.0065848578
477.44	0.007298318	-5.8427288	0.008452499
478.08	0.007439118	-5.8429304	0.0081036826
478.72	0.0074765781	-5.8426873	0.0075461327
479.36	0.0077333599	-5.8425415	0.0064751916
480	0.0077704128	-5.8425684	0.0091397617
480.64	0.0077335741	-5.8427202	0.0096028686
481.28	0.0074045613	-5.8424754	0.0097773589
481.92	0.0073834296	-5.8428529	0.0092322348
482.56	0.007334286	-5.8428685	0.0065606331
483.2	0.007368926	-5.8431459	0.0060831581
483.84	0.0073703205	-5.8429451	0.0073468539
484.48	0.0073779298	-5.8428489	0.0074748364
485.12	0.0074844804	-5.8426282	0.0079352868
485.76	0.0077176357	-5.8425995	0.0090560942
486.4	0.0078819736	-5.8427027	0.0079700011
487.04	0.0077062326	-5.8425318	0.0076289967
487.68	0.0075519691	-5.8428179	0.0079688095
488.32	0.0073759507	-5.8429863	0.0082720185
488.96	0.0072981328	-5.8431412	0.0080456597
489.6	0.0072632424	-5.8427957	0.007468784
490.24	0.0073951029	-5.8429758	0.0081171928
490.88	0.007537616	-5.8429545	0.0057449452
491.52	0.0075918995	-5.8427875	0.0071785603
492.16	0.0076847434	-5.8424802	0.0074278059
492.8	0.0076561969	-5.8424645	0.0080837209
493.44	0.0076126328	-5.8427235	0.0083885609
494.08	0.0075712115	-5.842706	0.0089773534
494.72	0.0074696091	-5.843052	0.0069492655
495.36	0.007313717	-5.8427489	0.0061457565
496	0.007335429	-5.843054	0.0065527181
496.64	0.0074193359	-5.8429711	0.0079970548
497.28	0.0075397453	-5.8426468	0.0074798484
497.92	0.0074991559	-5.8427218	0.0089118001
498.56	0.0075606568	-5.8423661	0.0079419265
499.2	0.0077285932	-5.8424635	0.0075810723
499.84	0.0076281451	-5.8428648	0.0084184272
