0	0.0044517279	-5.8521396	-0.04220576
0.64	0.0044837353	-5.8521579	-0.041922139
1.28	0.0045529236	-5.8522531	-0.042226089
1.92	0.0045500095	-5.8525098	-0.042557048
2.56	0.0045921793	-5.8523706	-0.042371074
3.2	0.0046187882	-5.8527346	-0.040813025
3.84	0.0045101106	-5.8526221	-0.041245977
4.48	0.0044847593	-5.8530377	-0.040769059
5.12	0.0045354106	-5.8530601	-0.043631195
5.76	0.0045291869	-5.8529113	-0.043569737
6.4	0.0044128092	-5.8532436	-0.043135094
7.04	0.0045173856	-5.8533591	-0.045219368
7.68	0.0046223895	-5.8534968	-0.044208545
8.32	0.0046760043	-5.8536237	-0.046959934
8.96	0.004480136	-5.8537677	-0.046372282
9.6	0.0042487861	-5.8540881	-0.046498134
10.24	0.0043331365	-5.8537407	-0.047315687
10.88	0.004287659	-5.8541633	-0.046047787
11.52	0.0043228366	-5.8537253	-0.047115424
12.16	0.0044548997	-5.8538729	-0.044847816
12.8	0.0046603082	-5.8538607	-0.043349656
13.44	0.0047330158	-5.8535808	-0.043649879
14.08	0.0047300561	-5.8537355	-0.046515836
14.72	0.0046252897	-5.8541423	-0.045126233
15.36	0.0043121104	-5.8542577	-0.047430086
16	0.0042394055	-5.8543087	-0.047585178
16.64	0.004163589	-5.8543488	-0.045642508
17.28	0.0042513702	-5.8543647	-0.047995983
17.92	0.0045394912	-5.854296	-0.04634055
18.56	0.0049130033	-5.854429	-0.048082022
19.2	0.0050788238	-5.8544182	-0.048581534
19.84	0.0046798164	-5.8546638	-0.051223249
20.48	0.0043738865	-5.8552937	-0.050356488
21.12	0.0041389064	-5.8554851	-0.049816778
21.76	0.0039963681	-5.8559121	-0.049438127
22.4	0.0040985015	-5.8556533	-0.050630982
23.04	0.0042525648	-5.8553993	-0.049622414
23.68	0.0044730168	-5.8550626	-0.048828207
24.32	0.0048727373	-5.8544936	-0.049022466
24.96	0.0050822046	-5.8544438	-0.048226181
25.6	0.0050376369	-5.8546607	-0.048315061
26.24	0.0047427619	-5.8548793	-0.048747715
26.88	0.0044284669	-5.8556114	-0.050912166
27.52	0.0041637004	-5.8558197	-0.052903838
28.16	0.0039806214	-5.8561443	-0.052576719
28.8	0.0039431268	-5.8558058	-0.051398251
29.44	0.004284247	-5.8558448	-0.052446519
30.08	0.004537175	-5.8554064	-0.051506392
30.72	0.0048330304	-5.8548941	-0.048998947
31.36	0.0050363326	-5.8548262	-0.050862368
32	0.00506177	-5.8548592	-0.051236098
32.64	0.004671108	-5.8553583	-0.051171288
33.28	0.004386831	-5.8556214	-0.050951826
33.92	0.0040644468	-5.8560275	-0.051424085
34.56	0.0039571031	-5.8562692	-0.052057851
35.2	0.0040006717	-5.8561708	-0.053158425
35.84	0.0042477247	-5.8559486	-0.050892945
36.48	0.0046757633	-5.8555284	-0.049237344
37.12	0.0049190517	-5.8550544	-0.048703188
37.76	0.0050384461	-5.8548651	-0.04927513
38.4	0.0050485269	-5.8552215	-0.049090024
39.04	0.004660389	-5.8556197	-0.049884376
39.68	0.0043363897	-5.8558939	-0.050993777
40.32	0.0040230592	-5.8561994	-0.04989979
40.96	0.0039936756	-5.8563159	-0.051446426
41.6	0.0040213792	-5.8560409	-0.051649634
42.24	0.0043347636	-5.8559122	-0.05085363
42.88	0.0046643171	-5.8555999	-0.048397555
43.52	0.0048948658	-5.8550698	-0.049343807
44.16	0.0050821564	-5.8549036	-0.047789641
44.8	0.0050173884	-5.8550492	-0.049133895
45.44	0.0045710481	-5.855631	-0.048483977
46.08	0.0043821546	-5.856168	-0.050015162
46.72	0.0040762755	-5.8562637	-0.051224878
47.36	0.0040386671	-5.8563777	-0.050806895
48	0.004131902	-5.8563092	-0.050993299
48.64	0.0043422668	-5.8559145	-0.051059107
49.28	0.0047063201	-5.8556409	-0.052458453
49.92	0.0049348532	-5.8553795	-0.049087372
50.56	0.0050655025	-5.8552265	-0.049201128
51.2	0.004930061	-5.8553615	-0.049246547
51.84	0.0046536998	-5.8558633	-0.049499538
52.48	0.0042240062	-5.8559339	-0.050933606
53.12	0.004043698	-5.8563084	-0.050220163
53.76	0.0040548259	-5.8563351	-0.052241886
54.4	0.0041042464	-5.8559555	-0.052926254
55.04	0.004291516	-5.855538	-0.049657414
55.68	0.004692131	-5.8556129	-0.049226808
56.32	0.0049835803	-5.855293	-0.046793215
56.96	0.0049875965	-5.8548738	-0.048223281
57.6	0.0049020494	-5.8550859	-0.050370703
58.24	0.0045513508	-5.855378	-0.048735036
58.88	0.0041815277	-5.8556788	-0.051398873
59.52	0.004012268	-5.8562307	-0.051813953
60.16	0.0040379452	-5.8563043	-0.053063263
60.8	0.0040423493	-5.8557959	-0.049181261
61.44	0.0043955617	-5.8557245	-0.050354931
62.08	0.004743613	-5.8554463	-0.04690395
62.72	0.0049540334	-5.854776	-0.048170514
63.36	0.0050416504	-5.8549112	-0.048242405
64	0.0047970205	-5.8552139	-0.049871843
64.64	0.004499358	-5.8554268	-0.049222823
65.28	0.0042456008	-5.8558693	-0.051298375
65.92	0.0040017523	-5.856119	-0.051355247
66.56	0.0039559603	-5.8561244	-0.051616527
67.2	0.0041838471	-5.8560004	-0.051860931
67.84	0.0044615496	-5.8557351	-0.050071136
68.48	0.0048487768	-5.8553706	-0.04788302
69.12	0.005041892	-5.8548685	-0.050084555
69.76	0.0050224973	-5.8551041	-0.048592675
70.4	0.0047789294	-5.8554442	-0.049675939
71.04	0.0044393472	-5.8558413	-0.051123823
71.68	0.0041334303	-5.856015	-0.050716596
72.32	0.0040193549	-5.8564028	-0.051603371
72.96	0.0039617788	-5.8560214	-0.051467197
73.6	0.0041871759	-5.8558793	-0.05231596
74.24	0.0045173987	-5.8556936	-0.051032437
74.88	0.0048489493	-5.8553148	-0.049639068
75.52	0.0050504374	-5.8551496	-0.048029697
76.16	0.0050838022	-5.8552068	-0.048966878
76.8	0.0047873079	-5.8551491	-0.049135095
77.44	0.0044704561	-5.8557797	-0.049572223
78.08	0.0041391684	-5.8560965	-0.051474713
78.72	0.0039890708	-5.8560719	-0.052545701
79.36	0.0040126399	-5.8562535	-0.050869319
80	0.0042311294	-5.8560828	-0.050715298
80.64	0.0045425031	-5.8555258	-0.050227005
81.28	0.0048175376	-5.8551982	-0.048125428
81.92	0.0050022435	-5.8552448	-0.050083895
82.56	0.0050326599	-5.8550697	-0.048481479
83.2	0.004686709	-5.8554413	-0.050392805
83.84	0.0043779599	-5.8560009	-0.050371594
84.48	0.0040926223	-5.8560466	-0.050769679
85.12	0.0039732738	-5.856252	-0.049766098
85.76	0.0040089049	-5.8561422	-0.05033779
86.4	0.0043184665	-5.8561396	-0.050368694
87.04	0.0046460553	-5.8556181	-0.050253195
87.68	0.0049372766	-5.8552587	-0.049799256
88.32	0.0050435478	-5.8552444	-0.050294477
88.96	0.0049230474	-5.8550283	-0.049011398
89.6	0.0046808569	-5.8552117	-0.049999632
90.24	0.0043750225	-5.8558646	-0.049612526
90.88	0.0040971837	-5.8563	-0.052191819
91.52	0.0039627272	-5.8562765	-0.051708448
92.16	0.0039715437	-5.8560383	-0.050189303
92.8	0.0042614664	-5.8558387	-0.0516974
93.44	0.0046366566	-5.8556719	-0.049515446
94.08	0.0049943968	-5.8551721	-0.049252603
94.72	0.0050400796	-5.8551276	-0.047055297
95.36	0.0048487581	-5.8549392	-0.048857049
96	0.0046871197	-5.855233	-0.047582511
96.64	0.0042915245	-5.855894	-0.050996554
97.28	0.0040198089	-5.8560578	-0.052550688
97.92	0.0040004105	-5.8562114	-0.051052413
98.56	0.004062306	-5.8560803	-0.050531889
99.2	0.0044144498	-5.8557116	-0.050446202
99.84	0.0046421016	-5.8551974	-0.050623001
100.48	0.0049601141	-5.8554743	-0.048303233
101.12	0.0050205798	-5.85509	-0.049652031
101.76	0.0048886575	-5.8550506	-0.047525503
102.4	0.0045621219	-5.8558042	-0.050257176
103.04	0.0042095969	-5.8560018	-0.051336107
103.68	0.0040588473	-5.8561915	-0.050901856
104.32	0.0040306238	-5.8562078	-0.051761362
104.96	0.0040900317	-5.8561065	-0.049652873
105.6	0.0043788719	-5.8557321	-0.050866507
106.24	0.0047375496	-5.8554058	-0.050418285
106.88	0.0050625361	-5.8551941	-0.047500975
107.52	0.005027937	-5.8550609	-0.047599388
108.16	0.0048246657	-5.8550885	-0.048804066
108.8	0.004495594	-5.8556371	-0.050398039
109.44	0.0042147293	-5.8559268	-0.051800534
110.08	0.0040716457	-5.8563859	-0.051265929
110.72	0.003941327	-5.8564347	-0.052308663
111.36	0.0041717632	-5.8561453	-0.052472184
112	0.0044746981	-5.8557637	-0.049353782
112.64	0.0047146046	-5.8551545	-0.048858096
113.28	0.0049703148	-5.8549572	-0.047788238
113.92	0.0051042971	-5.8552622	-0.049753971
114.56	0.0047755489	-5.8554199	-0.048181956
115.2	0.004454223	-5.8554387	-0.050325613
115.84	0.0041888103	-5.8560485	-0.050781242
116.48	0.0040232846	-5.8561479	-0.052219653
117.12	0.0040815206	-5.8560758	-0.05267078
117.76	0.0040802679	-5.8559255	-0.051033079
118.4	0.0045286297	-5.8557727	-0.050672146
119.04	0.0048102923	-5.8553008	-0.048581527
119.68	0.0050640249	-5.8550662	-0.048372073
120.32	0.0050216739	-5.85487	-0.048888645
120.96	0.00474133	-5.8551864	-0.050010929
121.6	0.0044554613	-5.8556906	-0.04957738
122.24	0.0041125597	-5.8558482	-0.050279881
122.88	0.0040524435	-5.8562215	-0.051927018
123.52	0.0040169499	-5.8560423	-0.051284402
124.16	0.0042568629	-5.8558626	-0.05107384
124.8	0.004488105	-5.8553406	-0.050013303
125.44	0.0048507947	-5.8551395	-0.048679296
126.08	0.0050090713	-5.8549657	-0.049756332
126.72	0.0049685311	-5.8551366	-0.047506218
127.36	0.0047244999	-5.8554065	-0.050030741
128	0.0043474086	-5.8559359	-0.049192217
128.64	0.004073676	-5.8561437	-0.051672873
129.28	0.0040121484	-5.8562342	-0.051537431
129.92	0.0040780791	-5.8560982	-0.051731825
130.56	0.0043093261	-5.856145	-0.049997881
131.2	0.0045524724	-5.8553697	-0.05069154
131.84	0.0048962326	-5.8552973	-0.049754656
132.48	0.0049894333	-5.8549814	-0.048423575
133.12	0.0049621627	-5.8550648	-0.049846933
133.76	0.0046805681	-5.8556369	-0.049566058
134.4	0.0043326848	-5.8559128	-0.050667514
135.04	0.0040704147	-5.8561634	-0.051830117
135.68	0.0039804917	-5.8561151	-0.050898421
136.32	0.0040956098	-5.8560967	-0.051140364
136.96	0.004346145	-5.8557391	-0.051320402
137.6	0.0047068753	-5.8555933	-0.049817966
138.24	0.0050292431	-5.8552582	-0.048578219
138.88	0.00504763	-5.8551488	-0.047650543
139.52	0.004872557	-5.8551806	-0.050475732
140.16	0.0046604028	-5.8556548	-0.050856818
140.8	0.0042008311	-5.8558241	-0.049600097
141.44	0.0040393116	-5.8561812	-0.051266489
142.08	0.0040026624	-5.8563787	-0.052437564
142.72	0.0041033771	-5.8561461	-0.050508789
143.36	0.0044056619	-5.8558764	-0.05048673
144	0.0046788503	-5.8554088	-0.049972942
144.64	0.0049567325	-5.8550972	-0.048429241
145.28	0.0049744263	-5.8551597	-0.049340246
145.92	0.0048595893	-5.8553805	-0.049125063
146.56	0.0046321177	-5.8554122	-0.050965859
147.2	0.0043194075	-5.8559469	-0.051275738
147.84	0.0040810975	-5.856038	-0.052305858
148.48	0.0040240474	-5.8559441	-0.051841835
149.12	0.004171134	-5.8561096	-0.052233049
149.76	0.0044081375	-5.8556775	-0.04911992
150.4	0.0046805147	-5.8553851	-0.048590459
151.04	0.0049844448	-5.8553323	-0.04828668
151.68	0.0050351048	-5.8551087	-0.047683722
152.32	0.004961428	-5.8555306	-0.049784923
152.96	0.0045093715	-5.8558188	-0.050162601
153.6	0.0042768019	-5.8559765	-0.050965286
154.24	0.0039878264	-5.856191	-0.05230158
154.88	0.0040958623	-5.8562328	-0.051188696
155.52	0.0041665215	-5.8558415	-0.051724198
156.16	0.0044733832	-5.8554531	-0.048704569
156.8	0.0047217623	-5.8552634	-0.048721762
157.44	0.004953146	-5.8550901	-0.049318884
158.08	0.0049797026	-5.8551111	-0.048838219
158.72	0.0048034015	-5.8556633	-0.051195567
159.36	0.0044812143	-5.8556838	-0.048593575
160	0.0041951741	-5.8559897	-0.050360265
160.64	0.0039674277	-5.8558924	-0.051207685
161.28	0.0039292081	-5.8562043	-0.052750761
161.92	0.0042502492	-5.8559054	-0.051181246
162.56	0.0045536109	-5.8555916	-0.05050027
163.2	0.0047688216	-5.8554238	-0.047682089
163.84	0.0050749529	-5.8552008	-0.04922644
164.48	0.0049136869	-5.8552045	-0.048501567
165.12	0.0047045763	-5.8553104	-0.049529574
165.76	0.0043823655	-5.8558163	-0.05200193
166.4	0.0041597502	-5.8558853	-0.050375413
167.04	0.004014356	-5.8560962	-0.051189066
167.68	0.004033278	-5.8561872	-0.051234416
168.32	0.0042294481	-5.8560862	-0.051808084
168.96	0.0045917977	-5.8555243	-0.050245158
169.6	0.0048472711	-5.8554552	-0.049275129
170.24	0.0050480812	-5.8550535	-0.048190027
170.88	0.0049194644	-5.8550085	-0.049395638
171.52	0.0047318071	-5.855605	-0.05028028
172.16	0.0043298864	-5.8557914	-0.050258071
172.8	0.0041263841	-5.8560505	-0.051070329
173.44	0.0040184993	-5.8561314	-0.050939145
174.08	0.0040337925	-5.8560597	-0.051180862
174.72	0.0043533718	-5.8558488	-0.052139851
175.36	0.0046030226	-5.8553234	-0.0504472
176	0.0048809371	-5.8553284	-0.048503227
176.64	0.0050449209	-5.8552837	-0.049437681
177.28	0.0049006393	-5.855292	-0.048262055
177.92	0.0045782442	-5.8554828	-0.05059018
178.56	0.0043508207	-5.8559662	-0.051383517
179.2	0.0041091135	-5.8559608	-0.052198817
179.84	0.004002294	-5.8561365	-0.051312843
180.48	0.0041699404	-5.8561687	-0.051509115
181.12	0.0043963694	-5.8559912	-0.049096216
181.76	0.0046542833	-5.855484	-0.050955458
182.4	0.0048914096	-5.855149	-0.049947691
183.04	0.004932368	-5.8551275	-0.049766265
183.68	0.0048104135	-5.8550592	-0.04800229
184.32	0.0045542802	-5.8552535	-0.047989597
184.96	0.0042855553	-5.8559179	-0.050968142
185.6	0.0040408466	-5.855909	-0.05104816
186.24	0.0040577202	-5.8560891	-0.051613252
186.88	0.0042060646	-5.8562629	-0.050816727
187.52	0.0043582665	-5.8556918	-0.051339214
188.16	0.0046821504	-5.8553223	-0.048923728
188.8	0.0049194605	-5.8550932	-0.050054771
189.44	0.0048875894	-5.8552785	-0.048382899
190.08	0.00481756	-5.8552042	-0.049366147
190.72	0.0045244813	-5.8554279	-0.050828107
191.36	0.0042521015	-5.8558648	-0.049285709
192	0.0040628443	-5.8560693	-0.053415802
192.64	0.0040100079	-5.856262	-0.05132087
193.28	0.0042049201	-5.8561644	-0.051256012
193.92	0.0044540985	-5.8557394	-0.048085319
194.56	0.0047342823	-5.8555455	-0.048894697
195.2	0.004956026	-5.8552834	-0.04823717
195.84	0.0049573776	-5.8550599	-0.048954059
196.48	0.0048537704	-5.8552859	-0.048820708
197.12	0.0045779951	-5.8555489	-0.050578183
197.76	0.0042096914	-5.8558453	-0.051242346
198.4	0.0040977264	-5.8559694	-0.052790981
199.04	0.0040128333	-5.8560017	-0.050385881
199.68	0.0041941883	-5.8557878	-0.051813667
200.32	0.0044418791	-5.8557861	-0.050783628
200.96	0.0048342202	-5.855484	-0.050213831
201.6	0.004974866	-5.8553958	-0.048589571
202.24	0.0048840033	-5.8552619	-0.047797951
202.88	0.0047300435	-5.8555165	-0.050863914
203.52	0.004482783	-5.8556955	-0.049271503
204.16	0.0042891994	-5.8559564	-0.051460772
204.8	0.0040876654	-5.8564474	-0.050101091
205.44	0.0040971659	-5.8560063	-0.051765818
206.08	0.0041692312	-5.855812	-0.050452805
206.72	0.0044882957	-5.8555919	-0.049475742
207.36	0.0048265711	-5.8554174	-0.049337653
208	0.00493594	-5.855291	-0.048808185
208.64	0.0049624424	-5.8552356	-0.048239286
209.28	0.0046721923	-5.8552854	-0.049429562
209.92	0.0044024263	-5.8558636	-0.048569545
210.56	0.004156106	-5.8558407	-0.050730628
211.2	0.0040319275	-5.8562654	-0.052165405
211.84	0.0040911128	-5.8561102	-0.051974924
212.48	0.0043006722	-5.8560114	-0.04987339
213.12	0.004588498	-5.8557771	-0.049499516
213.76	0.0048287483	-5.8554721	-0.049908303
214.4	0.0050045376	-5.8552388	-0.048867632
215.04	0.0049585999	-5.8555274	-0.050298386
215.68	0.0046905449	-5.8554902	-0.047934477
216.32	0.0043680585	-5.8557737	-0.050471406
216.96	0.0042725923	-5.8561166	-0.051345891
217.6	0.0040966941	-5.8561846	-0.051166638
218.24	0.0041667939	-5.8560708	-0.050864406
218.88	0.0042740014	-5.855781	-0.050471959
219.52	0.0046129451	-5.8554998	-0.049779815
220.16	0.0048198704	-5.8552585	-0.049696714
220.8	0.0049439699	-5.8551659	-0.048497868
221.44	0.0049124157	-5.8553121	-0.049480636
222.08	0.0046485624	-5.8555634	-0.050003784
222.72	0.0043433227	-5.8556334	-0.049276482
223.36	0.0041637417	-5.8561176	-0.052437912
224	0.0040293423	-5.8559916	-0.051514202
224.64	0.004131066	-5.8559094	-0.048750026
225.28	0.0043078035	-5.8557479	-0.050887976
225.92	0.0046620734	-5.8555556	-0.051231325
226.56	0.0048401761	-5.8553989	-0.047240989
227.2	0.0049691115	-5.8550084	-0.047698961
227.84	0.0048742617	-5.8556215	-0.049482413
228.48	0.0046458057	-5.8555034	-0.048536317
229.12	0.0042993276	-5.8559075	-0.051373125
229.76	0.0040696992	-5.8558877	-0.051003042
230.4	0.0040262034	-5.8561068	-0.051953732
231.04	0.0041619012	-5.8560339	-0.050686122
231.68	0.0043625199	-5.8555677	-0.049698992
232.32	0.0047038045	-5.8554936	-0.048517664
232.96	0.0048972686	-5.8551128	-0.047374385
233.6	0.0049000926	-5.8548372	-0.048880562
234.24	0.0048393433	-5.8553927	-0.049763569
234.88	0.0045462244	-5.8557931	-0.051590404
235.52	0.0041857764	-5.85573	-0.050912539
236.16	0.0040509341	-5.8558219	-0.051084053
236.8	0.0040239723	-5.8560322	-0.049992434
237.44	0.0041885114	-5.8560017	-0.050839697
238.08	0.0045776216	-5.856029	-0.050915495
238.72	0.0048597604	-5.8556155	-0.049730041
239.36	0.0048590612	-5.8552392	-0.047718768
240	0.0048107013	-5.8550939	-0.048223229
240.64	0.0047164067	-5.8555328	-0.046895532
241.28	0.0045586109	-5.8558023	-0.049513374
241.92	0.0042782035	-5.856092	-0.051252713
242.56	0.0041399109	-5.8559569	-0.051974607
243.2	0.0041039446	-5.8560986	-0.052485429
243.84	0.0042193591	-5.8561577	-0.049997118
244.48	0.0044764297	-5.855678	-0.049679989
245.12	0.0047660888	-5.8553127	-0.049949007
245.76	0.0049013548	-5.8555466	-0.05016764
246.4	0.0049253222	-5.855219	-0.04903274
247.04	0.0047002679	-5.8554288	-0.048490116
247.68	0.0044694256	-5.85574	-0.051137612
248.32	0.0042996184	-5.856081	-0.05218897
248.96	0.0041171912	-5.8560722	-0.051418729
249.6	0.0040629645	-5.8559793	-0.049314233
250.24	0.0042632148	-5.8560898	-0.05055659
250.88	0.0045431727	-5.8556623	-0.049627161
251.52	0.0048175204	-5.8553148	-0.050237617
252.16	0.0049433646	-5.8552377	-0.047895932
252.8	0.0048581045	-5.8553421	-0.047504875
253.44	0.0047233286	-5.8555724	-0.049808337
254.08	0.0044754653	-5.8558555	-0.050700163
254.72	0.0041887652	-5.8560998	-0.050549412
255.36	0.0040659936	-5.8561361	-0.050036828
256	0.0040970468	-5.8560666	-0.049999842
256.64	0.0042765558	-5.855777	-0.050144427
257.28	0.0045909829	-5.8558836	-0.049605325
257.92	0.0047863292	-5.8553994	-0.048238983
258.56	0.0049191025	-5.8552479	-0.047519483
259.2	0.0048292814	-5.85522	-0.050227297
259.84	0.0046690531	-5.8554376	-0.048806867
260.48	0.0044420111	-5.8559733	-0.050486666
261.12	0.0041495355	-5.8559872	-0.050745752
261.76	0.0040840495	-5.8559755	-0.050064387
262.4	0.0040995737	-5.8562597	-0.051225991
263.04	0.0043327022	-5.8560217	-0.050543858
263.68	0.0046332715	-5.8554777	-0.049759525
264.32	0.0048267724	-5.8553861	-0.048290963
264.96	0.0050021795	-5.8554495	-0.048606213
265.6	0.004788238	-5.855068	-0.049347921
266.24	0.004683932	-5.8555899	-0.050823189
266.88	0.0043554362	-5.8558676	-0.049480116
267.52	0.0041947926	-5.8561711	-0.052340987
268.16	0.0040369303	-5.8559587	-0.051006327
268.8	0.0041869699	-5.8560046	-0.050741053
269.44	0.0044381958	-5.8560108	-0.050243748
270.08	0.0046029211	-5.8554506	-0.049319373
270.72	0.0048466674	-5.8552458	-0.0482069
271.36	0.004878857	-5.8551128	-0.050981921
272	0.0048476768	-5.8553099	-0.049346643
272.64	0.0045732324	-5.8555348	-0.049888729
273.28	0.0043312034	-5.8560368	-0.050186227
273.92	0.004153631	-5.8560155	-0.051746132
274.56	0.0040900917	-5.8559998	-0.05066852
275.2	0.0041755888	-5.8558778	-0.050811009
275.84	0.0044144504	-5.8558389	-0.048674684
276.48	0.00454211	-5.8554694	-0.049425969
277.12	0.0048244416	-5.855262	-0.047969405
277.76	0.0049213826	-5.8550806	-0.049917624
278.4	0.0048411359	-5.8554048	-0.050166502
279.04	0.004555067	-5.8555413	-0.049978988
279.68	0.0042906133	-5.8558346	-0.051532211
280.32	0.0040845605	-5.8557856	-0.051052532
280.96	0.0040828784	-5.8560061	-0.051104405
281.6	0.004175173	-5.8562122	-0.051645316
282.24	0.0043468223	-5.855735	-0.049194339
282.88	0.0047120507	-5.8554733	-0.049958212
283.52	0.0048934641	-5.85527	-0.048182865
284.16	0.0048116108	-5.8550682	-0.048471527
284.8	0.0047108562	-5.8555442	-0.047454959
285.44	0.0045445813	-5.8553256	-0.050564026
286.08	0.0042449245	-5.8557607	-0.050528212
286.72	0.0041240223	-5.8560333	-0.050028029
287.36	0.0041931111	-5.8559841	-0.05179578
288	0.0043464142	-5.8563472	-0.051565924
288.64	0.00450116	-5.8558046	-0.049908911
289.28	0.004711678	-5.8554195	-0.049183329
289.92	0.0049112355	-5.8551726	-0.049007915
290.56	0.0049111397	-5.8554319	-0.047816686
291.2	0.0047486747	-5.855553	-0.048632891
291.84	0.00446535	-5.8557638	-0.049499737
292.48	0.0043165277	-5.8559496	-0.052474665
293.12	0.0041325662	-5.8562864	-0.051304871
293.76	0.0041680916	-5.8560996	-0.05001358
294.4	0.0042358615	-5.8557549	-0.05009621
295.04	0.0044906602	-5.8557982	-0.051712124
295.68	0.0047324557	-5.8555884	-0.049979691
296.32	0.004865868	-5.8553934	-0.048468015
296.96	0.0048166705	-5.8551045	-0.05072502
297.6	0.0046426169	-5.8553475	-0.049991405
298.24	0.0044187927	-5.8557224	-0.049339918
298.88	0.0042153712	-5.8559954	-0.049725547
299.52	0.0041055495	-5.8561264	-0.050974065
300.16	0.0041400641	-5.8557826	-0.051112994
300.8	0.0043465265	-5.8558422	-0.052144116
301.44	0.0045426573	-5.8556953	-0.048093651
302.08	0.0047685165	-5.8554477	-0.049466764
302.72	0.004875791	-5.8553697	-0.050424016
303.36	0.0048226547	-5.8551549	-0.050090181
304	0.0047057022	-5.8554331	-0.048766965
304.64	0.0044037592	-5.8558064	-0.0494758
305.28	0.0042046402	-5.8561149	-0.04888955
305.92	0.004111091	-5.8560799	-0.052547711
306.56	0.004116606	-5.8560658	-0.049567862
307.2	0.0043815167	-5.8557687	-0.050873437
307.84	0.0046046502	-5.8556051	-0.049308902
308.48	0.0047533084	-5.8551501	-0.048542697
309.12	0.0049442043	-5.8553103	-0.048030614
309.76	0.0047847722	-5.8551124	-0.049620031
310.4	0.0046176681	-5.8554965	-0.05003745
311.04	0.0043828381	-5.8558672	-0.050662998
311.68	0.0041800489	-5.8559614	-0.0511651
312.32	0.0041163368	-5.8562732	-0.050429763
312.96	0.0041690765	-5.8560188	-0.050413925
313.6	0.004327846	-5.8559288	-0.04999563
314.24	0.0045814923	-5.8556143	-0.048643241
314.88	0.0047947862	-5.8555389	-0.049593209
315.52	0.0049148928	-5.8553347	-0.050689834
316.16	0.0048862145	-5.8555604	-0.049185434
316.8	0.0045527988	-5.85585	-0.050118463
317.44	0.0043937176	-5.8560348	-0.050214254
318.08	0.004131338	-5.8559691	-0.050343729
318.72	0.0041689825	-5.8560109	-0.050110839
319.36	0.0042312721	-5.856085	-0.05060718
320	0.0043571741	-5.8558633	-0.05013444
320.64	0.0046280968	-5.8554899	-0.049968992
321.28	0.0048587712	-5.8554431	-0.048203388
321.92	0.0049244143	-5.855292	-0.049435036
322.56	0.0047962686	-5.8554808	-0.049601245
323.2	0.0045015519	-5.8557516	-0.048517387
323.84	0.0043026025	-5.8558688	-0.05098705
324.48	0.0041461202	-5.8562315	-0.050038456
325.12	0.0041177761	-5.8559638	-0.050544723
325.76	0.0042345003	-5.8559558	-0.050356922
326.4	0.0044366249	-5.8556467	-0.049841784
327.04	0.0047407109	-5.8556241	-0.04955701
327.68	0.0048155508	-5.8550072	-0.0492797
328.32	0.0049039508	-5.8556325	-0.049440046
328.96	0.00476677	-5.8554067	-0.047696933
329.6	0.0045397464	-5.8555247	-0.049088764
330.24	0.004186164	-5.8560889	-0.051387128
330.88	0.0042175221	-5.8560922	-0.051621922
331.52	0.0041142672	-5.8563405	-0.050297589
332.16	0.0042138416	-5.8560093	-0.050295371
332.8	0.0044320808	-5.855525	-0.049791786
333.44	0.0047479209	-5.8555668	-0.048502684
334.08	0.0048568898	-5.8553342	-0.048747754
334.72	0.0048071841	-5.8552275	-0.04807691
335.36	0.0047787855	-5.8555808	-0.050106732
336	0.004532907	-5.8557035	-0.052223091
336.64	0.0042443633	-5.8559869	-0.050052097
337.28	0.0040757747	-5.856307	-0.051708157
337.92	0.0042003957	-5.8560806	-0.051397504
338.56	0.0042584171	-5.8559214	-0.049834192
339.2	0.004487102	-5.855585	-0.049798642
339.84	0.004763462	-5.8556068	-0.048884145
340.48	0.0048327233	-5.8554273	-0.049186909
341.12	0.0048684785	-5.8555634	-0.048749956
341.76	0.0047609441	-5.8554189	-0.050186511
342.4	0.0044111807	-5.8555899	-0.049433177
343.04	0.0041992346	-5.8557913	-0.049225516
343.68	0.0041865298	-5.8561715	-0.051554684
344.32	0.0041013242	-5.8558933	-0.050104889
344.96	0.004316931	-5.8558963	-0.050801149
345.6	0.0045690501	-5.8555908	-0.0494348
346.24	0.0047885508	-5.8555826	-0.048030552
346.88	0.0048930787	-5.8554023	-0.049086469
347.52	0.004783844	-5.8554744	-0.049809188
348.16	0.0045825725	-5.8552325	-0.049077459
348.8	0.0044312517	-5.8558527	-0.050632172
349.44	0.0042189153	-5.8559636	-0.051839036
350.08	0.0041480652	-5.8560313	-0.051292078
350.72	0.0041764624	-5.8561895	-0.04914381
351.36	0.0044349198	-5.8557841	-0.050502906
352	0.0045888061	-5.8555072	-0.04935687
352.64	0.0048318581	-5.8555982	-0.04841291
353.28	0.0048609842	-5.8553025	-0.047853487
353.92	0.0047801149	-5.8553184	-0.049855558
354.56	0.0046180751	-5.855539	-0.050029343
355.2	0.0043947366	-5.8557954	-0.050630722
355.84	0.0041778651	-5.8562111	-0.05271339
356.48	0.0041167496	-5.8560462	-0.049866117
357.12	0.0042609841	-5.8559548	-0.050298468
357.76	0.0042817178	-5.8559416	-0.049973846
358.4	0.0046832495	-5.8555494	-0.050622409
359.04	0.0047701016	-5.8551708	-0.049968568
359.68	0.0049610806	-5.8553389	-0.049153639
360.32	0.0048344388	-5.8554711	-0.049321892
360.96	0.0045854212	-5.8556594	-0.049750911
361.6	0.0043129954	-5.8557235	-0.050812035
362.24	0.0042082822	-5.8559724	-0.051311518
362.88	0.004111173	-5.8562002	-0.048995102
363.52	0.0042468837	-5.8561155	-0.05069499
364.16	0.0043887856	-5.8556915	-0.049595374
364.8	0.0046553887	-5.855468	-0.049787086
365.44	0.0049289785	-5.8555227	-0.04904304
366.08	0.0049285001	-5.8555103	-0.049977132
366.72	0.0047105973	-5.8554952	-0.047888998
367.36	0.0045255321	-5.8558328	-0.050035462
368	0.004302951	-5.8557571	-0.051085874
368.64	0.0041044482	-5.8560709	-0.050188993
369.28	0.0041118406	-5.8559585	-0.051734405
369.92	0.0042589746	-5.855996	-0.051356082
370.56	0.0045163088	-5.8557283	-0.049776104
371.2	0.0046880349	-5.855475	-0.048782163
371.84	0.0047813561	-5.8551841	-0.048612678
372.48	0.0049509037	-5.8553496	-0.049407667
373.12	0.0047660307	-5.8552925	-0.049925578
373.76	0.0044643584	-5.8559458	-0.048836989
374.4	0.0042060018	-5.855998	-0.051804758
375.04	0.0041032082	-5.8560584	-0.050656158
375.68	0.0041229764	-5.8561248	-0.050993264
376.32	0.0042356386	-5.856038	-0.049318634
376.96	0.0044536539	-5.855759	-0.049284918
377.6	0.0047377498	-5.8556098	-0.050639671
378.24	0.0048648957	-5.8553397	-0.049963493
378.88	0.0048918394	-5.8553926	-0.049347471
379.52	0.0047385083	-5.855658	-0.049394668
380.16	0.0045542813	-5.8559056	-0.051062635
380.8	0.0041815132	-5.8558366	-0.050124699
381.44	0.004206429	-5.8560504	-0.051180215
382.08	0.0040869668	-5.8558819	-0.051140826
382.72	0.0042474601	-5.8557471	-0.050170573
383.36	0.0045072371	-5.8555375	-0.049725818
384	0.0047607475	-5.855336	-0.048459157
384.64	0.0048314223	-5.8552861	-0.048756698
385.28	0.004849828	-5.8554675	-0.049019815
385.92	0.0046853255	-5.8555818	-0.04985021
386.56	0.0043191743	-5.8557584	-0.049581053
387.2	0.004173244	-5.8559756	-0.051453275
387.84	0.0040733388	-5.8562465	-0.050284851
388.48	0.004195513	-5.8561785	-0.050724859
389.12	0.0043316307	-5.8557202	-0.051447503
389.76	0.0045476887	-5.8557476	-0.049817577
390.4	0.0047217224	-5.8552383	-0.049578416
391.04	0.0048278196	-5.8554028	-0.047681923
391.68	0.0048743951	-5.8555679	-0.049767304
392.32	0.0046142592	-5.8553369	-0.04884574
392.96	0.0044148191	-5.8558239	-0.051749638
393.6	0.0041398084	-5.8559885	-0.050588753
394.24	0.0041042038	-5.8560355	-0.05069784
394.88	0.0042046844	-5.8561898	-0.052923084
395.52	0.0043805854	-5.85578	-0.05003656
396.16	0.0045658054	-5.8555063	-0.049793776
396.8	0.0049410987	-5.8555062	-0.048606717
397.44	0.0049789819	-5.85537	-0.049652716
398.08	0.0047983176	-5.8554625	-0.050052058
398.72	0.0046116511	-5.8556944	-0.049763059
399.36	0.0043310952	-5.855819	-0.050589059
400	0.0041617562	-5.8559745	-0.050404408
400.64	0.0041001333	-5.8562624	-0.051438927
401.28	0.0042049367	-5.8559485	-0.051593286
401.92	0.004434389	-5.8557784	-0.049950206
402.56	0.0046377106	-5.8555129	-0.049973713
403.2	0.0048442961	-5.8553784	-0.048246351
403.84	0.0048998249	-5.8552317	-0.049931432
404.48	0.0047868947	-5.8554631	-0.048497448
405.12	0.0045203852	-5.8556303	-0.049813445
405.76	0.0042828434	-5.8557193	-0.049965488
406.4	0.0040722057	-5.8558661	-0.052063431
407.04	0.0040976872	-5.8562322	-0.050927887
407.68	0.0042502722	-5.8560878	-0.05013439
408.32	0.0044159268	-5.8557482	-0.051229888
408.96	0.0046741855	-5.8555158	-0.050101538
409.6	0.0048092629	-5.855117	-0.049777263
410.24	0.0048486835	-5.8552823	-0.048021742
410.88	0.0048105891	-5.855383	-0.049333001
411.52	0.0045666337	-5.8558278	-0.049919044
412.16	0.0043385017	-5.8559657	-0.051444508
412.8	0.0041095947	-5.85595	-0.050994689
413.44	0.0041251785	-5.8559925	-0.051031287
414.08	0.0041822337	-5.85588	-0.049106016
414.72	0.0044631695	-5.8558433	-0.049127009
415.36	0.0047593625	-5.8555976	-0.049621072
416	0.0048103031	-5.8552178	-0.048802277
416.64	0.004909446	-5.8550914	-0.0500931
417.28	0.0047490381	-5.8554414	-0.050189824
417.92	0.0045237291	-5.8559481	-0.049420242
418.56	0.0042136032	-5.8559378	-0.050334864
419.2	0.0041006895	-5.8560202	-0.050355967
419.84	0.0041141673	-5.8560138	-0.051566582
420.48	0.004245569	-5.8558943	-0.051468334
421.12	0.0044586044	-5.8556945	-0.04932379
421.76	0.004712265	-5.8554714	-0.049416975
422.4	0.0048788742	-5.8553053	-0.048415536
423.04	0.004857683	-5.8552653	-0.047512772
423.68	0.0046593197	-5.8551498	-0.049448762
424.32	0.0044617947	-5.8558929	-0.050718777
424.96	0.0042466466	-5.856039	-0.050223484
425.6	0.0041092818	-5.8559172	-0.051611759
426.24	0.0041870711	-5.8561965	-0.049582717
426.88	0.0042873427	-5.8557114	-0.05158944
427.52	0.0045543173	-5.8557335	-0.049478957
428.16	0.0048057859	-5.855439	-0.047386824
428.8	0.0049497255	-5.8555117	-0.048866153
429.44	0.0048798453	-5.8554251	-0.048944127
430.08	0.0047093468	-5.8553613	-0.049107522
430.72	0.0043526734	-5.8558714	-0.049827194
431.36	0.0042179058	-5.8560156	-0.051158154
432	0.004145313	-5.8561546	-0.050009526
432.64	0.0041352699	-5.8560115	-0.051919598
433.28	0.0043148697	-5.8560893	-0.049567488
433.92	0.0045720129	-5.8557542	-0.049115372
434.56	0.0047874548	-5.8553488	-0.049988367
435.2	0.0049444998	-5.8553266	-0.048706124
435.84	0.0048275752	-5.8553244	-0.047672768
436.48	0.0046124312	-5.8554677	-0.04937892
437.12	0.0043582745	-5.8558974	-0.051355282
437.76	0.0042221727	-5.8562089	-0.051453459
438.4	0.004162095	-5.8560939	-0.050099155
439.04	0.0042520129	-5.8563063	-0.050645878
439.68	0.0043852267	-5.8558275	-0.050899348
440.32	0.0046042415	-5.8555688	-0.049441907
440.96	0.0047997129	-5.8553843	-0.049725971
441.6	0.0049434998	-5.8552979	-0.050516379
442.24	0.0047798263	-5.8553487	-0.048625118
442.88	0.004554288	-5.8553949	-0.050226865
443.52	0.0042494121	-5.8558623	-0.050920583
444.16	0.0042454633	-5.8561598	-0.050776577
444.8	0.0041498282	-5.8559414	-0.050475745
445.44	0.0041866222	-5.856003	-0.051018931
446.08	0.0043981153	-5.8559316	-0.050503033
446.72	0.0046501612	-5.8556413	-0.049274427
447.36	0.0047761146	-5.8552251	-0.049199867
448	0.0048735919	-5.8552625	-0.048880324
448.64	0.0048117127	-5.8553456	-0.049539739
449.28	0.0045670932	-5.8557124	-0.050483698
449.92	0.0043212641	-5.855933	-0.050100658
450.56	0.0041640274	-5.8559573	-0.051103486
451.2	0.0041052083	-5.8560452	-0.050228168
451.84	0.0042191033	-5.8559159	-0.050820155
452.48	0.0044746089	-5.8557116	-0.051232231
453.12	0.004601115	-5.8554048	-0.049335636
453.76	0.0048377074	-5.8554338	-0.048793541
454.4	0.0048366705	-5.8553038	-0.048439815
455.04	0.0047372406	-5.8553946	-0.049048278
455.68	0.0044960015	-5.8555418	-0.050425789
456.32	0.0043281179	-5.8557782	-0.05067525
456.96	0.0041541942	-5.8560337	-0.050910739
457.6	0.0041719663	-5.8560243	-0.051736996
458.24	0.0042830122	-5.8561691	-0.050488465
458.88	0.0044448733	-5.8555125	-0.04881836
459.52	0.0047186858	-5.8554744	-0.049937048
460.16	0.0049129673	-5.8554218	-0.049029723
460.8	0.0048142247	-5.8554028	-0.049140961
461.44	0.004699983	-5.855371	-0.047840361
462.08	0.0045529533	-5.8556659	-0.050888763
462.72	0.0042720902	-5.8558659	-0.049743338
463.36	0.0041147141	-5.8562025	-0.050385551
464	0.0041619197	-5.8561922	-0.050386891
464.64	0.0043126515	-5.8563257	-0.050698867
465.28	0.0044456742	-5.8556086	-0.050639799
465.92	0.0047402128	-5.8553254	-0.050623979
466.56	0.0048103021	-5.8552677	-0.049435715
467.2	0.0048464393	-5.8552806	-0.05054764
467.84	0.0046422103	-5.8553671	-0.047046787
468.48	0.0044150025	-5.855746	-0.049202149
469.12	0.0042809948	-5.8559384	-0.051692723
469.76	0.0041314957	-5.856286	-0.050421304
470.4	0.0041491596	-5.8558118	-0.050565612
471.04	0.0043083103	-5.8559953	-0.049610594
471.68	0.0045332499	-5.8555235	-0.048505006
472.32	0.0047874075	-5.8555289	-0.048740117
472.96	0.0047712227	-5.8552495	-0.048504238
473.6	0.0049098252	-5.8555142	-0.050328121
474.24	0.0046161719	-5.8553638	-0.050552267
474.88	0.0044497307	-5.8561157	-0.050200151
475.52	0.004249371	-5.8558152	-0.05021827
476.16	0.0041610935	-5.8561666	-0.050689374
476.8	0.0042273749	-5.8561237	-0.050665625
477.44	0.0042959355	-5.8560589	-0.050289116
478.08	0.0045178969	-5.8556799	-0.050268497
478.72	0.0047923048	-5.8553102	-0.047426767
479.36	0.0049373891	-5.8554509	-0.050155606
480	0.0048187877	-5.8552021	-0.047580981
480.64	0.0046118636	-5.8553363	-0.048660695
481.28	0.0043767668	-5.8558446	-0.050378677
481.92	0.0041810177	-5.8562456	-0.050721494
482.56	0.0041417351	-5.8560668	-0.05056034
483.2	0.0041418427	-5.856174	-0.050492024
483.84	0.0043724047	-5.8557847	-0.049598595
484.48	0.0045982491	-5.8557017	-0.049321104
485.12	0.0047863246	-5.8552733	-0.049168638
485.76	0.0048957353	-5.8552821	-0.049897157
486.4	0.0048926303	-5.8552147	-0.049608994
487.04	0.0045512762	-5.8555941	-0.050811724
487.68	0.0043879179	-5.8560666	-0.049608697
488.32	0.004241215	-5.8561319	-0.050316059
488.96	0.0041375765	-5.8562109	-0.050638641
489.6	0.0041366036	-5.8558803	-0.050175702
490.24	0.0043874725	-5.8557219	-0.04988502
490.88	0.004684503	-5.8556666	-0.049935342
491.52	0.004797517	-5.8553634	-0.049441361
492.16	0.0049149442	-5.8553216	-0.048844449
492.8	0.0048103675	-5.8554256	-0.048932441
493.44	0.0046123493	-5.8556455	-0.049420397
494.08	0.0043991441	-5.8559407	-0.051001175
494.72	0.0041075546	-5.8557803	-0.050122074
495.36	0.0040778151	-5.8559957	-0.050239234
496	0.0042323425	-5.8561028	-0.050619955
496.64	0.0043719871	-5.8556024	-0.048794972
497.28	0.0045964871	-5.8553348	-0.048613886
497.92	0.0048171818	-5.8553675	-0.049343296
498.56	0.004889163	-5.8555247	-0.048925311
499.2	0.0048742959	-5.8554727	-0.049925196
499.84	0.0045264633	-5.855742	-0.049341799
