0	0.0074387867	-5.8477184	-0.010131842
0.64	0.0074977743	-5.8474825	-0.012122925
1.28	0.007345269	-5.8475246	-0.011421943
1.92	0.0076325514	-5.8475732	-0.013440672
2.56	0.0076613751	-5.8476963	-0.010993276
3.2	0.0075459813	-5.8474779	-0.010775197
3.84	0.0075637578	-5.8474606	-0.011728706
4.48	0.0075647411	-5.8475787	-0.011157352
5.12	0.0074132635	-5.8477341	-0.009327982
5.76	0.0073795882	-5.8475422	-0.012575548
6.4	0.0074280598	-5.847607	-0.011688794
7.04	0.0073939595	-5.8474691	-0.011728401
7.68	0.0074090085	-5.8474885	-0.010179009
8.32	0.0076244415	-5.8476557	-0.0098553149
8.96	0.0076291263	-5.8476868	-0.010774038
9.6	0.0075452771	-5.8475321	-0.0088652194
10.24	0.0075176015	-5.8475341	-0.0095578388
10.88	0.0074543487	-5.8477148	-0.01082145
11.52	0.007415736	-5.8473555	-0.012343974
12.16	0.0074947393	-5.8475817	-0.01246524
12.8	0.0075909445	-5.8476021	-0.010258986
13.44	0.0074443341	-5.8474031	-0.011647971
14.08	0.0074775676	-5.8474266	-0.00953463
14.72	0.007550549	-5.8476139	-0.010686879
15.36	0.007485114	-5.8477603	-0.010630522
16	0.0075230719	-5.847698	-0.01084519
16.64	0.0073948311	-5.8473954	-0.011826624
17.28	0.007493233	-5.8479517	-0.012292456
17.92	0.0073623091	-5.8478602	-0.010897583
18.56	0.0075196284	-5.8477189	-0.010726981
19.2	0.0076383071	-5.8477995	-0.013097416
19.84	0.0074066301	-5.8474706	-0.011333966
20.48	0.0075257156	-5.8476542	-0.0081265148
21.12	0.0076275214	-5.8474182	-0.011401054
21.76	0.0074819009	-5.8474905	-0.0100246
22.4	0.0075978749	-5.8478344	-0.010657297
23.04	0.0074301531	-5.8476496	-0.0094789821
23.68	0.0073652796	-5.8475014	-0.0091574486
24.32	0.0073763778	-5.8475213	-0.011465067
24.96	0.0074631411	-5.847787	-0.010240874
25.6	0.0074668345	-5.8475327	-0.010138667
26.24	0.0076362868	-5.8478393	-0.01178041
26.88	0.007596405	-5.8479349	-0.012052462
27.52	0.0075355396	-5.8477355	-0.010170514
28.16	0.0075604898	-5.8475485	-0.010642855
28.8	0.0075233451	-5.8475872	-0.010249873
29.44	0.0074838213	-5.8475993	-0.010568769
30.08	0.0074903143	-5.8476557	-0.01111241
30.72	0.0075380259	-5.8477967	-0.010397685
31.36	0.0075463328	-5.8476768	-0.010432054
32	0.0074847061	-5.8478174	-0.010032634
32.64	0.0073766739	-5.8475549	-0.011451132
33.28	0.0074874267	-5.8476698	-0.011653139
33.92	0.0074104328	-5.8476421	-0.011831428
34.56	0.0075680707	-5.8474354	-0.011865215
35.2	0.0075186513	-5.8479298	-0.010660503
35.84	0.0074252915	-5.8476731	-0.0094430621
36.48	0.0073923087	-5.8477623	-0.010382778
37.12	0.0075054763	-5.8479052	-0.010308026
37.76	0.0075129208	-5.847646	-0.010100533
38.4	0.0075721339	-5.8479136	-0.0096483007
39.04	0.0075039171	-5.8478343	-0.010682184
39.68	0.0075052341	-5.8477954	-0.008406353
40.32	0.00736721	-5.8475021	-0.010712929
40.96	0.0075444678	-5.8477294	-0.012444563
41.6	0.0074996939	-5.8475157	-0.010603613
42.24	0.0075757438	-5.8476409	-0.0094663902
42.88	0.0074754488	-5.8476569	-0.011008012
43.52	0.0075052166	-5.8474986	-0.012444073
44.16	0.0076376048	-5.8479588	-0.0088324942
44.8	0.007438581	-5.8477345	-0.010624859
45.44	0.0074827322	-5.8480362	-0.0099552756
46.08	0.0074535939	-5.8478555	-0.0097812508
46.72	0.0074530677	-5.8476602	-0.0100804
47.36	0.0075994101	-5.8477776	-0.01300215
48	0.0074241563	-5.8474306	-0.010065752
48.64	0.0074433359	-5.8473866	-0.010606541
49.28	0.0075372966	-5.8480036	-0.011971309
49.92	0.0074248554	-5.8474121	-0.0098616183
50.56	0.0073745683	-5.8474833	-0.011223238
51.2	0.007430241	-5.847734	-0.0092572443
51.84	0.0076420777	-5.8478231	-0.0095633945
52.48	0.0076699652	-5.847608	-0.012091922
53.12	0.0075504244	-5.8476558	-0.011007115
53.76	0.0074117108	-5.8475704	-0.011172532
54.4	0.0075755261	-5.8477289	-0.01004331
55.04	0.0074681567	-5.8476104	-0.0098587004
55.68	0.0074448585	-5.8477191	-0.010826258
56.32	0.0075049984	-5.8478665	-0.0096006105
56.96	0.0073949567	-5.8477381	-0.010259108
57.6	0.0074245164	-5.8479894	-0.01056605
58.24	0.0075360269	-5.8476182	-0.010868577
58.88	0.0075572857	-5.8476611	-0.01048891
59.52	0.0073360038	-5.8472665	-0.0091371746
60.16	0.0073804812	-5.847296	-0.010670246
60.8	0.0075156664	-5.8479041	-0.011370148
61.44	0.007451731	-5.8474274	-0.0094298935
62.08	0.0074633437	-5.8476767	-0.0097204542
62.72	0.0074577153	-5.8478501	-0.010982546
63.36	0.0074793961	-5.8475633	-0.010645985
64	0.0075647345	-5.8477968	-0.010718971
64.64	0.0074336731	-5.8476101	-0.0098293649
65.28	0.0076067367	-5.8477705	-0.012264004
65.92	0.0076500613	-5.847655	-0.010043918
66.56	0.0074422379	-5.8476677	-0.012533557
67.2	0.0075088591	-5.8476378	-0.0087968946
67.84	0.0074317905	-5.8476936	-0.01075664
68.48	0.0074761282	-5.8475862	-0.01025063
69.12	0.0073915653	-5.8473858	-0.010235948
69.76	0.0074460331	-5.8479929	-0.010841634
70.4	0.0075153368	-5.8476626	-0.010054968
71.04	0.0074482217	-5.8476002	-0.010466166
71.68	0.0073837503	-5.8476442	-0.01079288
72.32	0.0075745564	-5.847734	-0.0098434318
72.96	0.0074258483	-5.8475056	-0.010335322
73.6	0.0075306056	-5.8472766	-0.0092367319
74.24	0.0075118571	-5.8478524	-0.011083692
74.88	0.0074185155	-5.8476842	-0.0089813017
75.52	0.0075478312	-5.8481293	-0.0095187232
76.16	0.0073609	-5.8475243	-0.0085392209
76.8	0.0075150819	-5.8478241	-0.010415012
77.44	0.007471224	-5.8476454	-0.0090445254
78.08	0.0074021087	-5.8474555	-0.010057232
78.72	0.0075505417	-5.8476515	-0.012540536
79.36	0.0074830723	-5.8473852	-0.01129185
80	0.0075024491	-5.8477424	-0.010682423
80.64	0.0074091153	-5.8476186	-0.0098733399
81.28	0.0074971858	-5.8475288	-0.011434726
81.92	0.0075629527	-5.8478834	-0.011081033
82.56	0.0074138837	-5.8475321	-0.0099108995
83.2	0.0073043467	-5.8474351	-0.010418853
83.84	0.007422119	-5.8476253	-0.010096857
84.48	0.0074715709	-5.847651	-0.009153241
85.12	0.0074371843	-5.8474631	-0.011210473
85.76	0.0074381368	-5.8477151	-0.0096178769
86.4	0.0074811967	-5.8474635	-0.010102529
87.04	0.0075457072	-5.84775	-0.0097748688
87.68	0.0074501061	-5.8474913	-0.011334165
88.32	0.0074493822	-5.8478587	-0.010390588
88.96	0.0074121811	-5.8473471	-0.0089627426
89.6	0.0074901714	-5.8476869	-0.012047203
90.24	0.0075508393	-5.8474985	-0.0097020949
90.88	0.0074724806	-5.8477041	-0.012906676
91.52	0.007471034	-5.8475179	-0.009958856
92.16	0.0075550691	-5.8476013	-0.011730291
92.8	0.0075216179	-5.8480243	-0.0095524849
93.44	0.0074788677	-5.847802	-0.010165653
94.08	0.0074879019	-5.8475984	-0.010974325
94.72	0.0075036098	-5.8477071	-0.010354836
95.36	0.0074737857	-5.8477038	-0.0098576291
96	0.0074225099	-5.8475734	-0.012054634
96.64	0.0075050497	-5.8477106	-0.011563674
97.28	0.0075342797	-5.8475685	-0.0088725403
97.92	0.0074505044	-5.8474562	-0.0098815506
98.56	0.0075065239	-5.8475524	-0.01205283
99.2	0.0074572839	-5.8478254	-0.0099611875
99.84	0.0075007081	-5.8478277	-0.010880417
100.48	0.0074931407	-5.8475131	-0.0097292431
101.12	0.007515758	-5.8478905	-0.011762061
101.76	0.0073287637	-5.8474742	-0.0096935845
102.4	0.0074059454	-5.8475156	-0.010123708
103.04	0.0075738417	-5.8473224	-0.011962807
103.68	0.0074905463	-5.8474105	-0.0088522409
104.32	0.0075154052	-5.8476506	-0.010196899
104.96	0.0075949409	-5.8475775	-0.0086456824
105.6	0.0075442407	-5.8476309	-0.011225041
106.24	0.0075324749	-5.8478291	-0.010351694
106.88	0.0075383146	-5.8477946	-0.012636283
107.52	0.0074689122	-5.8476978	-0.010122613
108.16	0.0074936024	-5.8478451	-0.011910094
108.8	0.0074037385	-5.8476133	-0.010721592
109.44	0.0075113866	-5.8476855	-0.0085567457
110.08	0.0074275693	-5.8477251	-0.0099146309
110.72	0.0074838943	-5.8473338	-0.0095307658
111.36	0.0073690863	-5.8473139	-0.0075543351
112	0.0075204148	-5.847705	-0.010823049
112.64	0.0074511722	-5.8477761	-0.0090746408
113.28	0.0075088025	-5.8478764	-0.010933959
113.92	0.0075025843	-5.8477417	-0.0094709137
114.56	0.007451291	-5.8476294	-0.01150558
115.2	0.0074131029	-5.8475417	-0.0087903063
115.84	0.0074508035	-5.847406	-0.011015819
116.48	0.0074952252	-5.8474634	-0.010529083
117.12	0.0074413831	-5.8476346	-0.010007715
117.76	0.0075193421	-5.847585	-0.010348395
118.4	0.0074661117	-5.8478031	-0.010936838
119.04	0.0074873236	-5.8473314	-0.010902455
119.68	0.0076024702	-5.8479093	-0.011345516
120.32	0.0074002503	-5.8476082	-0.0099075226
120.96	0.007566326	-5.8479635	-0.011336913
121.6	0.0074603222	-5.8477646	-0.010339443
122.24	0.0074286816	-5.8474272	-0.010171176
122.88	0.0074880671	-5.8479007	-0.011018209
123.52	0.0074745884	-5.8475624	-0.011935652
124.16	0.007561461	-5.8477118	-0.010631356
124.8	0.0075615276	-5.8476875	-0.011357368
125.44	0.0074480539	-5.8477169	-0.010279761
126.08	0.0074501513	-5.8479667	-0.0099141552
126.72	0.007368463	-5.8475348	-0.009406198
127.36	0.0074437789	-5.847668	-0.010161967
128	0.0073886093	-5.8478808	-0.010839185
128.64	0.0074438814	-5.8479425	-0.010714812
129.28	0.0075024843	-5.8480453	-0.011417376
129.92	0.0075183432	-5.8478404	-0.010273196
130.56	0.0075166939	-5.8476844	-0.010677592
131.2	0.0075044247	-5.8476349	-0.010479278
131.84	0.0075445549	-5.8476574	-0.0083639629
132.48	0.00747708	-5.8480366	-0.010730251
133.12	0.0074484611	-5.8478357	-0.0095087787
133.76	0.0072654377	-5.8477449	-0.010035835
134.4	0.0074511978	-5.8476196	-0.012788046
135.04	0.0074426236	-5.8478967	-0.010561987
135.68	0.0073959597	-5.8478033	-0.0096481009
136.32	0.0076309432	-5.8477189	-0.010151963
136.96	0.0074434271	-5.8478504	-0.0084212928
137.6	0.0074687814	-5.847417	-0.011103742
138.24	0.0074197799	-5.8477568	-0.010753722
138.88	0.0075639384	-5.8479358	-0.012319845
139.52	0.0074043145	-5.8478742	-0.0081631246
140.16	0.0075072267	-5.8480373	-0.010910502
140.8	0.0075355479	-5.8478644	-0.009518318
141.44	0.0075055259	-5.8479231	-0.010226226
142.08	0.0075034583	-5.8478926	-0.0090186055
142.72	0.0075704619	-5.8476789	-0.010093169
143.36	0.0075003749	-5.8475692	-0.0096583364
144	0.0075111052	-5.8475697	-0.011179095
144.64	0.0073649735	-5.8476332	-0.0098163781
145.28	0.0074463606	-5.8477896	-0.010985889
145.92	0.0075402934	-5.8477792	-0.011402521
146.56	0.0073808946	-5.8476713	-0.010248226
147.2	0.0074560178	-5.8477452	-0.0090290112
147.84	0.0074941618	-5.8478933	-0.010464232
148.48	0.0075562097	-5.8477773	-0.010719953
149.12	0.007415593	-5.8479945	-0.0089328259
149.76	0.0075991926	-5.8478616	-0.0096823641
150.4	0.0075623445	-5.8475975	-0.010791176
151.04	0.0074707546	-5.8478782	-0.010944184
151.68	0.0074692147	-5.8475546	-0.010259017
152.32	0.0074117202	-5.8476406	-0.010521492
152.96	0.0074914661	-5.8479959	-0.011286674
153.6	0.0074891185	-5.8478981	-0.0090504875
154.24	0.0074311189	-5.8476714	-0.0098942519
154.88	0.0074898802	-5.847588	-0.009920961
155.52	0.0075799656	-5.8479106	-0.010856194
156.16	0.0074857026	-5.8479632	-0.0080578274
156.8	0.0076153765	-5.8476461	-0.010810126
157.44	0.0074901375	-5.8477804	-0.01219018
158.08	0.0075544237	-5.8477456	-0.01020604
158.72	0.0075631075	-5.8479323	-0.01120774
159.36	0.0073198647	-5.8477126	-0.011934006
160	0.0074694948	-5.8479286	-0.010487904
160.64	0.0074926443	-5.8476658	-0.010103623
161.28	0.0074015405	-5.8476613	-0.0099062118
161.92	0.0075190981	-5.8475707	-0.011329147
162.56	0.0074559384	-5.8476509	-0.010852326
163.2	0.0075275739	-5.8477585	-0.01064799
163.84	0.0074880487	-5.8478637	-0.0091775303
164.48	0.0074468861	-5.8477437	-0.0094930888
165.12	0.0074825406	-5.8477626	-0.0090351681
165.76	0.0073447346	-5.8475911	-0.010252109
166.4	0.0075032218	-5.8480227	-0.011870072
167.04	0.0073910646	-5.8477631	-0.011758279
167.68	0.0075194887	-5.8478916	-0.0095651234
168.32	0.0075340461	-5.8477883	-0.010217313
168.96	0.0075072653	-5.8478628	-0.010780226
169.6	0.007480361	-5.8477998	-0.011443602
170.24	0.0074688693	-5.8478191	-0.010646414
170.88	0.007336691	-5.8478204	-0.010428706
171.52	0.0074331199	-5.8476748	-0.0089601911
172.16	0.0075286057	-5.8477459	-0.009875736
172.8	0.0075184003	-5.8479378	-0.012763062
173.44	0.0074776973	-5.8476	-0.010823511
174.08	0.0075382659	-5.8476744	-0.011278611
174.72	0.0076559229	-5.8476384	-0.011227063
175.36	0.0074652755	-5.8476347	-0.0095757123
176	0.0074840196	-5.8476844	-0.010406057
176.64	0.0074505966	-5.8476381	-0.0095725022
177.28	0.0074721194	-5.8480091	-0.010376935
177.92	0.0074100001	-5.8476262	-0.011481508
178.56	0.007380888	-5.8478226	-0.0099866796
179.2	0.0075471219	-5.847898	-0.00998297
179.84	0.0074411255	-5.8475349	-0.011548781
180.48	0.0076515097	-5.8477874	-0.010217622
181.12	0.0076278192	-5.8477637	-0.010258816
181.76	0.0074898934	-5.8475987	-0.0099062599
182.4	0.0075687798	-5.8478191	-0.011445954
183.04	0.0074478623	-5.8475095	-0.010917809
183.68	0.0073774304	-5.8476359	-0.010433383
184.32	0.0073848712	-5.8477132	-0.011091884
184.96	0.0074283151	-5.8478753	-0.011057446
185.6	0.0075294556	-5.8479806	-0.0095344003
186.24	0.0074940867	-5.8477272	-0.013665342
186.88	0.0075496348	-5.8478512	-0.011986924
187.52	0.007616842	-5.8476982	-0.010230805
188.16	0.0075116863	-5.8475969	-0.010952813
188.8	0.0075527696	-5.8477527	-0.0087507307
189.44	0.0074697123	-5.8478707	-0.011569416
190.08	0.0074318349	-5.8478246	-0.011882391
190.72	0.0074132296	-5.847774	-0.011126867
191.36	0.0074026648	-5.847763	-0.011463706
192	0.0075176068	-5.8478513	-0.011995427
192.64	0.0074200466	-5.8477819	-0.0072574918
193.28	0.0075818848	-5.8477663	-0.0106635
193.92	0.0075350582	-5.8473898	-0.010610749
194.56	0.0074737352	-5.8477225	-0.010127525
195.2	0.0074196732	-5.8476898	-0.010516183
195.84	0.0075110112	-5.8478322	-0.011097832
196.48	0.0073896915	-5.8480908	-0.0097149468
197.12	0.0074830941	-5.8479787	-0.011837385
197.76	0.0074177057	-5.8477959	-0.010120441
198.4	0.0074178161	-5.8477114	-0.0094117605
199.04	0.0074002114	-5.8475538	-0.010200219
199.68	0.0075034534	-5.8477873	-0.010449157
200.32	0.0075398116	-5.8477341	-0.012360466
200.96	0.0075154354	-5.8479078	-0.010446187
201.6	0.0075251984	-5.8479412	-0.0093351051
202.24	0.0074132146	-5.8475912	-0.010744363
202.88	0.0074236628	-5.8478628	-0.010880908
203.52	0.0074259191	-5.8477218	-0.011574565
204.16	0.0073726144	-5.8481183	-0.0099539513
204.8	0.0074605287	-5.8477985	-0.010963573
205.44	0.0074939948	-5.8478098	-0.011061473
206.08	0.0074605945	-5.8478498	-0.011776536
206.72	0.0074599898	-5.8477995	-0.011516625
207.36	0.0074446593	-5.8476745	-0.010169368
208	0.0075307734	-5.8478132	-0.013427555
208.64	0.0075160229	-5.8477309	-0.0087183317
209.28	0.0075351897	-5.8479206	-0.010233025
209.92	0.0075412368	-5.8477973	-0.010599167
210.56	0.0075311287	-5.8479368	-0.01058205
211.2	0.0073696972	-5.847626	-0.011561771
211.84	0.007353302	-5.8475419	-0.009629316
212.48	0.0074733067	-5.8478376	-0.0099760639
213.12	0.0074984791	-5.8475623	-0.0084255662
213.76	0.0075435235	-5.847522	-0.012409714
214.4	0.007427947	-5.8476377	-0.011159811
215.04	0.0075330562	-5.8478673	-0.0099428204
215.68	0.0074347816	-5.8477515	-0.01096579
216.32	0.0073689871	-5.8477718	-0.0097232602
216.96	0.0075723861	-5.8478389	-0.011872156
217.6	0.0075277593	-5.8476155	-0.010361469
218.24	0.0074620164	-5.847814	-0.011774369
218.88	0.0074899629	-5.8477149	-0.010569626
219.52	0.0076139488	-5.8482476	-0.010778958
220.16	0.0075481045	-5.8476765	-0.011490961
220.8	0.0075078186	-5.847806	-0.0088090965
221.44	0.0074781274	-5.847802	-0.012607719
222.08	0.0074290296	-5.8476931	-0.011369437
222.72	0.0073912948	-5.8477407	-0.0099483681
223.36	0.0074617929	-5.8479056	-0.011018394
224	0.007613438	-5.8478115	-0.013282867
224.64	0.0075281161	-5.8477108	-0.010246062
225.28	0.0075387749	-5.8478502	-0.010891788
225.92	0.0075907351	-5.8479212	-0.010000234
226.56	0.0074989527	-5.8475204	-0.010810152
227.2	0.007550449	-5.847746	-0.011678946
227.84	0.0075616903	-5.8479366	-0.0091194322
228.48	0.0073559373	-5.8476425	-0.011033796
229.12	0.0074836493	-5.84784	-0.011048974
229.76	0.0073924298	-5.8476898	-0.0095918925
230.4	0.0074443925	-5.8475172	-0.010118683
231.04	0.0076023024	-5.8476071	-0.01116808
231.68	0.0075210342	-5.8477444	-0.010334022
232.32	0.0075618658	-5.8477328	-0.0096107779
232.96	0.0075496689	-5.8475715	-0.0086454626
233.6	0.0072801611	-5.8475678	-0.0096645754
234.24	0.0073978021	-5.8474651	-0.01252725
234.88	0.0074763836	-5.8479947	-0.01022878
235.52	0.0074520202	-5.8477367	-0.010093678
236.16	0.0074166594	-5.8478376	-0.010009974
236.8	0.0075421747	-5.8478139	-0.011747287
237.44	0.007636655	-5.8478756	-0.010365441
238.08	0.0074829953	-5.8476312	-0.0082115322
238.72	0.0074601856	-5.8475336	-0.012731705
239.36	0.007542111	-5.8478532	-0.0091699436
240	0.0074514133	-5.8477289	-0.010473491
240.64	0.0074356349	-5.8479693	-0.013136354
241.28	0.0074414742	-5.8479387	-0.0093539735
241.92	0.0074421494	-5.8479763	-0.0096002813
242.56	0.0074668003	-5.8475667	-0.011204833
243.2	0.0074123625	-5.8475224	-0.0096372706
243.84	0.0076507878	-5.8478498	-0.0098807481
244.48	0.0076606821	-5.8475884	-0.012688926
245.12	0.0075493685	-5.8478282	-0.010547183
245.76	0.0074596184	-5.847566	-0.010980688
246.4	0.0075126989	-5.8476858	-0.011486903
247.04	0.0075552534	-5.8478628	-0.011855775
247.68	0.0074667296	-5.84793	-0.011583787
248.32	0.0075575416	-5.8477316	-0.012078047
248.96	0.0074311385	-5.8477008	-0.010046582
249.6	0.0074432077	-5.8477611	-0.0098573225
250.24	0.0074551352	-5.8476404	-0.0087388254
250.88	0.0075587883	-5.8477477	-0.0085807599
251.52	0.0073776948	-5.8474675	-0.011318543
252.16	0.0074508003	-5.8475404	-0.0097420349
252.8	0.0074592686	-5.8478452	-0.01071442
253.44	0.0072540759	-5.8476782	-0.011477192
254.08	0.0074914524	-5.8477829	-0.013355953
254.72	0.0074233243	-5.8479279	-0.011784493
255.36	0.0075555384	-5.8477963	-0.00986948
256	0.0075508809	-5.8478119	-0.011184267
256.64	0.0074771342	-5.8475921	-0.0097172537
257.28	0.0074234346	-5.8476419	-0.0088390034
257.92	0.0074797277	-5.8476586	-0.010064873
258.56	0.0075594574	-5.8479004	-0.012215726
259.2	0.0075020401	-5.8477135	-0.01211294
259.84	0.0075028682	-5.8479771	-0.011596994
260.48	0.007448857	-5.8477493	-0.0099556293
261.12	0.007429688	-5.8478261	-0.010635168
261.76	0.0073622401	-5.8477273	-0.011676758
262.4	0.0074975642	-5.8477763	-0.010439191
263.04	0.0075678913	-5.8476649	-0.0082848133
263.68	0.0073834629	-5.8476002	-0.011431078
264.32	0.0075098083	-5.8477964	-0.011604604
264.96	0.0076161109	-5.847734	-0.01072899
265.6	0.0075284658	-5.8479017	-0.010205373
266.24	0.0074304326	-5.8477989	-0.012197042
266.88	0.0075214284	-5.8479143	-0.012759131
267.52	0.0075150419	-5.847976	-0.010536477
268.16	0.0075793109	-5.8478644	-0.010892532
268.8	0.007427257	-5.8476964	-0.011351129
269.44	0.0075259052	-5.8475853	-0.0099708739
270.08	0.007475235	-5.8475562	-0.010429337
270.72	0.0073478262	-5.847294	-0.010301512
271.36	0.0075304001	-5.8477408	-0.011452838
272	0.0074351823	-5.8478724	-0.011254952
272.64	0.0074968521	-5.8478085	-0.010565215
273.28	0.0074214331	-5.8477777	-0.010768592
273.92	0.0075126302	-5.8476797	-0.011410909
274.56	0.0073682657	-5.8475888	-0.0098938058
275.2	0.0075015229	-5.8477534	-0.012959548
275.84	0.0075592821	-5.8477336	-0.011031816
276.48	0.007635137	-5.8477442	-0.0097329997
277.12	0.0075906476	-5.847545	-0.00877059
277.76	0.0075429803	-5.8476977	-0.011453798
278.4	0.0073266142	-5.8477502	-0.010197156
279.04	0.0074863194	-5.8479273	-0.012071815
279.68	0.0074933571	-5.8479638	-0.011281602
280.32	0.0073643126	-5.8479074	-0.0079693021
280.96	0.0075360059	-5.8478583	-0.0098391932
281.6	0.0075376497	-5.8476586	-0.010160403
282.24	0.0075836175	-5.8477773	-0.0090509392
282.88	0.0074842303	-5.8474623	-0.009852694
283.52	0.0075239172	-5.8479417	-0.0099673515
284.16	0.0074678816	-5.8479577	-0.01095826
284.8	0.0074801583	-5.8479751	-0.0099431461
285.44	0.0073521054	-5.8477926	-0.010075791
286.08	0.0074089509	-5.8475138	-0.0098939929
286.72	0.0073941275	-5.8477685	-0.010947782
287.36	0.0074809282	-5.8474171	-0.011876424
288	0.0074268533	-5.8477687	-0.010954021
288.64	0.0074816351	-5.8477535	-0.0099709077
289.28	0.0076516566	-5.8478432	-0.012434563
289.92	0.0074334994	-5.847787	-0.0098557747
290.56	0.0075722481	-5.8480532	-0.010378157
291.2	0.0075218924	-5.8476443	-0.010041471
291.84	0.0074484386	-5.8478353	-0.011841602
292.48	0.0076213456	-5.848028	-0.010617575
293.12	0.0075505865	-5.8477552	-0.010025812
293.76	0.0074766965	-5.8475406	-0.010722226
294.4	0.0075638229	-5.8478223	-0.011098735
295.04	0.0075390052	-5.8476811	-0.011775138
295.68	0.0075371305	-5.8476319	-0.011749727
296.32	0.007405244	-5.8478097	-0.0091974066
296.96	0.0074869746	-5.8479019	-0.0097740138
297.6	0.0073380034	-5.8475685	-0.0094503466
298.24	0.0073438764	-5.8476115	-0.011198807
298.88	0.007549056	-5.8478302	-0.01145323
299.52	0.0076211769	-5.8478448	-0.011299407
300.16	0.0075528108	-5.847672	-0.0098930902
300.8	0.0074620106	-5.8477902	-0.0093175562
301.44	0.0076024591	-5.8477331	-0.011473928
302.08	0.007286638	-5.8475463	-0.010081243
302.72	0.0074745613	-5.8476536	-0.011099122
303.36	0.0074692649	-5.8477257	-0.0081736524
304	0.0074698615	-5.8478981	-0.0096027206
304.64	0.0074390233	-5.847973	-0.01011061
305.28	0.0074680065	-5.847851	-0.010660598
305.92	0.0075280244	-5.8477369	-0.0095705631
306.56	0.0074995126	-5.8477589	-0.012224099
307.2	0.0075469439	-5.8478896	-0.011823722
307.84	0.0074543672	-5.8475759	-0.0078250041
308.48	0.0075934216	-5.8477013	-0.010575437
309.12	0.00738444	-5.8477176	-0.012190711
309.76	0.0075122007	-5.8474149	-0.0099991201
310.4	0.0075024188	-5.8479121	-0.011824367
311.04	0.007455858	-5.8477956	-0.011555375
311.68	0.0073899139	-5.8478597	-0.0095257051
312.32	0.0074957636	-5.8480121	-0.0093559221
312.96	0.0074132445	-5.847682	-0.0084262992
313.6	0.0074790553	-5.8479099	-0.01080282
314.24	0.007510702	-5.8476884	-0.0095272804
314.88	0.0075233008	-5.8476854	-0.012099369
315.52	0.007473885	-5.8476962	-0.010750565
316.16	0.0074739768	-5.8479269	-0.011237401
316.8	0.0073742975	-5.8474598	-0.012744994
317.44	0.0075073876	-5.8479522	-0.0084819868
318.08	0.0074369779	-5.8476978	-0.010209222
318.72	0.0075892752	-5.8478866	-0.011277808
319.36	0.0074493149	-5.8476379	-0.010190633
320	0.007537419	-5.8478944	-0.010557251
320.64	0.0075529644	-5.8478029	-0.0095354234
321.28	0.0076000372	-5.8478057	-0.01159597
321.92	0.0075035275	-5.847839	-0.0095921058
322.56	0.0074317259	-5.8477342	-0.011862472
323.2	0.0074574487	-5.847654	-0.0092793347
323.84	0.0074332747	-5.8476763	-0.010122713
324.48	0.0075579417	-5.8479488	-0.010987947
325.12	0.0075159216	-5.8477843	-0.011318774
325.76	0.0075169694	-5.8475484	-0.0097826228
326.4	0.0075825287	-5.8477828	-0.011366753
327.04	0.0074512549	-5.8477368	-0.0093885859
327.68	0.0075284418	-5.8476765	-0.011013561
328.32	0.0074802849	-5.8477759	-0.011345743
328.96	0.0073495029	-5.8475266	-0.011658773
329.6	0.0074548937	-5.8477609	-0.0085239527
330.24	0.0073703631	-5.8477391	-0.0099637346
330.88	0.0075600386	-5.8479201	-0.011176322
331.52	0.0074651339	-5.8479587	-0.011745066
332.16	0.0074713257	-5.8477617	-0.010237538
332.8	0.0074911917	-5.8474257	-0.0096950727
333.44	0.0074625696	-5.8476049	-0.0091004668
334.08	0.0075661419	-5.8479998	-0.0097302986
334.72	0.0074162806	-5.8476248	-0.011136271
335.36	0.0074412904	-5.847786	-0.010606357
336	0.0074861359	-5.847779	-0.0086748767
336.64	0.0074545467	-5.847991	-0.0086821575
337.28	0.0074904367	-5.8477269	-0.010917818
337.92	0.0075451844	-5.8478121	-0.0091282601
338.56	0.0075150293	-5.8477508	-0.0094547027
339.2	0.0075378959	-5.8479641	-0.0098033161
339.84	0.0075797507	-5.8477417	-0.0092396564
340.48	0.0074404327	-5.8476524	-0.011122345
341.12	0.0074380572	-5.8474028	-0.0097846208
341.76	0.0074477556	-5.8476661	-0.011348408
342.4	0.0075051853	-5.8476496	-0.010376019
343.04	0.0073665876	-5.84763	-0.01156358
343.68	0.0074886743	-5.8478187	-0.0087234057
344.32	0.0073951696	-5.8474595	-0.010179129
344.96	0.0074815671	-5.8478967	-0.011275684
345.6	0.0075459702	-5.8477367	-0.012023841
346.24	0.0077169946	-5.8479743	-0.0095383931
346.88	0.0075911691	-5.8479945	-0.012105831
347.52	0.0074130641	-5.8475914	-0.010503232
348.16	0.0074461234	-5.8477751	-0.010012128
348.8	0.0075603333	-5.847921	-0.012124702
349.44	0.0074011817	-5.8479851	-0.011165569
350.08	0.0074304098	-5.8474476	-0.010509116
350.72	0.0075323573	-5.8479321	-0.010499317
351.36	0.0075406403	-5.8476539	-0.012345153
352	0.0074938211	-5.8476063	-0.010223591
352.64	0.007437939	-5.8476329	-0.009474482
353.28	0.0074444848	-5.8476426	-0.0089991494
353.92	0.0074798925	-5.847521	-0.010014074
354.56	0.0075218719	-5.8478025	-0.010788921
355.2	0.0075025974	-5.8476771	-0.012203721
355.84	0.0074985561	-5.8476761	-0.0095295742
356.48	0.0074267599	-5.8477869	-0.010626042
357.12	0.0075508079	-5.8478323	-0.0093246369
357.76	0.0075195746	-5.8477657	-0.010979267
358.4	0.0074967191	-5.8477858	-0.011126751
359.04	0.007464769	-5.8477055	-0.01036979
359.68	0.007512493	-5.8478097	-0.0090381184
360.32	0.0075573525	-5.8478943	-0.010473185
360.96	0.0073741452	-5.8477717	-0.010909916
361.6	0.0074491121	-5.8476971	-0.011657953
362.24	0.0074037592	-5.8478454	-0.010392205
362.88	0.0074662759	-5.8480108	-0.011127527
363.52	0.0074428031	-5.8474699	-0.0089244852
364.16	0.007574906	-5.8478709	-0.011084272
364.8	0.0074882517	-5.8476787	-0.012509169
365.44	0.007452575	-5.8479322	-0.010486912
366.08	0.0074351895	-5.8477574	-0.0077552578
366.72	0.0074943486	-5.8476669	-0.0081759482
367.36	0.0074623093	-5.8478142	-0.011443718
368	0.0074043967	-5.847701	-0.010583003
368.64	0.0074801056	-5.8475988	-0.010877482
369.28	0.0074944934	-5.8480255	-0.010796285
369.92	0.0074985982	-5.8476253	-0.0078728578
370.56	0.0074682029	-5.8478422	-0.011159292
371.2	0.007522663	-5.8475774	-0.010424435
371.84	0.0075413439	-5.8479397	-0.0097792495
372.48	0.0075728606	-5.8478474	-0.011944607
373.12	0.0075402451	-5.8477768	-0.01122428
373.76	0.0074353965	-5.8477455	-0.012440668
374.4	0.0075908433	-5.847845	-0.010284719
375.04	0.0075734112	-5.8479627	-0.010502507
375.68	0.0075085708	-5.847689	-0.011058198
376.32	0.0074993379	-5.8476687	-0.010926177
376.96	0.0075086877	-5.8476361	-0.0090672838
377.6	0.0075957295	-5.8477698	-0.010866625
378.24	0.0074555522	-5.8481725	-0.0095787769
378.88	0.0074341736	-5.8478849	-0.0089642106
379.52	0.007417157	-5.8478569	-0.010690405
380.16	0.0075368882	-5.8477743	-0.010094227
380.8	0.0075920568	-5.8477855	-0.012287054
381.44	0.0074267169	-5.8476292	-0.011210435
382.08	0.0074623943	-5.8478634	-0.010791739
382.72	0.0073812259	-5.8474326	-0.0097549122
383.36	0.0074829644	-5.8478756	-0.0093989212
384	0.0074151092	-5.8475873	-0.0098994137
384.64	0.0075538543	-5.8477931	-0.011109288
385.28	0.0073116533	-5.8475162	-0.010538184
385.92	0.0075376341	-5.8478538	-0.010433024
386.56	0.0074304382	-5.8479763	-0.011898142
387.2	0.0075973001	-5.8478883	-0.010967739
387.84	0.0074939562	-5.8478642	-0.011205065
388.48	0.0074044971	-5.8476003	-0.010520449
389.12	0.0076030864	-5.8477908	-0.010448022
389.76	0.0075089814	-5.847737	-0.010280397
390.4	0.0075755781	-5.8476492	-0.0098671834
391.04	0.0074830406	-5.8479956	-0.008448873
391.68	0.0073920749	-5.8476709	-0.0097288032
392.32	0.0073910343	-5.8479679	-0.0090783779
392.96	0.0074083981	-5.8477684	-0.0097564237
393.6	0.0075098405	-5.8477989	-0.011501769
394.24	0.0073841979	-5.8476005	-0.009517774
394.88	0.0075758267	-5.8476312	-0.011668038
395.52	0.007490957	-5.8475978	-0.012221603
396.16	0.0076044011	-5.8479225	-0.0098571017
396.8	0.007481298	-5.8475527	-0.010430146
397.44	0.0074494976	-5.8482173	-0.0096493727
398.08	0.0076231416	-5.8480619	-0.01178802
398.72	0.0073759026	-5.8477101	-0.010256864
399.36	0.0075347333	-5.8479095	-0.011231847
400	0.0073151954	-5.8476232	-0.00984443
400.64	0.0074177829	-5.8476628	-0.0098261899
401.28	0.00757332	-5.8479157	-0.011554668
401.92	0.007645134	-5.8477969	-0.010560402
402.56	0.0075852347	-5.847525	-0.011054566
403.2	0.007423785	-5.8476445	-0.010751965
403.84	0.007506637	-5.8479133	-0.010208268
404.48	0.0075584023	-5.8477016	-0.010113015
405.12	0.007458466	-5.8478897	-0.010520202
405.76	0.0074825531	-5.8478327	-0.010633029
406.4	0.0075952733	-5.8478584	-0.0098846122
407.04	0.0074569781	-5.8478662	-0.0088356898
407.68	0.0074283438	-5.8477859	-0.010760659
408.32	0.0075636925	-5.8477364	-0.0093405503
408.96	0.0074420192	-5.8475606	-0.0088300288
409.6	0.0074342206	-5.8475695	-0.0094143722
410.24	0.0076190716	-5.8480808	-0.010743797
410.88	0.0074410515	-5.8478493	-0.010712882
411.52	0.0074794134	-5.8478138	-0.010314132
412.16	0.0073355101	-5.8475585	-0.012103546
412.8	0.0074839717	-5.8478834	-0.012817536
413.44	0.0074919211	-5.8477893	-0.0098269551
414.08	0.0075219083	-5.8478662	-0.011959846
414.72	0.0074222291	-5.8476302	-0.01228682
415.36	0.0073806072	-5.8476809	-0.0083467734
416	0.0075618893	-5.8478608	-0.010001897
416.64	0.0074850221	-5.8476873	-0.010944025
417.28	0.0074664734	-5.8478075	-0.011018685
417.92	0.0074178152	-5.8475418	-0.011310152
418.56	0.0075188604	-5.8478676	-0.0099865767
419.2	0.007429901	-5.8479793	-0.010930533
419.84	0.0074139515	-5.8473081	-0.0086179034
420.48	0.00750929	-5.8474574	-0.010358675
421.12	0.0073869981	-5.8476031	-0.010261556
421.76	0.0074731251	-5.8476685	-0.010994929
422.4	0.007620291	-5.8478733	-0.013305234
423.04	0.0074026039	-5.847839	-0.0099291477
423.68	0.0075136361	-5.8478418	-0.010763142
424.32	0.0075102939	-5.8475082	-0.010000139
424.96	0.0075666108	-5.8479557	-0.0085041127
425.6	0.0074337479	-5.8477542	-0.0086058134
426.24	0.0076504918	-5.8478574	-0.01000153
426.88	0.0073552251	-5.8475185	-0.009556035
427.52	0.0075649614	-5.8476943	-0.01158788
428.16	0.0074848079	-5.8476133	-0.010469426
428.8	0.0075180513	-5.8476759	-0.0092496389
429.44	0.0073448254	-5.8474919	-0.01169872
430.08	0.0074471522	-5.8478593	-0.0091509503
430.72	0.007598391	-5.8478995	-0.012174643
431.36	0.0075424459	-5.8480548	-0.010333067
432	0.0074703097	-5.8477066	-0.011561449
432.64	0.0074239923	-5.8475739	-0.010527404
433.28	0.0075226467	-5.8477061	-0.011424758
433.92	0.0074946386	-5.8477548	-0.010703255
434.56	0.0075132749	-5.8478288	-0.0099032717
435.2	0.0075795369	-5.8477282	-0.011725027
435.84	0.0075913749	-5.8479614	-0.0108118
436.48	0.007562191	-5.8479587	-0.012866324
437.12	0.0075174078	-5.8480737	-0.012490694
437.76	0.0076475896	-5.8478812	-0.010524486
438.4	0.0074799042	-5.8476539	-0.012252152
439.04	0.0075110236	-5.8476404	-0.010004968
439.68	0.0075980017	-5.8478731	-0.0092531646
440.32	0.0076363604	-5.8479134	-0.010026615
440.96	0.0074760888	-5.8477899	-0.011160239
441.6	0.0075149183	-5.8478877	-0.012058859
442.24	0.0075787477	-5.8477258	-0.010947042
442.88	0.0075266277	-5.8478423	-0.010711017
443.52	0.0074898163	-5.8479541	-0.010422347
444.16	0.0074508152	-5.8478472	-0.0090866311
444.8	0.007438735	-5.8478069	-0.0089251555
445.44	0.0075042055	-5.8478052	-0.010430676
446.08	0.0076758456	-5.8478259	-0.0094392689
446.72	0.0074896911	-5.8477495	-0.0094243079
447.36	0.0074051649	-5.8476258	-0.011777616
448	0.0075173193	-5.8477586	-0.011656652
448.64	0.0074374843	-5.8477841	-0.009968399
449.28	0.0074280051	-5.847679	-0.0090516682
449.92	0.0074378277	-5.8477002	-0.010120539
450.56	0.0075845896	-5.847832	-0.011032524
451.2	0.0074823348	-5.8477432	-0.0094290242
451.84	0.0074589142	-5.8477089	-0.010173409
452.48	0.0074609636	-5.8478836	-0.01012847
453.12	0.007496639	-5.8479744	-0.0091538402
453.76	0.0075009915	-5.8476	-0.0094271551
454.4	0.0075013217	-5.8477205	-0.011153187
455.04	0.0074466717	-5.8476111	-0.0097198911
455.68	0.0074921199	-5.8478705	-0.0091568253
456.32	0.0076073909	-5.8480486	-0.010419775
456.96	0.0075022494	-5.8477644	-0.012408004
457.6	0.0076230277	-5.8479294	-0.010998532
458.24	0.0074954628	-5.8479213	-0.011012894
458.88	0.0074135913	-5.8475792	-0.009696157
459.52	0.0075745185	-5.8481728	-0.010052699
460.16	0.0075431964	-5.8476231	-0.0099377708
460.8	0.0075097556	-5.8479124	-0.01099138
461.44	0.0074932293	-5.8477781	-0.011412738
462.08	0.0075765843	-5.8477559	-0.011784251
462.72	0.007467518	-5.847628	-0.010437901
463.36	0.007500717	-5.8475717	-0.0085223079
464	0.0074640117	-5.8475196	-0.01218514
464.64	0.0075460967	-5.8479168	-0.0105768
465.28	0.0076003765	-5.847953	-0.010738718
465.92	0.0074540424	-5.8476686	-0.0093665078
466.56	0.0074487945	-5.8478224	-0.012006607
467.2	0.0074212251	-5.8477049	-0.010746572
467.84	0.0075324395	-5.8480744	-0.010505005
468.48	0.0075832213	-5.8478528	-0.011753597
469.12	0.0075209606	-5.8478793	-0.011435132
469.76	0.0074964242	-5.8476954	-0.011690097
470.4	0.0074357251	-5.8476528	-0.010655863
471.04	0.0074500984	-5.8476308	-0.010824587
471.68	0.0074143263	-5.8475106	-0.010221165
472.32	0.0075766222	-5.8478479	-0.009503728
472.96	0.0075341503	-5.8479298	-0.011853377
473.6	0.0074199351	-5.8476426	-0.010901263
474.24	0.0075186718	-5.8477902	-0.010864023
474.88	0.0073749168	-5.847892	-0.01184012
475.52	0.0074618011	-5.8476296	-0.0095648736
476.16	0.007559761	-5.8476001	-0.0094113795
476.8	0.0074714036	-5.8479172	-0.011608265
477.44	0.0075281865	-5.84781	-0.0097924356
478.08	0.0075013682	-5.8479015	-0.009476579
478.72	0.0076106909	-5.8478521	-0.010337106
479.36	0.0074225097	-5.8476593	-0.010971322
480	0.0074934081	-5.8479493	-0.0088376522
480.64	0.0074772528	-5.8476086	-0.011464878
481.28	0.0074834041	-5.8478767	-0.010888505
481.92	0.0074921626	-5.8478311	-0.010518665
482.56	0.0074797093	-5.8475694	-0.010333485
483.2	0.0076128416	-5.8478947	-0.011184751
483.84	0.0074385338	-5.8474753	-0.0085975228
484.48	0.0074619895	-5.8476525	-0.0089354873
485.12	0.0074254698	-5.8476942	-0.011704927
485.76	0.0075859047	-5.8477799	-0.011005392
486.4	0.0074178084	-5.8476468	-0.0096868367
487.04	0.007429195	-5.8475791	-0.0099246792
487.68	0.0074529256	-5.8477105	-0.012286385
488.32	0.0075459767	-5.848208	-0.010552816
488.96	0.007571353	-5.8479167	-0.010113229
489.6	0.0075975597	-5.84764	-0.013803572
490.24	0.0075083066	-5.8478207	-0.011495974
490.88	0.0075085614	-5.8476382	-0.0091675163
491.52	0.0075891087	-5.8475326	-0.011123026
492.16	0.0072547714	-5.8475222	-0.01113949
492.8	0.0074198194	-5.8477138	-0.011443828
493.44	0.0074716537	-5.8479856	-0.010136818
494.08	0.0074656966	-5.8477676	-0.012908381
494.72	0.0075376891	-5.8481281	-0.010290425
495.36	0.007395637	-5.8479112	-0.0098293798
496	0.0074074357	-5.8477228	-0.012562277
496.64	0.0074283156	-5.8475279	-0.010314535
497.28	0.0074960449	-5.8474247	-0.010493534
497.92	0.007589183	-5.8477235	-0.010737694
498.56	0.0074790873	-5.8475229	-0.011396783
499.2	0.007517495	-5.8479035	-0.0093367452
499.84	0.0073848204	-5.8477902	-0.011093685
