0	0.0014892272	-5.8552559	-0.050510826
0.64	0.001450112	-5.8552541	-0.050981309
1.28	0.0014933583	-5.855342	-0.050079625
1.92	0.0015001795	-5.8552413	-0.049899714
2.56	0.0015044953	-5.8552671	-0.050238145
3.2	0.0015081701	-5.8553036	-0.050421652
3.84	0.001510922	-5.8553876	-0.04950637
4.48	0.0014916307	-5.8552931	-0.04975365
5.12	0.0015121675	-5.8551478	-0.049792799
5.76	0.001484522	-5.8553084	-0.049613465
6.4	0.0014883716	-5.8552394	-0.051110222
7.04	0.0014951764	-5.8552387	-0.049959472
7.68	0.0014888385	-5.8552176	-0.05077125
8.32	0.0014865502	-5.8552296	-0.050509211
8.96	0.001526544	-5.855198	-0.05052622
9.6	0.0015325926	-5.8552089	-0.04939535
10.24	0.001531629	-5.855287	-0.050244928
10.88	0.0014880226	-5.8552408	-0.049892118
11.52	0.0015055208	-5.8552187	-0.050043585
12.16	0.0014856967	-5.8552653	-0.049885454
12.8	0.0014514033	-5.8552225	-0.050714514
13.44	0.0014956699	-5.855303	-0.051104901
14.08	0.001514822	-5.8552252	-0.050699707
14.72	0.0014972709	-5.8553405	-0.050813488
15.36	0.0015289927	-5.8555161	-0.049913847
16	0.0015419541	-5.8553044	-0.050426425
16.64	0.0015099568	-5.8551631	-0.051052022
17.28	0.0014904429	-5.8553246	-0.05026666
17.92	0.0014730668	-5.8553195	-0.05059188
18.56	0.0014644203	-5.8553545	-0.050288538
19.2	0.0014823945	-5.8553988	-0.049859798
19.84	0.001470665	-5.8552437	-0.049714231
20.48	0.0015069713	-5.8551908	-0.050699653
21.12	0.0015204487	-5.8551292	-0.049835772
21.76	0.0015203491	-5.8552092	-0.050634389
22.4	0.0015167888	-5.8552539	-0.050977366
23.04	0.0015418313	-5.8554013	-0.049937197
23.68	0.0014711442	-5.8553384	-0.049853869
24.32	0.0014853307	-5.8553503	-0.051188312
24.96	0.0014874408	-5.8553204	-0.050585089
25.6	0.0014828573	-5.8551867	-0.050919512
26.24	0.0014842189	-5.8553539	-0.04994688
26.88	0.0015053649	-5.855241	-0.049992479
27.52	0.0015291345	-5.8552071	-0.049895489
28.16	0.0015203162	-5.8552486	-0.05003252
28.8	0.0015186842	-5.8552958	-0.050426285
29.44	0.0015073655	-5.8552476	-0.050229139
30.08	0.0014462521	-5.8552341	-0.050460428
30.72	0.0014692533	-5.8552639	-0.049793236
31.36	0.0014514211	-5.8553132	-0.050203412
32	0.0014692641	-5.8553524	-0.051079417
32.64	0.0014915658	-5.8552993	-0.050700495
33.28	0.001495614	-5.8553569	-0.050979729
33.92	0.0015081092	-5.8552589	-0.050264421
34.56	0.0015278376	-5.8551243	-0.050556779
35.2	0.0015397195	-5.855357	-0.050346874
35.84	0.0015150659	-5.8552494	-0.049744066
36.48	0.0014801088	-5.8553521	-0.049877812
37.12	0.0014725333	-5.8554162	-0.049714911
37.76	0.0014784126	-5.855442	-0.049967225
38.4	0.0014839094	-5.8552225	-0.049781819
39.04	0.0014664741	-5.8551413	-0.049942618
39.68	0.0014996621	-5.8553002	-0.050673368
40.32	0.0015071202	-5.855476	-0.05028597
40.96	0.0015400465	-5.8552436	-0.050763856
41.6	0.0015158351	-5.8551952	-0.050347911
42.24	0.0015119613	-5.8552726	-0.050322984
42.88	0.0014963633	-5.8553407	-0.049902293
43.52	0.0014808399	-5.8553304	-0.050247019
44.16	0.0014781433	-5.8553459	-0.050324183
44.8	0.0014920037	-5.8552492	-0.050102514
45.44	0.0015002209	-5.8553725	-0.050815296
46.08	0.001512418	-5.8551704	-0.050484257
46.72	0.0014788976	-5.8553127	-0.050378856
47.36	0.0015048194	-5.8551129	-0.050243367
48	0.0015069937	-5.8554407	-0.050326628
48.64	0.001496071	-5.8552071	-0.050947923
49.28	0.0014924039	-5.8551522	-0.050328879
49.92	0.0014733379	-5.8551714	-0.049816058
50.56	0.0014492649	-5.8551676	-0.049262686
51.2	0.0014916035	-5.8553759	-0.050298734
51.84	0.0014739122	-5.8553568	-0.050190646
52.48	0.0014841356	-5.8551153	-0.050657679
53.12	0.001512496	-5.8550962	-0.050169436
53.76	0.0015309316	-5.8553335	-0.050469196
54.4	0.0015033512	-5.8553658	-0.05072541
55.04	0.0015262977	-5.8553581	-0.049223212
55.68	0.0014860474	-5.8552529	-0.050856228
56.32	0.0014762971	-5.8552747	-0.050095691
56.96	0.0014735953	-5.8553032	-0.050439984
57.6	0.0014827158	-5.8553636	-0.049970349
58.24	0.0014856258	-5.8552389	-0.050031517
58.88	0.0015061688	-5.8552305	-0.049415444
59.52	0.001512495	-5.8553277	-0.05024534
60.16	0.0015207242	-5.8552135	-0.05094121
60.8	0.0014814767	-5.8552682	-0.05017653
61.44	0.0015021738	-5.8554277	-0.050418197
62.08	0.0014780035	-5.8551044	-0.049706021
62.72	0.0014611124	-5.8552739	-0.050115707
63.36	0.0014836325	-5.8554026	-0.050245178
64	0.0014738109	-5.8553086	-0.050743101
64.64	0.0014890953	-5.8552738	-0.050641684
65.28	0.0014977661	-5.8552943	-0.049473471
65.92	0.0015094705	-5.8551564	-0.050869981
66.56	0.0015049936	-5.8553291	-0.050501724
67.2	0.0014993488	-5.8553451	-0.049360884
67.84	0.0014908504	-5.8553083	-0.050172536
68.48	0.0014429064	-5.8553714	-0.04910519
69.12	0.0014803116	-5.8553782	-0.050180183
69.76	0.0014874153	-5.8553833	-0.051080352
70.4	0.0014817063	-5.8553613	-0.050522068
71.04	0.0014773058	-5.8553291	-0.050859498
71.68	0.0015243319	-5.8551242	-0.050498354
72.32	0.001502551	-5.8552402	-0.049606607
72.96	0.0015328292	-5.8552258	-0.050195469
73.6	0.0015150051	-5.8552647	-0.050539519
74.24	0.0014994964	-5.8552133	-0.049861806
74.88	0.0015037879	-5.855171	-0.050964647
75.52	0.0014767666	-5.8551562	-0.050461186
76.16	0.0014814783	-5.8553312	-0.050533384
76.8	0.0015048306	-5.8552838	-0.050934485
77.44	0.0015169652	-5.8554601	-0.049937946
78.08	0.0015120645	-5.8551773	-0.050360533
78.72	0.0014960526	-5.8552298	-0.050133997
79.36	0.0015230379	-5.8551037	-0.049425071
80	0.001510204	-5.8553603	-0.050521063
80.64	0.0014923062	-5.855347	-0.050991714
81.28	0.0014806602	-5.8551847	-0.050465054
81.92	0.0014690459	-5.8550005	-0.049859132
82.56	0.001481249	-5.8551553	-0.050667284
83.2	0.0014688424	-5.8552101	-0.050892313
83.84	0.0014937773	-5.8553283	-0.050386115
84.48	0.0014853801	-5.8551432	-0.050517047
85.12	0.0014972261	-5.8552893	-0.050886694
85.76	0.0015273438	-5.8552855	-0.049870491
86.4	0.0015017865	-5.8550694	-0.0502165
87.04	0.0015006216	-5.8551646	-0.050273888
87.68	0.0014745716	-5.8551734	-0.049805376
88.32	0.0014825423	-5.8553311	-0.050412499
88.96	0.0014649558	-5.8553464	-0.050336229
89.6	0.0014861314	-5.8553072	-0.050069111
90.24	0.0015036901	-5.8551878	-0.050081239
90.88	0.0014826749	-5.855311	-0.050112273
91.52	0.0015393709	-5.8552245	-0.050984109
92.16	0.0015216509	-5.8552247	-0.050374341
92.8	0.0015189487	-5.855057	-0.050705414
93.44	0.0014851867	-5.8553587	-0.050115065
94.08	0.0014820096	-5.8552622	-0.050395708
94.72	0.0014825027	-5.855234	-0.05017737
95.36	0.0014573391	-5.8552728	-0.050242906
96	0.0014921629	-5.855503	-0.050163841
96.64	0.0014729938	-5.8552316	-0.050625783
97.28	0.0015272921	-5.8552955	-0.049929599
97.92	0.0015313873	-5.8553	-0.049598582
98.56	0.0015111302	-5.8551612	-0.049839399
99.2	0.0015091071	-5.8552503	-0.050216534
99.84	0.0014823591	-5.8553204	-0.051173357
100.48	0.0014495681	-5.8551758	-0.050491203
101.12	0.0014692833	-5.8553517	-0.050215861
101.76	0.0014878361	-5.8552465	-0.050769169
102.4	0.0014876715	-5.8552924	-0.049473775
103.04	0.0014910214	-5.8552132	-0.050205307
103.68	0.0015366479	-5.8552066	-0.050652991
104.32	0.0015248532	-5.8553878	-0.050312624
104.96	0.0014951573	-5.8554159	-0.050027912
105.6	0.0014921284	-5.8553831	-0.050230765
106.24	0.0014963236	-5.8552998	-0.05034404
106.88	0.0014767862	-5.855182	-0.050203281
107.52	0.0014756678	-5.8552739	-0.050452084
108.16	0.0014906129	-5.8553723	-0.050111683
108.8	0.0014865669	-5.8552762	-0.050931106
109.44	0.00149588	-5.8551938	-0.04960502
110.08	0.0015127636	-5.8552486	-0.049744187
110.72	0.001527522	-5.8551819	-0.050007037
111.36	0.0015354139	-5.8552457	-0.051096287
112	0.0015060602	-5.8553646	-0.050438974
112.64	0.0015102833	-5.8552423	-0.05112773
113.28	0.0014675995	-5.855198	-0.050253153
113.92	0.0014840429	-5.8552173	-0.050440428
114.56	0.0014994581	-5.8553419	-0.050440679
115.2	0.0015197963	-5.8551982	-0.050228826
115.84	0.0014877376	-5.8550416	-0.049915581
116.48	0.001524449	-5.8552444	-0.049104223
117.12	0.001519599	-5.8550993	-0.050572823
117.76	0.0015219104	-5.8553282	-0.050552149
118.4	0.0015166615	-5.8553164	-0.050284594
119.04	0.0014901875	-5.8552152	-0.050564322
119.68	0.0014731608	-5.8552995	-0.050383887
120.32	0.0014577403	-5.8552629	-0.050118262
120.96	0.0014783721	-5.8552828	-0.05012279
121.6	0.0014827923	-5.855299	-0.050398498
122.24	0.001507906	-5.8553926	-0.049604263
122.88	0.0015343811	-5.8551768	-0.050639293
123.52	0.0015081542	-5.855291	-0.050754242
124.16	0.0014985106	-5.8552204	-0.050271697
124.8	0.0015020468	-5.8552525	-0.050228434
125.44	0.0014815069	-5.8551336	-0.049510478
126.08	0.0014554332	-5.8551843	-0.050604615
126.72	0.0014521917	-5.8552166	-0.049841368
127.36	0.0014859112	-5.8553064	-0.050146186
128	0.0015202602	-5.8551279	-0.050765252
128.64	0.0015146164	-5.8553783	-0.050254211
129.28	0.0015269109	-5.8551762	-0.050909191
129.92	0.001524209	-5.8553107	-0.050153645
130.56	0.0015048432	-5.8551889	-0.049462916
131.2	0.0014832865	-5.8553005	-0.049189977
131.84	0.0015047161	-5.8553897	-0.050999404
132.48	0.0014842654	-5.8554119	-0.051034738
133.12	0.0014726196	-5.8553326	-0.049829255
133.76	0.0014850889	-5.8551328	-0.049768411
134.4	0.0014940378	-5.8552214	-0.050230879
135.04	0.0014915213	-5.8550475	-0.050651119
135.68	0.0015171385	-5.8551468	-0.050243291
136.32	0.0015044861	-5.8551332	-0.049481313
136.96	0.0015087142	-5.8552955	-0.051442944
137.6	0.001488732	-5.8552703	-0.050298861
138.24	0.0014745425	-5.8551806	-0.050266973
138.88	0.001472674	-5.855364	-0.050527821
139.52	0.0014565909	-5.8553868	-0.049895756
140.16	0.0014863681	-5.8552211	-0.049872008
140.8	0.0015106393	-5.8552677	-0.050947195
141.44	0.001488438	-5.8550507	-0.05042959
142.08	0.0015203276	-5.8552583	-0.05022042
142.72	0.001520527	-5.8552188	-0.049709696
143.36	0.0015094572	-5.8551282	-0.049837732
144	0.0014648594	-5.8554312	-0.050412478
144.64	0.0014872203	-5.8553754	-0.050115283
145.28	0.001464137	-5.8553305	-0.05046295
145.92	0.0014967571	-5.8552468	-0.050669329
146.56	0.0014922013	-5.855283	-0.049888235
147.2	0.0014951714	-5.8550752	-0.049948362
147.84	0.0015277088	-5.8551871	-0.050213957
148.48	0.0015312783	-5.855165	-0.050173705
149.12	0.0015196318	-5.855339	-0.050559357
149.76	0.0014722775	-5.8552239	-0.049955753
150.4	0.0014936482	-5.8553302	-0.049880738
151.04	0.0014818708	-5.8553239	-0.050360544
151.68	0.0014619559	-5.8553242	-0.050470474
152.32	0.0014483193	-5.8553147	-0.050328451
152.96	0.0015035347	-5.85544	-0.051293785
153.6	0.0015099884	-5.8553155	-0.050986774
154.24	0.0014980279	-5.8552982	-0.050165893
154.88	0.001534323	-5.8549919	-0.050919294
155.52	0.0015121747	-5.8553389	-0.050392037
156.16	0.0014849008	-5.8551	-0.050189609
156.8	0.0014966074	-5.8552268	-0.050271931
157.44	0.0014680216	-5.8553694	-0.049925903
158.08	0.0014575467	-5.8552831	-0.050692902
158.72	0.0014767468	-5.8553132	-0.050346307
159.36	0.0014812196	-5.8552353	-0.050069526
160	0.0015126416	-5.855249	-0.050253706
160.64	0.0015284619	-5.8553126	-0.049446993
161.28	0.0015088572	-5.8552604	-0.050787336
161.92	0.0015036764	-5.8552913	-0.050697904
162.56	0.0015147117	-5.8553057	-0.051660658
163.2	0.0014976494	-5.8553103	-0.051098604
163.84	0.0014749097	-5.855399	-0.050260905
164.48	0.001484107	-5.8553704	-0.049600232
165.12	0.001478219	-5.8552696	-0.050832734
165.76	0.0014989768	-5.8553163	-0.051001182
166.4	0.0015050912	-5.8552659	-0.050632063
167.04	0.0014854459	-5.855231	-0.050988598
167.68	0.0015190077	-5.8552046	-0.049952041
168.32	0.001521468	-5.8551627	-0.050299975
168.96	0.0014976774	-5.8552352	-0.050064894
169.6	0.001486507	-5.8553092	-0.049974451
170.24	0.0014678612	-5.85538	-0.051173881
170.88	0.0014516127	-5.8551816	-0.050166464
171.52	0.0014923292	-5.8551855	-0.04989085
172.16	0.0014971489	-5.8553812	-0.050409315
172.8	0.0015413734	-5.8552701	-0.050247351
173.44	0.0015090522	-5.8555421	-0.051123231
174.08	0.0014978786	-5.855115	-0.050601402
174.72	0.0014904468	-5.8553207	-0.050325323
175.36	0.0015026548	-5.8553125	-0.05000237
176	0.0014930574	-5.8553048	-0.050268406
176.64	0.0014742587	-5.8552281	-0.049966543
177.28	0.0014552807	-5.855164	-0.049169215
177.92	0.0014837557	-5.8553283	-0.05017826
178.56	0.0015018309	-5.855338	-0.049830475
179.2	0.001519458	-5.8552466	-0.051233847
179.84	0.0015042678	-5.8553081	-0.050567772
180.48	0.0015055989	-5.8551423	-0.050289232
181.12	0.0015040267	-5.8551655	-0.050160345
181.76	0.0014961154	-5.8552073	-0.049939153
182.4	0.001494964	-5.8553171	-0.050424151
183.04	0.0014711782	-5.855509	-0.049845478
183.68	0.001460566	-5.8551733	-0.050210807
184.32	0.0014759642	-5.8552851	-0.050836746
184.96	0.001501929	-5.8554269	-0.049965581
185.6	0.0014922731	-5.8552181	-0.049664618
186.24	0.0015484334	-5.855114	-0.050440562
186.88	0.0015081149	-5.8552151	-0.050722024
187.52	0.0014720565	-5.8553255	-0.049676687
188.16	0.0014946783	-5.8553859	-0.050466129
188.8	0.0014747553	-5.8554549	-0.050469196
189.44	0.0014644761	-5.8551839	-0.050932502
190.08	0.001450526	-5.8553489	-0.050037692
190.72	0.0014784334	-5.8551356	-0.050254562
191.36	0.0015028535	-5.8551264	-0.049724277
192	0.0015172481	-5.8552657	-0.049853025
192.64	0.001509969	-5.8553213	-0.050516197
193.28	0.0015158287	-5.8552112	-0.050489519
193.92	0.001498448	-5.8551004	-0.049711042
194.56	0.0015041474	-5.8553439	-0.05085389
195.2	0.0014796439	-5.8552394	-0.050379421
195.84	0.0014730694	-5.8551755	-0.050037896
196.48	0.0014619522	-5.8554091	-0.050130072
197.12	0.0014865679	-5.8554595	-0.049885093
197.76	0.0014936337	-5.8552511	-0.049626685
198.4	0.0015090436	-5.8552866	-0.05089859
199.04	0.0015443073	-5.8552275	-0.050136164
199.68	0.0015493962	-5.8552732	-0.050461642
200.32	0.0015326423	-5.8551488	-0.049835283
200.96	0.001468393	-5.8553019	-0.050589874
201.6	0.0014703446	-5.8553936	-0.04978926
202.24	0.0014789033	-5.8554328	-0.050260869
202.88	0.0014650818	-5.8552824	-0.049598435
203.52	0.0015017382	-5.8551948	-0.050705074
204.16	0.0014892991	-5.8550423	-0.050309663
204.8	0.0015334414	-5.8553263	-0.050898916
205.44	0.0015068324	-5.8552663	-0.05071876
206.08	0.0015139273	-5.8551551	-0.050551545
206.72	0.001512558	-5.8554411	-0.050550192
207.36	0.001485161	-5.8553268	-0.05073264
208	0.001466103	-5.8552226	-0.050287054
208.64	0.0014832684	-5.8554061	-0.049990802
209.28	0.0014621159	-5.8552609	-0.04958012
209.92	0.0014866716	-5.8552253	-0.049933281
210.56	0.0015227865	-5.8552667	-0.049313793
211.2	0.0015230405	-5.8552153	-0.050433731
211.84	0.0014991612	-5.8552772	-0.050112805
212.48	0.001478209	-5.8551027	-0.050484459
213.12	0.0015144675	-5.8553217	-0.050572068
213.76	0.0014693811	-5.8553919	-0.050456036
214.4	0.0014598247	-5.8554103	-0.049918373
215.04	0.0014705301	-5.8551396	-0.050710074
215.68	0.0014806954	-5.8552842	-0.049597257
216.32	0.0014970567	-5.8551659	-0.050647838
216.96	0.0015187285	-5.8550653	-0.049588722
217.6	0.0015314989	-5.8551307	-0.049969514
218.24	0.0015168307	-5.8553619	-0.049797751
218.88	0.0015164968	-5.8553299	-0.050470757
219.52	0.0014933073	-5.8552023	-0.050215678
220.16	0.0014829354	-5.8551971	-0.050697591
220.8	0.0014797261	-5.8553496	-0.049511619
221.44	0.0014624907	-5.8552552	-0.050056802
222.08	0.0014817126	-5.8552327	-0.050051231
222.72	0.0014996488	-5.8552524	-0.050807124
223.36	0.0015360457	-5.8552816	-0.050355012
224	0.0015028124	-5.8551095	-0.050913253
224.64	0.0015271601	-5.8553156	-0.050495151
225.28	0.0015176375	-5.8552616	-0.049926153
225.92	0.0015103103	-5.8553107	-0.050120099
226.56	0.0015001124	-5.8553249	-0.051073791
227.2	0.0014686816	-5.8552768	-0.050700514
227.84	0.0014797846	-5.8551845	-0.050187307
228.48	0.0014945114	-5.8551917	-0.049887717
229.12	0.0015252088	-5.855225	-0.050678413
229.76	0.0015145782	-5.855172	-0.050458503
230.4	0.0015161685	-5.8551118	-0.050987066
231.04	0.0015297734	-5.855222	-0.051124733
231.68	0.0014897872	-5.8551314	-0.049936868
232.32	0.0014748749	-5.8551397	-0.050623456
232.96	0.0015015502	-5.8553098	-0.05016563
233.6	0.0014780716	-5.8552555	-0.049788784
234.24	0.0014761409	-5.8551847	-0.050782869
234.88	0.0014877789	-5.8553257	-0.050337562
235.52	0.0014858027	-5.8551081	-0.050194458
236.16	0.0014974781	-5.8554344	-0.050543015
236.8	0.0015270763	-5.8551585	-0.04944829
237.44	0.0015118535	-5.8551833	-0.050792797
238.08	0.0015286974	-5.8553505	-0.05104528
238.72	0.0014915811	-5.8551208	-0.050396122
239.36	0.0014943142	-5.8554146	-0.050554641
240	0.0014772276	-5.8552635	-0.050644632
240.64	0.0014658192	-5.8552255	-0.049841436
241.28	0.0014977024	-5.8553368	-0.049769891
241.92	0.0015138407	-5.8552647	-0.050782194
242.56	0.001538575	-5.8551663	-0.050491561
243.2	0.0015037416	-5.8552114	-0.051065586
243.84	0.0015187716	-5.8553155	-0.050644437
244.48	0.0015067914	-5.855248	-0.050498935
245.12	0.0014722274	-5.8552973	-0.049982816
245.76	0.0014762338	-5.8552395	-0.050589169
246.4	0.0014751991	-5.8552359	-0.050191727
247.04	0.0014852678	-5.8552739	-0.050760392
247.68	0.0014884869	-5.8552208	-0.051001158
248.32	0.0015207633	-5.855242	-0.050672034
248.96	0.0015166728	-5.8553187	-0.050475239
249.6	0.0014924273	-5.8552174	-0.050380787
250.24	0.0015102497	-5.8553544	-0.049592462
250.88	0.001499491	-5.8552025	-0.051107013
251.52	0.0014744523	-5.8553083	-0.050301893
252.16	0.0014761291	-5.8553529	-0.050463202
252.8	0.0014622732	-5.8552208	-0.049938835
253.44	0.0014674974	-5.8552605	-0.051138551
254.08	0.0014995523	-5.855154	-0.050805876
254.72	0.0015082988	-5.8552481	-0.050434321
255.36	0.0015460812	-5.8553535	-0.050779744
256	0.0015451431	-5.8553071	-0.051120594
256.64	0.0015236078	-5.8553375	-0.050965711
257.28	0.0014984461	-5.8552379	-0.050154152
257.92	0.0015051098	-5.855493	-0.050322767
258.56	0.0014998355	-5.8552227	-0.05042782
259.2	0.0014699995	-5.8553449	-0.049833554
259.84	0.001501885	-5.8551776	-0.050399689
260.48	0.0015061461	-5.8551626	-0.050272515
261.12	0.00150403	-5.8553661	-0.05011367
261.76	0.001521438	-5.8550621	-0.050568947
262.4	0.0015246043	-5.8554115	-0.051188817
263.04	0.0015092298	-5.8552996	-0.050020364
263.68	0.0015076975	-5.8552209	-0.05108828
264.32	0.0014923437	-5.8552614	-0.050302719
264.96	0.0014667573	-5.8554028	-0.050532484
265.6	0.0014619859	-5.8551654	-0.049720387
266.24	0.0014910363	-5.8555043	-0.051374556
266.88	0.00149387	-5.8551055	-0.050098438
267.52	0.001531197	-5.855319	-0.049797208
268.16	0.0015280847	-5.8553436	-0.050434819
268.8	0.0015369811	-5.8552484	-0.050128048
269.44	0.0014969738	-5.8552228	-0.050446963
270.08	0.0014991916	-5.8552466	-0.050108972
270.72	0.0014898237	-5.8553049	-0.049733644
271.36	0.0014927705	-5.8552675	-0.05088295
272	0.0014559233	-5.8553012	-0.050658154
272.64	0.001494371	-5.8551848	-0.050855527
273.28	0.0014978751	-5.8553661	-0.050452927
273.92	0.0015390052	-5.8552687	-0.05025634
274.56	0.0015538446	-5.8551219	-0.050131598
275.2	0.0015155093	-5.8552969	-0.049460368
275.84	0.00151094	-5.8553245	-0.050343578
276.48	0.0014930598	-5.855108	-0.050663679
277.12	0.0014449637	-5.8553072	-0.050567757
277.76	0.0014556022	-5.8553601	-0.049506601
278.4	0.0014853298	-5.8554699	-0.050610124
279.04	0.0015110134	-5.8551714	-0.050031343
279.68	0.0015315255	-5.8552262	-0.050772292
280.32	0.001508885	-5.8549591	-0.050482011
280.96	0.0015078749	-5.8552926	-0.049690475
281.6	0.0015213476	-5.8554135	-0.050151973
282.24	0.0015020596	-5.8553419	-0.050017024
282.88	0.0015025085	-5.8552883	-0.05019496
283.52	0.001465468	-5.8551794	-0.049474453
284.16	0.0014605967	-5.8552571	-0.050100396
284.8	0.0014803787	-5.855168	-0.050995897
285.44	0.001478757	-5.855284	-0.049696518
286.08	0.0015178141	-5.8554056	-0.049586817
286.72	0.0015166166	-5.8555937	-0.050943413
287.36	0.001525975	-5.8553083	-0.050489089
288	0.0015279081	-5.855215	-0.050694783
288.64	0.0015258155	-5.8553427	-0.05086376
289.28	0.0015026135	-5.8553149	-0.05025627
289.92	0.0014816504	-5.8552837	-0.050906707
290.56	0.0014601612	-5.8551609	-0.050142161
291.2	0.0015083499	-5.8550956	-0.049637543
291.84	0.0015114956	-5.8553697	-0.050577252
292.48	0.0015408602	-5.855252	-0.050003988
293.12	0.0015053435	-5.8550553	-0.049921159
293.76	0.0014954972	-5.8552835	-0.050830831
294.4	0.0015158312	-5.8552793	-0.050188927
295.04	0.0015023261	-5.8552668	-0.050878427
295.68	0.0014859351	-5.8552837	-0.050843528
296.32	0.0014775856	-5.8552451	-0.051179658
296.96	0.001477337	-5.8553884	-0.050331371
297.6	0.0014474264	-5.8551625	-0.049931276
298.24	0.0015123692	-5.8550806	-0.049982754
298.88	0.0015184895	-5.8553068	-0.050387045
299.52	0.0015368089	-5.8553457	-0.0500467
300.16	0.0015047552	-5.8552977	-0.049748226
300.8	0.0015113842	-5.8553201	-0.049360598
301.44	0.0014904502	-5.8551434	-0.050215582
302.08	0.001472554	-5.8551764	-0.050554793
302.72	0.0014984787	-5.8552923	-0.05066676
303.36	0.0015013325	-5.8553823	-0.05093029
304	0.0014905248	-5.8552653	-0.050049955
304.64	0.0014785915	-5.8551767	-0.050549728
305.28	0.0015280566	-5.8551142	-0.050362306
305.92	0.0015167376	-5.8553087	-0.050501271
306.56	0.0015129165	-5.8551546	-0.050685256
307.2	0.0015032642	-5.855305	-0.049895004
307.84	0.0014958912	-5.8552077	-0.049830839
308.48	0.0014964347	-5.8552751	-0.05035248
309.12	0.0014828762	-5.8553321	-0.050137482
309.76	0.0014589219	-5.8552544	-0.050711569
310.4	0.0014702902	-5.8554268	-0.050763258
311.04	0.0015031016	-5.8553588	-0.050466376
311.68	0.0015358386	-5.8552851	-0.050055594
312.32	0.0015213097	-5.8551498	-0.049910706
312.96	0.0015104257	-5.855085	-0.050514028
313.6	0.0014889709	-5.8552954	-0.049756926
314.24	0.0014839433	-5.8553065	-0.050244211
314.88	0.0014773233	-5.8551197	-0.050139512
315.52	0.0014602363	-5.8554268	-0.050389797
316.16	0.0014851065	-5.8554019	-0.050425021
316.8	0.0015125742	-5.8553376	-0.04990232
317.44	0.0015091379	-5.8550665	-0.050474346
318.08	0.0014860765	-5.8551372	-0.049779582
318.72	0.0015166657	-5.8553708	-0.04966248
319.36	0.0015334588	-5.8552921	-0.050508684
320	0.0015193961	-5.8552042	-0.050581041
320.64	0.0015051339	-5.8551931	-0.050955978
321.28	0.0014830697	-5.8555088	-0.050283475
321.92	0.0014528705	-5.8554191	-0.050341517
322.56	0.0014842413	-5.8553468	-0.050054521
323.2	0.0014926227	-5.8552153	-0.049924884
323.84	0.0015302114	-5.8551886	-0.05010118
324.48	0.0015171735	-5.855285	-0.049941339
325.12	0.0015209873	-5.8552352	-0.051091974
325.76	0.0015075917	-5.8552215	-0.050769913
326.4	0.0014749949	-5.855129	-0.050983716
327.04	0.0014600639	-5.8552513	-0.051328883
327.68	0.0014629752	-5.8552536	-0.050609439
328.32	0.0014907221	-5.8554915	-0.051158737
328.96	0.0014894377	-5.8551097	-0.050927023
329.6	0.001487654	-5.8553383	-0.050188792
330.24	0.0015185259	-5.8551305	-0.050717033
330.88	0.0015329254	-5.8552906	-0.050335908
331.52	0.0015081212	-5.8553059	-0.050954222
332.16	0.0015316591	-5.8552784	-0.050353424
332.8	0.0014967456	-5.8552863	-0.051019723
333.44	0.0014871489	-5.8552861	-0.049585508
334.08	0.001454118	-5.8552909	-0.050699898
334.72	0.0014843352	-5.8553098	-0.049231321
335.36	0.0015189478	-5.8553339	-0.050369384
336	0.0014942836	-5.8552539	-0.050009971
336.64	0.0015083281	-5.8552161	-0.051033106
337.28	0.0015250736	-5.8553249	-0.05032021
337.92	0.0015097497	-5.8553136	-0.050750264
338.56	0.0015101846	-5.8552651	-0.050539407
339.2	0.0014969668	-5.855202	-0.04986923
339.84	0.0014810491	-5.8552302	-0.04994737
340.48	0.0014653522	-5.8553532	-0.050991201
341.12	0.0014809469	-5.8552429	-0.049569374
341.76	0.0014750082	-5.8552212	-0.050132388
342.4	0.0015051687	-5.8551628	-0.050624645
343.04	0.0015098693	-5.8551885	-0.050201673
343.68	0.0015485465	-5.855218	-0.049804259
344.32	0.0015094902	-5.8552688	-0.05035057
344.96	0.0015050002	-5.8553321	-0.049967616
345.6	0.0015170357	-5.8553635	-0.051108638
346.24	0.0014918022	-5.8553817	-0.050495172
346.88	0.0014692037	-5.8554121	-0.050600506
347.52	0.0014761813	-5.8554104	-0.050314625
348.16	0.0014920205	-5.8553026	-0.050578064
348.8	0.0015015498	-5.8553056	-0.050959885
349.44	0.0015360798	-5.8553236	-0.050913484
350.08	0.0015091887	-5.8553238	-0.05047336
350.72	0.0015265955	-5.855474	-0.050123772
351.36	0.0014964369	-5.8551376	-0.050097698
352	0.0014964509	-5.8553511	-0.049710036
352.64	0.0014622729	-5.8552751	-0.050632837
353.28	0.0014598686	-5.8554907	-0.051321661
353.92	0.0014815222	-5.855192	-0.050414574
354.56	0.0015061312	-5.8552464	-0.049944559
355.2	0.0014971667	-5.8552703	-0.05009162
355.84	0.0015092719	-5.8553888	-0.051088019
356.48	0.0015329595	-5.8551978	-0.049786589
357.12	0.0015205015	-5.8553579	-0.051107702
357.76	0.0015115232	-5.8552156	-0.050236551
358.4	0.0014996167	-5.8554236	-0.049761304
359.04	0.0014972344	-5.8553184	-0.050462056
359.68	0.0014778672	-5.8553209	-0.050652661
360.32	0.0014754607	-5.8552008	-0.050920598
360.96	0.0014887909	-5.8551747	-0.04991467
361.6	0.0014912297	-5.8554073	-0.049662385
362.24	0.0014977083	-5.8551499	-0.049397187
362.88	0.0015169174	-5.8552336	-0.051000921
363.52	0.0015496781	-5.8554369	-0.051021994
364.16	0.0015068772	-5.855305	-0.050531506
364.8	0.0015001061	-5.8550794	-0.050199756
365.44	0.0014582651	-5.8552249	-0.050509035
366.08	0.0014570094	-5.8552885	-0.050555608
366.72	0.0014820101	-5.8553702	-0.051162959
367.36	0.0015280844	-5.8551989	-0.050352839
368	0.0015295523	-5.8551943	-0.050505667
368.64	0.0015088298	-5.8550973	-0.049303221
369.28	0.0015338011	-5.8552412	-0.050294502
369.92	0.0014877438	-5.8553107	-0.050241685
370.56	0.0015170352	-5.8552744	-0.049915904
371.2	0.0014902913	-5.8553223	-0.050921612
371.84	0.001486529	-5.8552983	-0.050625923
372.48	0.0014935497	-5.8552073	-0.051007748
373.12	0.0014938068	-5.8553579	-0.049859756
373.76	0.0014859823	-5.8552808	-0.05055754
374.4	0.0014966481	-5.8552283	-0.049569315
375.04	0.0015042587	-5.8552048	-0.050540384
375.68	0.0015349383	-5.855388	-0.050503211
376.32	0.0015257171	-5.8553793	-0.050202424
376.96	0.0014922851	-5.8550402	-0.051340122
377.6	0.0015079854	-5.8552868	-0.049759912
378.24	0.0014740511	-5.8553144	-0.049855221
378.88	0.0014903712	-5.8552678	-0.049935713
379.52	0.0014962956	-5.8553153	-0.049981083
380.16	0.0015225776	-5.8554306	-0.050583904
380.8	0.0015209066	-5.8552667	-0.050179535
381.44	0.0015375867	-5.8553346	-0.049663149
382.08	0.0015208326	-5.8554291	-0.050560894
382.72	0.0015053723	-5.8550056	-0.049586774
383.36	0.001516172	-5.8552305	-0.050473555
384	0.001483986	-5.8552513	-0.0499239
384.64	0.0014821157	-5.8552904	-0.049709726
385.28	0.0014610011	-5.8552168	-0.050152011
385.92	0.0014888441	-5.8552986	-0.050929394
386.56	0.0015039863	-5.855262	-0.050119206
387.2	0.001511053	-5.8551651	-0.050426391
387.84	0.0015387194	-5.8553395	-0.050102861
388.48	0.0015033778	-5.8551541	-0.050044167
389.12	0.0015166798	-5.8553946	-0.050097533
389.76	0.0015185345	-5.8552475	-0.05075569
390.4	0.0014697506	-5.8554084	-0.050049789
391.04	0.0014665984	-5.8551852	-0.050180522
391.68	0.0014828543	-5.8552408	-0.050222692
392.32	0.0014839629	-5.8551879	-0.049850872
392.96	0.0015098302	-5.8552366	-0.04953206
393.6	0.001525893	-5.8552981	-0.050231371
394.24	0.0015299779	-5.8552418	-0.050482644
394.88	0.001518978	-5.8552173	-0.050121139
395.52	0.001502586	-5.8551511	-0.050354979
396.16	0.0014806519	-5.8552616	-0.049505929
396.8	0.0014818344	-5.8552518	-0.050885617
397.44	0.0014697434	-5.8550969	-0.050237509
398.08	0.0014994594	-5.855324	-0.050440427
398.72	0.0014842935	-5.8552381	-0.050398681
399.36	0.0014897256	-5.8552817	-0.049672755
400	0.0015176928	-5.8553022	-0.050082276
400.64	0.0015129761	-5.8552676	-0.050707008
401.28	0.0015216216	-5.8552691	-0.05083326
401.92	0.0015258859	-5.8552141	-0.049585334
402.56	0.0014831598	-5.8554947	-0.050729087
403.2	0.001486628	-5.8553421	-0.050540107
403.84	0.0014783689	-5.855292	-0.049639837
404.48	0.0014747103	-5.8554059	-0.051541144
405.12	0.0015218868	-5.8551972	-0.051072617
405.76	0.0015050582	-5.8552376	-0.049711656
406.4	0.0015222438	-5.8551559	-0.050844866
407.04	0.0015059853	-5.855181	-0.050306412
407.68	0.0015143943	-5.8552871	-0.050132006
408.32	0.0014895672	-5.8552572	-0.051166549
408.96	0.0014797299	-5.855281	-0.050924645
409.6	0.001469429	-5.8551632	-0.050236609
410.24	0.0014834512	-5.8553695	-0.050687532
410.88	0.0014712757	-5.8553002	-0.050303687
411.52	0.0014893926	-5.8553534	-0.04953145
412.16	0.0014914282	-5.8551017	-0.049657769
412.8	0.0015263396	-5.8552288	-0.049905814
413.44	0.001534455	-5.855256	-0.050624295
414.08	0.0014868114	-5.8552585	-0.05068582
414.72	0.001487305	-5.8551004	-0.049593532
415.36	0.0014731788	-5.8554354	-0.050903828
416	0.001485212	-5.8552511	-0.049649382
416.64	0.0014712423	-5.8551807	-0.049826731
417.28	0.0014973047	-5.8552547	-0.049671339
417.92	0.0014993328	-5.8552572	-0.05140905
418.56	0.0015097851	-5.8551853	-0.049945296
419.2	0.0015192773	-5.8551739	-0.051586892
419.84	0.0015045579	-5.8553071	-0.051349112
420.48	0.0014925646	-5.8552099	-0.049721145
421.12	0.0015041965	-5.8553188	-0.050532101
421.76	0.0014881792	-5.8551686	-0.050331062
422.4	0.0014588662	-5.8552832	-0.050125128
423.04	0.0014909363	-5.8553178	-0.04995981
423.68	0.0014702149	-5.8551943	-0.05082861
424.32	0.0015004715	-5.8552648	-0.050997101
424.96	0.0015064853	-5.8552197	-0.050515664
425.6	0.0015144493	-5.8551461	-0.050167796
426.24	0.0015103895	-5.8553267	-0.049951587
426.88	0.0015091866	-5.8553124	-0.050538639
427.52	0.0015056736	-5.8553065	-0.050215244
428.16	0.0014969215	-5.855224	-0.050738884
428.8	0.0014695444	-5.8553563	-0.05011273
429.44	0.0014837935	-5.8551185	-0.050328919
430.08	0.0015010122	-5.8552024	-0.050468987
430.72	0.0014997778	-5.8553714	-0.050087565
431.36	0.0015297589	-5.8553126	-0.051113718
432	0.0015180618	-5.8552079	-0.050262774
432.64	0.0015058183	-5.8551676	-0.050255358
433.28	0.0015224728	-5.8551993	-0.049551073
433.92	0.0015037579	-5.8553181	-0.050270207
434.56	0.0014906501	-5.8553518	-0.05123857
435.2	0.0014755217	-5.8554053	-0.050220618
435.84	0.0014990599	-5.8553376	-0.050049938
436.48	0.0014883554	-5.8552103	-0.050081637
437.12	0.0014965785	-5.8552805	-0.050333306
437.76	0.0015409228	-5.8553639	-0.049847546
438.4	0.0015230124	-5.8551673	-0.050373465
439.04	0.001505187	-5.8552441	-0.050175473
439.68	0.0015278587	-5.8551511	-0.050174656
440.32	0.001474925	-5.8553729	-0.050084482
440.96	0.0014729801	-5.8552896	-0.050558259
441.6	0.0014684151	-5.8553005	-0.050069561
442.24	0.0014680354	-5.8553885	-0.050051424
442.88	0.0014734053	-5.8552056	-0.050994787
443.52	0.0015276736	-5.8552192	-0.050877907
444.16	0.0015104122	-5.8553122	-0.050579359
444.8	0.0015468803	-5.855306	-0.050360571
445.44	0.0014891135	-5.8552453	-0.050078917
446.08	0.0015213913	-5.8553178	-0.050363649
446.72	0.0014976376	-5.8552036	-0.050021876
447.36	0.0014825227	-5.8552542	-0.050067783
448	0.0014733303	-5.8552543	-0.050380387
448.64	0.0014776456	-5.8552042	-0.050333437
449.28	0.0014958069	-5.8552878	-0.050400912
449.92	0.0014952842	-5.8552774	-0.050171191
450.56	0.001500342	-5.8550961	-0.050241973
451.2	0.0015112702	-5.8552008	-0.050173171
451.84	0.001527063	-5.8553383	-0.049147255
452.48	0.001504108	-5.8551249	-0.050499392
453.12	0.0014965	-5.8553313	-0.050299761
453.76	0.0014635522	-5.8553053	-0.050972163
454.4	0.001475477	-5.8550956	-0.050972162
455.04	0.0014864709	-5.855399	-0.050385303
455.68	0.0014727559	-5.8552446	-0.050553318
456.32	0.0015038373	-5.8552435	-0.050809356
456.96	0.0015114178	-5.8551242	-0.050115291
457.6	0.0015208127	-5.8552407	-0.049904882
458.24	0.0014967729	-5.85521	-0.049869121
458.88	0.0014848205	-5.8552236	-0.050853796
459.52	0.0014913883	-5.8552717	-0.04983248
460.16	0.0014809996	-5.8553671	-0.050910812
460.8	0.0014706719	-5.8552719	-0.050875969
461.44	0.0014614096	-5.8551907	-0.050061355
462.08	0.0014939324	-5.8553431	-0.050749579
462.72	0.0014967559	-5.8552063	-0.050025334
463.36	0.0015268325	-5.8552625	-0.049987453
464	0.0015205105	-5.8551715	-0.050227894
464.64	0.0015351606	-5.8551742	-0.050222929
465.28	0.0015211937	-5.855132	-0.049979107
465.92	0.0014891073	-5.8552416	-0.049996023
466.56	0.0014654117	-5.8553627	-0.050121127
467.2	0.0014876152	-5.8553746	-0.050387654
467.84	0.0014794606	-5.8552582	-0.05012013
468.48	0.0014815841	-5.8553907	-0.05070706
469.12	0.0014846636	-5.8551539	-0.050399728
469.76	0.0015307319	-5.8552132	-0.049453295
470.4	0.0015157689	-5.8552438	-0.049371516
471.04	0.0014946991	-5.8552284	-0.049273937
471.68	0.0014871388	-5.8553312	-0.050680716
472.32	0.0014913375	-5.8552839	-0.050145148
472.96	0.0014725957	-5.8552754	-0.050153028
473.6	0.0014644563	-5.8552462	-0.050585453
474.24	0.0015237397	-5.8553856	-0.051264773
474.88	0.0014839805	-5.8553383	-0.050149008
475.52	0.0015186	-5.8551436	-0.050808536
476.16	0.0015349901	-5.8552524	-0.049884062
476.8	0.001496472	-5.8550509	-0.050186624
477.44	0.0015166294	-5.8551403	-0.049827139
478.08	0.0014635628	-5.8552872	-0.049851611
478.72	0.0015017838	-5.8552131	-0.049905851
479.36	0.0014840758	-5.8551449	-0.050490027
480	0.0014717471	-5.8551456	-0.049889725
480.64	0.001486426	-5.8552304	-0.050131362
481.28	0.0015122484	-5.8553141	-0.050527399
481.92	0.0015333563	-5.855261	-0.049792895
482.56	0.0015148294	-5.8552998	-0.049405857
483.2	0.0015168388	-5.8553743	-0.05093086
483.84	0.0014981053	-5.8551403	-0.049026803
484.48	0.001488095	-5.8552751	-0.04990829
485.12	0.0014834602	-5.8551954	-0.049780185
485.76	0.0014645485	-5.8552681	-0.050749708
486.4	0.0014632616	-5.8551886	-0.050566381
487.04	0.0014790876	-5.8553485	-0.050426528
487.68	0.0015152539	-5.8552696	-0.050246406
488.32	0.0015038668	-5.8552435	-0.05103539
488.96	0.0015253683	-5.8552951	-0.049850897
489.6	0.0015077887	-5.8552155	-0.050293204
490.24	0.001519594	-5.8553053	-0.049412456
490.88	0.0015017495	-5.8553153	-0.050384577
491.52	0.0014856106	-5.8552524	-0.050996007
492.16	0.0014376779	-5.8552353	-0.05097697
492.8	0.0014707532	-5.8553466	-0.049945685
493.44	0.0015062373	-5.8553367	-0.050221959
494.08	0.0015124148	-5.8552638	-0.05002634
494.72	0.0015183609	-5.8551686	-0.05053421
495.36	0.0015469185	-5.8551772	-0.051087842
496	0.0015210734	-5.8552291	-0.050124609
496.64	0.0015050833	-5.8551999	-0.050362151
497.28	0.0015060972	-5.8552278	-0.050460421
497.92	0.0014572803	-5.855354	-0.050808956
498.56	0.0014659479	-5.8553195	-0.051172505
499.2	0.0014562236	-5.8552722	-0.051097847
499.84	0.0014975149	-5.8552751	-0.050403107
