0	0.023069786	-5.820759	0.063980647
0.64	0.022831348	-5.8203208	0.060167273
1.28	0.023515618	-5.821833	0.058922122
1.92	0.022805792	-5.8219781	0.059068294
2.56	0.022185401	-5.8222526	0.056293737
3.2	0.021996161	-5.8227608	0.052433673
3.84	0.021768161	-5.8226444	0.051960908
4.48	0.021598987	-5.8218802	0.055147408
5.12	0.022153127	-5.8219856	0.055516168
5.76	0.023050508	-5.821921	0.054224
6.4	0.022906706	-5.8215791	0.056168542
7.04	0.023246734	-5.8217075	0.054892788
7.68	0.022693554	-5.8215562	0.055870756
8.32	0.022673088	-5.8224087	0.051220338
8.96	0.022279486	-5.8235154	0.049180574
9.6	0.02147506	-5.8231843	0.048166345
10.24	0.021822828	-5.8239052	0.046549933
10.88	0.022065833	-5.8238265	0.042836403
11.52	0.022521317	-5.8236312	0.05119758
12.16	0.022783867	-5.8230476	0.048903871
12.8	0.023237497	-5.8225156	0.049607791
13.44	0.023248909	-5.8225398	0.051764099
14.08	0.022639518	-5.8222233	0.049779317
14.72	0.022378128	-5.8231559	0.046576823
15.36	0.022167739	-5.824005	0.04836548
16	0.022164712	-5.8245301	0.044622965
16.64	0.021430518	-5.8239808	0.047137575
17.28	0.021628936	-5.8234446	0.051567278
17.92	0.022468464	-5.8237503	0.048888919
18.56	0.022884395	-5.8231383	0.048431271
19.2	0.023374912	-5.823121	0.053046753
19.84	0.023243022	-5.8229378	0.047701804
20.48	0.022833301	-5.8233572	0.048105991
21.12	0.022250981	-5.8239436	0.043154347
21.76	0.021847487	-5.8240892	0.045707428
22.4	0.021981063	-5.824792	0.042951042
23.04	0.021588295	-5.824781	0.043536688
23.68	0.021540706	-5.8240089	0.046048449
24.32	0.022288071	-5.8235344	0.047524447
24.96	0.022888156	-5.8237155	0.045987627
25.6	0.023118507	-5.8236399	0.045275909
26.24	0.022915914	-5.8240038	0.048275364
26.88	0.022450029	-5.8238843	0.045539109
27.52	0.022226142	-5.8247152	0.047109314
28.16	0.021995521	-5.8253125	0.042984723
28.8	0.021543258	-5.8250139	0.045535437
29.44	0.021920148	-5.8256115	0.045322291
30.08	0.022344488	-5.8253099	0.046869488
30.72	0.022676936	-5.8246853	0.044768194
31.36	0.022760412	-5.8242175	0.048545496
32	0.023583614	-5.8246715	0.046840204
32.64	0.023227236	-5.8245515	0.047281856
33.28	0.022645372	-5.8245216	0.046218774
33.92	0.022141408	-5.8250281	0.047135764
34.56	0.02218578	-5.8261355	0.04260814
35.2	0.021620509	-5.8262375	0.04733768
35.84	0.022187371	-5.826288	0.043286747
36.48	0.021626393	-5.8256535	0.046491481
37.12	0.022330427	-5.8254041	0.044605749
37.76	0.023051648	-5.825238	0.04646423
38.4	0.023244215	-5.8249516	0.048791205
39.04	0.023241179	-5.8250368	0.045948463
39.68	0.022899422	-5.8259148	0.044449569
40.32	0.022323283	-5.8264567	0.040651457
40.96	0.021987066	-5.8268014	0.038721915
41.6	0.021771108	-5.8270706	0.038573473
42.24	0.021883073	-5.8271201	0.038134194
42.88	0.022288936	-5.8268348	0.038761793
43.52	0.022775025	-5.8269141	0.039428206
44.16	0.023274668	-5.826373	0.039343335
44.8	0.023208753	-5.8258918	0.043825288
45.44	0.023264711	-5.8262014	0.042945325
46.08	0.022867076	-5.826113	0.03966046
46.72	0.022303856	-5.8266167	0.039334451
47.36	0.021941978	-5.8273001	0.037058108
48	0.021929899	-5.8277804	0.034061749
48.64	0.022177403	-5.8276975	0.040474167
49.28	0.022665099	-5.8282472	0.033994197
49.92	0.022482261	-5.8275444	0.037465594
50.56	0.022641862	-5.8271366	0.037024217
51.2	0.022901964	-5.8275019	0.037121263
51.84	0.022699051	-5.827478	0.035421487
52.48	0.022423492	-5.8277962	0.031157465
53.12	0.022317201	-5.8285546	0.032588148
53.76	0.022106275	-5.8285168	0.035264606
54.4	0.022289398	-5.8284844	0.031569641
55.04	0.022136605	-5.8279905	0.034349165
55.68	0.022453463	-5.8277133	0.034719176
56.32	0.022927223	-5.8279353	0.036937508
56.96	0.023037836	-5.8278019	0.039765545
57.6	0.023116968	-5.8278714	0.033115861
58.24	0.022618421	-5.8281582	0.033400325
58.88	0.022235823	-5.8285195	0.034785002
59.52	0.021627217	-5.8287985	0.033054719
60.16	0.022220238	-5.8294604	0.033060757
60.8	0.021886273	-5.8290387	0.032530877
61.44	0.022182353	-5.829798	0.028604295
62.08	0.022200379	-5.8298325	0.031044579
62.72	0.022309936	-5.8294065	0.029719754
63.36	0.022378803	-5.8298369	0.031812197
64	0.022261773	-5.8298509	0.034174589
64.64	0.022889046	-5.8310663	0.029427483
65.28	0.022238176	-5.8308103	0.033281271
65.92	0.022617852	-5.8310925	0.02586189
66.56	0.022574035	-5.8311793	0.026778967
67.2	0.022271986	-5.8311655	0.029480064
67.84	0.022056841	-5.8306532	0.029943272
68.48	0.022487273	-5.8305096	0.02929644
69.12	0.022756373	-5.8303148	0.032194761
69.76	0.022734779	-5.8303192	0.032844448
70.4	0.022451906	-5.8301726	0.032371384
71.04	0.022687933	-5.8309221	0.030384246
71.68	0.022430983	-5.8313317	0.030881064
72.32	0.021827148	-5.8309834	0.030643068
72.96	0.022394919	-5.8317358	0.027745388
73.6	0.022280866	-5.8313127	0.031079288
74.24	0.02228349	-5.8310322	0.031836976
74.88	0.022505722	-5.8309096	0.031725522
75.52	0.022635619	-5.8305875	0.02836641
76.16	0.023148135	-5.8309218	0.032521173
76.8	0.023006063	-5.8314013	0.030076031
77.44	0.022385095	-5.8307518	0.033490916
78.08	0.022262474	-5.8310229	0.030376934
78.72	0.022643796	-5.8316833	0.026479955
79.36	0.022111352	-5.8310661	0.025719319
80	0.02242961	-5.8314521	0.032137767
80.64	0.02233823	-5.8313462	0.030333568
81.28	0.022702131	-5.8311164	0.033553649
81.92	0.022725211	-5.8308967	0.031526853
82.56	0.022563238	-5.8308709	0.030450163
83.2	0.022733318	-5.8311025	0.029738852
83.84	0.022734066	-5.8314433	0.027877839
84.48	0.022072467	-5.8309255	0.035196128
85.12	0.022127184	-5.8311267	0.029933042
85.76	0.021965527	-5.8309694	0.030535336
86.4	0.021918714	-5.8308362	0.031092872
87.04	0.022364319	-5.8310809	0.032010801
87.68	0.022421811	-5.8311473	0.034242954
88.32	0.022810436	-5.8307505	0.030345888
88.96	0.022397828	-5.8308597	0.032293595
89.6	0.022612105	-5.8309711	0.034992942
90.24	0.022552773	-5.8313251	0.031101345
90.88	0.022479101	-5.8311744	0.029283867
91.52	0.022131148	-5.8315128	0.030660242
92.16	0.02219952	-5.8308248	0.029540422
92.8	0.021908992	-5.8308228	0.029091964
93.44	0.022340262	-5.8312808	0.033336028
94.08	0.0229102	-5.8313449	0.03156206
94.72	0.022853641	-5.831249	0.032585347
95.36	0.022753449	-5.8310362	0.030924633
96	0.022562084	-5.830859	0.030415928
96.64	0.022208086	-5.8305439	0.032721762
97.28	0.022480174	-5.8316538	0.027701993
97.92	0.022354626	-5.8311603	0.028166044
98.56	0.02207542	-5.8312904	0.033621486
99.2	0.022101182	-5.8309854	0.033587931
99.84	0.022679907	-5.8312236	0.031658268
100.48	0.022579306	-5.8307475	0.031681423
101.12	0.022536463	-5.830391	0.034289356
101.76	0.022508339	-5.8309193	0.034339006
102.4	0.022426337	-5.830699	0.032678188
103.04	0.022389894	-5.8312773	0.030116391
103.68	0.022060072	-5.830854	0.030586998
104.32	0.022450605	-5.8316899	0.029437955
104.96	0.022369906	-5.8311009	0.027969878
105.6	0.022506663	-5.8311156	0.030166828
106.24	0.022569584	-5.8310547	0.031258441
106.88	0.02271133	-5.8310735	0.034689331
107.52	0.02268045	-5.8306338	0.034139463
108.16	0.022452652	-5.8310598	0.030015561
108.8	0.022615361	-5.8309726	0.028792265
109.44	0.022110087	-5.8310395	0.032443483
110.08	0.022347303	-5.8311719	0.031781472
110.72	0.02227786	-5.8314187	0.027192714
111.36	0.022053549	-5.8312583	0.031923576
112	0.022373316	-5.8311774	0.034333605
112.64	0.022242358	-5.8305558	0.032436709
113.28	0.022392658	-5.8303879	0.030588098
113.92	0.023003533	-5.8308378	0.029256991
114.56	0.022652247	-5.8310376	0.034506422
115.2	0.022896761	-5.8315083	0.030270665
115.84	0.022448383	-5.8313097	0.030447301
116.48	0.022311396	-5.8313826	0.027559577
117.12	0.02279816	-5.8318873	0.029663447
117.76	0.022735839	-5.8313533	0.030641765
118.4	0.022928149	-5.8316694	0.026014543
119.04	0.02282589	-5.830899	0.028449066
119.68	0.022294215	-5.8304436	0.031800608
120.32	0.022553841	-5.8304524	0.028747176
120.96	0.022195468	-5.8307143	0.028492256
121.6	0.022167145	-5.8307801	0.030703677
122.24	0.022362057	-5.8315559	0.029635998
122.88	0.022337499	-5.8311811	0.032881312
123.52	0.022209118	-5.8314054	0.033655989
124.16	0.02248509	-5.8311954	0.025034511
124.8	0.022562327	-5.8312255	0.033560786
125.44	0.022659502	-5.8308211	0.031891918
126.08	0.022716559	-5.8310894	0.030861705
126.72	0.022896307	-5.8312843	0.029975162
127.36	0.022721753	-5.830858	0.029822736
128	0.02291068	-5.8316965	0.029865809
128.64	0.022430221	-5.8314221	0.030184871
129.28	0.022327539	-5.8312783	0.028152286
129.92	0.022302226	-5.8311857	0.030612465
130.56	0.022128252	-5.8308283	0.029718631
131.2	0.022453604	-5.8309105	0.029688437
131.84	0.022705787	-5.8309463	0.033373457
132.48	0.022501594	-5.8307597	0.029219536
133.12	0.022764952	-5.8311081	0.034392834
133.76	0.022379615	-5.8306994	0.028302647
134.4	0.022437917	-5.8311047	0.03014204
135.04	0.022258601	-5.8311251	0.029570839
135.68	0.022282371	-5.8313208	0.032945463
136.32	0.022106789	-5.8311551	0.031577389
136.96	0.022280473	-5.8308425	0.0310376
137.6	0.022735249	-5.831484	0.027728393
138.24	0.022544113	-5.8307757	0.031555461
138.88	0.022501648	-5.8309707	0.032246416
139.52	0.02298811	-5.8313403	0.03344566
140.16	0.022760649	-5.831549	0.029882996
140.8	0.022439787	-5.8312568	0.029602119
141.44	0.022197927	-5.8311675	0.029614025
142.08	0.022407174	-5.8315019	0.029232251
142.72	0.022375737	-5.8313079	0.030356191
143.36	0.022116317	-5.8310333	0.032454715
144	0.022538126	-5.8309644	0.032649912
144.64	0.022571924	-5.8312468	0.030681398
145.28	0.022942913	-5.8313499	0.031177769
145.92	0.022789793	-5.8310988	0.02613911
146.56	0.022220832	-5.8308062	0.031506485
147.2	0.022505158	-5.8311974	0.030740566
147.84	0.022315067	-5.8316597	0.027060985
148.48	0.022421222	-5.8314194	0.032818375
149.12	0.022191245	-5.8314009	0.028266739
149.76	0.022519893	-5.8313157	0.0334046
150.4	0.023025665	-5.8318323	0.030311474
151.04	0.022300533	-5.8305764	0.033808721
151.68	0.022789982	-5.8306976	0.032054354
152.32	0.02267029	-5.8309354	0.030786769
152.96	0.022722322	-5.8315168	0.025914098
153.6	0.022366184	-5.8313461	0.029821674
154.24	0.022544368	-5.8315007	0.0320579
154.88	0.022137626	-5.8310643	0.029854987
155.52	0.022049512	-5.8308717	0.031438419
156.16	0.022377154	-5.8312284	0.031107656
156.8	0.022693231	-5.8309901	0.029933661
157.44	0.022466662	-5.8306819	0.030455693
158.08	0.022753512	-5.8311771	0.03061885
158.72	0.022653583	-5.8312531	0.031799909
159.36	0.022507077	-5.8310025	0.026530697
160	0.022338192	-5.8311699	0.028571996
160.64	0.022037051	-5.8310697	0.030323299
161.28	0.022299053	-5.831355	0.032766606
161.92	0.021842215	-5.8306182	0.033440014
162.56	0.022418572	-5.8309378	0.030896262
163.2	0.022613152	-5.8311524	0.030289918
163.84	0.022735529	-5.8309892	0.03405127
164.48	0.022721982	-5.831195	0.029263212
165.12	0.02237495	-5.831081	0.032589566
165.76	0.022543654	-5.8314327	0.032870371
166.4	0.022357087	-5.8314266	0.032239298
167.04	0.022242693	-5.8315811	0.033694957
167.68	0.021991546	-5.8312137	0.029383746
168.32	0.022360234	-5.8315098	0.031143437
168.96	0.022404491	-5.8310033	0.028194235
169.6	0.022400453	-5.8310587	0.035205265
170.24	0.022675734	-5.8311481	0.032145699
170.88	0.022596275	-5.8308455	0.030224913
171.52	0.023079339	-5.8315956	0.031805739
172.16	0.022278638	-5.8312177	0.029582917
172.8	0.022480971	-5.8318391	0.027805278
173.44	0.021789255	-5.8310136	0.031199124
174.08	0.022352726	-5.8317088	0.032761696
174.72	0.022011793	-5.831294	0.030699724
175.36	0.022508172	-5.8314082	0.031090918
176	0.022360415	-5.8307837	0.034348958
176.64	0.023158909	-5.8314068	0.029623984
177.28	0.022982789	-5.8314214	0.030875674
177.92	0.022444326	-5.8308688	0.030803072
178.56	0.022242019	-5.8310014	0.02996803
179.2	0.022096824	-5.831113	0.029418899
179.84	0.022178125	-5.8313216	0.029283372
180.48	0.022404833	-5.8312588	0.028864652
181.12	0.022215792	-5.8316022	0.031153141
181.76	0.022736487	-5.8314518	0.028994685
182.4	0.022736365	-5.8310083	0.030969281
183.04	0.022767466	-5.8308925	0.032279818
183.68	0.02268057	-5.8312534	0.033386648
184.32	0.02261712	-5.8311364	0.031400838
184.96	0.02211182	-5.8309466	0.031085705
185.6	0.022158483	-5.8315926	0.030874698
186.24	0.022095201	-5.8313655	0.029835945
186.88	0.021865307	-5.8314608	0.029545618
187.52	0.022617526	-5.8315408	0.029029902
188.16	0.022717236	-5.831188	0.027294546
188.8	0.022932107	-5.8312446	0.031031267
189.44	0.022606759	-5.8306219	0.033263294
190.08	0.022539944	-5.8309269	0.029905396
190.72	0.022782435	-5.831404	0.029718256
191.36	0.022781074	-5.8316595	0.028605969
192	0.022611353	-5.8318475	0.027221823
192.64	0.022208383	-5.8314836	0.029218652
193.28	0.021877759	-5.8308783	0.03096646
193.92	0.022150987	-5.8311318	0.031420106
194.56	0.022698551	-5.8309698	0.02968314
195.2	0.022602504	-5.8310132	0.031026864
195.84	0.022949456	-5.8306424	0.031722322
196.48	0.022758609	-5.8312493	0.030959672
197.12	0.022987494	-5.8317722	0.030109688
197.76	0.022088121	-5.8309999	0.030945994
198.4	0.022085993	-5.8310687	0.028858206
199.04	0.022362858	-5.8317153	0.030041044
199.68	0.022104404	-5.831165	0.029620318
200.32	0.022595859	-5.8312772	0.031890021
200.96	0.022558842	-5.8309707	0.028403794
201.6	0.022513677	-5.8302584	0.033152234
202.24	0.023002387	-5.8311491	0.027689399
202.88	0.022143285	-5.8302614	0.028850794
203.52	0.022338095	-5.8311845	0.030950195
204.16	0.022312954	-5.8315196	0.030044373
204.8	0.022227184	-5.8313951	0.027197541
205.44	0.022105027	-5.8311633	0.031268695
206.08	0.022609752	-5.8317397	0.029865638
206.72	0.022708017	-5.8310265	0.030807791
207.36	0.022937325	-5.8313118	0.029915097
208	0.022347546	-5.830459	0.03365083
208.64	0.022621645	-5.830907	0.03266593
209.28	0.022708329	-5.8312766	0.030243136
209.92	0.022428537	-5.8310888	0.030472362
210.56	0.022354811	-5.8317303	0.027393013
211.2	0.022250688	-5.8313662	0.030515546
211.84	0.02238566	-5.8317854	0.030612994
212.48	0.022271245	-5.8308916	0.030615195
213.12	0.022715355	-5.8312886	0.03221589
213.76	0.022613428	-5.8310613	0.034398378
214.4	0.022580419	-5.8305483	0.032445614
215.04	0.023231403	-5.8314725	0.026440909
215.68	0.022299996	-5.8311004	0.032240578
216.32	0.022651018	-5.8318097	0.029167469
216.96	0.022275195	-5.8315103	0.027694677
217.6	0.021752559	-5.8308363	0.027926071
218.24	0.0226363	-5.8316632	0.027690478
218.88	0.022632394	-5.8313262	0.031296929
219.52	0.022511305	-5.8307858	0.028056675
220.16	0.023035376	-5.8314959	0.031038349
220.8	0.022912816	-5.8310574	0.031658443
221.44	0.02261361	-5.8311212	0.033801452
222.08	0.022509907	-5.8317567	0.030055404
222.72	0.022419682	-5.831785	0.028139586
223.36	0.021921816	-5.8315701	0.028797145
224	0.02209937	-5.8315921	0.032025079
224.64	0.022462779	-5.8317017	0.026298893
225.28	0.022594764	-5.8311849	0.03285388
225.92	0.023201984	-5.8319877	0.030204087
226.56	0.022726943	-5.8307792	0.029308257
227.2	0.02261123	-5.8312642	0.031637322
227.84	0.022630496	-5.8312217	0.028456546
228.48	0.022207578	-5.8311295	0.030829051
229.12	0.022359894	-5.8316666	0.033867382
229.76	0.022658753	-5.8318937	0.026499597
230.4	0.022339175	-5.8317198	0.030295152
231.04	0.02239554	-5.8315768	0.029792826
231.68	0.02275132	-5.8315286	0.031972345
232.32	0.023167905	-5.8314139	0.030282347
232.96	0.023048863	-5.8313158	0.029222676
233.6	0.023070865	-5.8319097	0.027323828
234.24	0.022520011	-5.8313723	0.032431693
234.88	0.022138148	-5.8314545	0.031734579
235.52	0.022147032	-5.8317219	0.028107733
236.16	0.022014197	-5.8316676	0.028268019
236.8	0.021921729	-5.8314953	0.032698386
237.44	0.022310128	-5.8316404	0.031199277
238.08	0.022538543	-5.8312054	0.031999105
238.72	0.022845947	-5.830789	0.031951518
239.36	0.022813592	-5.8305858	0.0313301
240	0.02284401	-5.8311074	0.032719983
240.64	0.022584295	-5.8316356	0.033395768
241.28	0.0223863	-5.8316248	0.029398319
241.92	0.022365065	-5.831481	0.026835298
242.56	0.022285949	-5.8317074	0.033753816
243.2	0.02239898	-5.8317065	0.027919018
243.84	0.022305101	-5.8311964	0.031629045
244.48	0.022455901	-5.831113	0.026950816
245.12	0.022835869	-5.8310469	0.03145444
245.76	0.02278805	-5.8312862	0.028569748
246.4	0.022600126	-5.831282	0.031997598
247.04	0.02264235	-5.8319802	0.029127901
247.68	0.022465376	-5.8316145	0.031471556
248.32	0.022354428	-5.8322046	0.028361272
248.96	0.021886938	-5.8315621	0.027439013
249.6	0.022343486	-5.8316398	0.029496647
250.24	0.022796691	-5.8317676	0.027655187
250.88	0.023172472	-5.8316659	0.031480101
251.52	0.022412673	-5.830863	0.037023363
252.16	0.022461118	-5.831144	0.032622463
252.8	0.022388341	-5.8313558	0.031326423
253.44	0.022472866	-5.8321613	0.031296176
254.08	0.022369626	-5.8322418	0.027852532
254.72	0.021521574	-5.8312941	0.027839302
255.36	0.022510992	-5.8322527	0.027989364
256	0.022562562	-5.8317236	0.029225307
256.64	0.022711296	-5.831767	0.029535767
257.28	0.022814997	-5.8314227	0.028289156
257.92	0.023308501	-5.8319038	0.032271753
258.56	0.022894782	-5.8318647	0.031184542
259.2	0.02234382	-5.831792	0.032972895
259.84	0.022095244	-5.8319043	0.030338949
260.48	0.022286166	-5.8323637	0.028021068
261.12	0.021834327	-5.832024	0.031738112
261.76	0.022181161	-5.8320012	0.025813342
262.4	0.022382399	-5.83135	0.031145577
263.04	0.022638683	-5.8313947	0.029170093
263.68	0.022732865	-5.8312135	0.029348249
264.32	0.023127142	-5.8316396	0.029687338
264.96	0.022214104	-5.8314698	0.03305237
265.6	0.022303919	-5.8320217	0.028238559
266.24	0.02232574	-5.8327344	0.025287099
266.88	0.021986988	-5.8326601	0.028413429
267.52	0.022032173	-5.832806	0.02524856
268.16	0.022052709	-5.8325457	0.028484908
268.8	0.022925439	-5.8325238	0.024866178
269.44	0.022357186	-5.8315127	0.029133337
270.08	0.022992224	-5.8319562	0.032640657
270.72	0.022960588	-5.831956	0.029919229
271.36	0.022673457	-5.8319727	0.027464882
272	0.0224564	-5.8322641	0.031765291
272.64	0.02206891	-5.8326631	0.029198415
273.28	0.021967164	-5.8329121	0.029398058
273.92	0.022272901	-5.8327555	0.025657728
274.56	0.022331063	-5.8330034	0.027121618
275.2	0.022624775	-5.8325142	0.026373939
275.84	0.022664631	-5.8319085	0.032838512
276.48	0.023393009	-5.832298	0.029317363
277.12	0.023001139	-5.8319343	0.033254158
277.76	0.022457282	-5.8315558	0.027992172
278.4	0.022497734	-5.8324006	0.028494736
279.04	0.022002475	-5.8322245	0.031687343
279.68	0.02210501	-5.832787	0.024819183
280.32	0.02219357	-5.8328906	0.026210324
280.96	0.02239832	-5.8329074	0.026961134
281.6	0.022692901	-5.8323646	0.028275731
282.24	0.023043825	-5.8322626	0.025967754
282.88	0.022852556	-5.8317736	0.031301335
283.52	0.022739341	-5.8316768	0.027741021
284.16	0.0227955	-5.8321896	0.02886144
284.8	0.022191495	-5.8324278	0.030332329
285.44	0.022108266	-5.8326556	0.029662209
286.08	0.022185766	-5.8330207	0.025304399
286.72	0.022129883	-5.8328693	0.026858212
287.36	0.022470376	-5.8328539	0.030617898
288	0.02279312	-5.832449	0.029229064
288.64	0.022659237	-5.8317922	0.030657952
289.28	0.023191422	-5.8321153	0.029889302
289.92	0.022821859	-5.8320513	0.029706191
290.56	0.022480928	-5.8316856	0.029971994
291.2	0.022184978	-5.8322895	0.029298726
291.84	0.021858591	-5.8324687	0.026877936
292.48	0.022123445	-5.8327981	0.030023122
293.12	0.021819502	-5.8324998	0.0287143
293.76	0.021793815	-5.8317808	0.032491014
294.4	0.022832613	-5.8322266	0.030511159
295.04	0.02284011	-5.832126	0.026139845
295.68	0.022883988	-5.831936	0.031653093
296.32	0.022642745	-5.8319678	0.028866627
296.96	0.022524775	-5.832288	0.02827597
297.6	0.022290215	-5.8329162	0.028607342
298.24	0.022584361	-5.8338077	0.024964532
298.88	0.022133175	-5.8339833	0.02595287
299.52	0.021970617	-5.8336314	0.024558848
300.16	0.022030146	-5.8333504	0.02454709
300.8	0.022157168	-5.8327192	0.028960928
301.44	0.022718735	-5.83259	0.032336708
302.08	0.02291989	-5.832396	0.028717019
302.72	0.023129876	-5.8331648	0.029107644
303.36	0.022965188	-5.8327439	0.026112462
304	0.022461848	-5.8331761	0.026101071
304.64	0.02191034	-5.8333071	0.02487653
305.28	0.021715945	-5.8335173	0.026084994
305.92	0.021966581	-5.8336978	0.02540399
306.56	0.022289536	-5.833724	0.027873596
307.2	0.022813559	-5.8329432	0.026086209
307.84	0.023173999	-5.8330298	0.027246812
308.48	0.022460448	-5.8320064	0.027752758
309.12	0.022775464	-5.8322955	0.032107648
309.76	0.022502704	-5.8325316	0.03214277
310.4	0.02243942	-5.8329799	0.025898627
311.04	0.022138913	-5.8334194	0.026312417
311.68	0.021596601	-5.8329871	0.026087091
312.32	0.022247991	-5.833725	0.027067902
312.96	0.021613126	-5.8328077	0.027401513
313.6	0.022784336	-5.8334262	0.023409964
314.24	0.022892523	-5.8326142	0.029775981
314.88	0.022942574	-5.8323711	0.027032876
315.52	0.022832645	-5.8324621	0.030094479
316.16	0.022829326	-5.8324714	0.027460732
316.8	0.022200769	-5.8329932	0.028886904
317.44	0.02218792	-5.8337219	0.024255553
318.08	0.022074422	-5.8339329	0.027649712
318.72	0.021908506	-5.8335385	0.027615239
319.36	0.022149686	-5.8331558	0.029704309
320	0.022456286	-5.8328395	0.026057641
320.64	0.022547874	-5.8320234	0.031760119
321.28	0.023556623	-5.8325302	0.025863383
321.92	0.023044467	-5.8329787	0.029865737
322.56	0.022469845	-5.8329556	0.030265025
323.2	0.022377572	-5.8330031	0.030740339
323.84	0.022126281	-5.8331648	0.025904324
324.48	0.022037489	-5.8334777	0.023402676
325.12	0.021830691	-5.8330498	0.025210702
325.76	0.022435417	-5.8331569	0.027323348
326.4	0.022629929	-5.8327917	0.026027623
327.04	0.023092077	-5.8328462	0.02811094
327.68	0.02310043	-5.8327914	0.027168913
328.32	0.022803132	-5.8321771	0.02981257
328.96	0.022688226	-5.8333664	0.028060926
329.6	0.022392693	-5.8332344	0.027381084
330.24	0.021744322	-5.8330624	0.02676574
330.88	0.022108405	-5.8335175	0.025293532
331.52	0.021986595	-5.8331215	0.027820653
332.16	0.022585259	-5.8334731	0.028478871
332.8	0.022948694	-5.8329645	0.025584561
333.44	0.02306992	-5.832832	0.030275558
334.08	0.022740506	-5.8323415	0.030828637
334.72	0.022897024	-5.832924	0.025919154
335.36	0.022647022	-5.8329519	0.026743276
336	0.021921394	-5.8329176	0.029420057
336.64	0.021827076	-5.833062	0.026866343
337.28	0.021859368	-5.8335323	0.026851108
337.92	0.022079245	-5.8335044	0.025965825
338.56	0.022340132	-5.8328799	0.02579679
339.2	0.023047839	-5.8330423	0.024988575
339.84	0.023089775	-5.8325919	0.027735823
340.48	0.022874091	-5.8325354	0.029211952
341.12	0.022957434	-5.832507	0.030797869
341.76	0.022336268	-5.8329375	0.029787677
342.4	0.022167733	-5.8330725	0.025854977
343.04	0.022218043	-5.8340071	0.026837701
343.68	0.022128693	-5.8337553	0.025668898
344.32	0.022078686	-5.8334743	0.026260155
344.96	0.022336343	-5.8327573	0.026024499
345.6	0.022673856	-5.8328361	0.029383129
346.24	0.023006806	-5.8327176	0.029592657
346.88	0.023006555	-5.8324348	0.029086216
347.52	0.022814166	-5.8328897	0.027338138
348.16	0.022288042	-5.8332019	0.02873664
348.8	0.022059182	-5.8332234	0.025219172
349.44	0.022079195	-5.8336593	0.027580715
350.08	0.022094813	-5.833411	0.02713307
350.72	0.022277996	-5.8333266	0.026013522
351.36	0.022253409	-5.8325507	0.03058156
352	0.022588818	-5.8324942	0.028072903
352.64	0.022972644	-5.8322735	0.028997333
353.28	0.022572931	-5.832223	0.028228985
353.92	0.022358081	-5.8325782	0.02825576
354.56	0.0221925	-5.8330305	0.030577943
355.2	0.02181969	-5.8329388	0.026090643
355.84	0.021828674	-5.8331273	0.025073047
356.48	0.022076643	-5.8334756	0.02585415
357.12	0.022184751	-5.8330037	0.026116084
357.76	0.022841025	-5.8329518	0.02910542
358.4	0.022586531	-5.8325071	0.029711883
359.04	0.02318031	-5.8327877	0.025294099
359.68	0.022748628	-5.8322788	0.02747462
360.32	0.022516261	-5.8324567	0.029367287
360.96	0.02220977	-5.832949	0.025849933
361.6	0.022011742	-5.8330159	0.025039012
362.24	0.021697849	-5.8332372	0.025686262
362.88	0.02198412	-5.8335001	0.023889666
363.52	0.022128548	-5.833085	0.028167507
364.16	0.02268355	-5.8329487	0.028042338
364.8	0.022670001	-5.8323771	0.030706736
365.44	0.02321199	-5.8326064	0.027671012
366.08	0.022894839	-5.8328348	0.029763241
366.72	0.022269116	-5.8326527	0.030097385
367.36	0.02256944	-5.8335062	0.02704384
368	0.022342819	-5.8337279	0.024565429
368.64	0.022094079	-5.8334572	0.02916028
369.28	0.021999779	-5.8332797	0.025539296
369.92	0.022244492	-5.83302	0.029109518
370.56	0.022705161	-5.8328758	0.026511093
371.2	0.022972408	-5.8330455	0.032256628
371.84	0.022824054	-5.8323825	0.028454296
372.48	0.023053479	-5.8325682	0.025403621
373.12	0.022504304	-5.832749	0.027877726
373.76	0.022045385	-5.832968	0.032807314
374.4	0.022194803	-5.8337045	0.024184018
375.04	0.021827124	-5.8336156	0.028404008
375.68	0.021927246	-5.8333445	0.026774638
376.32	0.022076375	-5.832603	0.025631569
376.96	0.022727397	-5.8329526	0.0311021
377.6	0.022779764	-5.832146	0.029085528
378.24	0.023075399	-5.8326879	0.028210823
378.88	0.022679212	-5.8328663	0.028409607
379.52	0.022120954	-5.8324161	0.029051852
380.16	0.022450978	-5.8336901	0.025438527
380.8	0.022330739	-5.8338467	0.021733452
381.44	0.022267937	-5.8340008	0.024938757
382.08	0.021799909	-5.8329262	0.027954297
382.72	0.022738244	-5.8335379	0.027381277
383.36	0.022452135	-5.832601	0.026274002
384	0.023116517	-5.8327352	0.027352454
384.64	0.022563154	-5.8321417	0.031297667
385.28	0.022230259	-5.8319793	0.027759493
385.92	0.02252733	-5.8332804	0.02804589
386.56	0.022035637	-5.8331166	0.026461712
387.2	0.021905468	-5.8334024	0.022989943
387.84	0.02245708	-5.8341413	0.022415202
388.48	0.022101278	-5.8332244	0.028056321
389.12	0.022924956	-5.8333636	0.028234082
389.76	0.022749204	-5.8327684	0.027068421
390.4	0.022857169	-5.8322554	0.02724419
391.04	0.023554504	-5.8331849	0.028612297
391.68	0.02248951	-5.8323919	0.026435404
392.32	0.021673508	-5.8322771	0.033977973
392.96	0.022242692	-5.8335513	0.024982261
393.6	0.022060936	-5.8337727	0.025056003
394.24	0.021997786	-5.8336297	0.026217544
394.88	0.022084789	-5.8328691	0.030717343
395.52	0.022316641	-5.8324773	0.031860238
396.16	0.022981826	-5.832764	0.027220019
396.8	0.022862405	-5.8325171	0.030536313
397.44	0.022721029	-5.8324481	0.028052819
398.08	0.022708137	-5.8329288	0.027023219
398.72	0.022153375	-5.8329222	0.028761996
399.36	0.022218833	-5.8335539	0.024602521
400	0.022058125	-5.8334046	0.027707698
400.64	0.022253231	-5.8338116	0.026178505
401.28	0.022520855	-5.833173	0.025276052
401.92	0.022826906	-5.832944	0.026117202
402.56	0.022853251	-5.832611	0.026630089
403.2	0.023229804	-5.8328752	0.027604602
403.84	0.02314874	-5.8326397	0.02912009
404.48	0.022672778	-5.8330235	0.030377709
405.12	0.022184192	-5.8331755	0.028287344
405.76	0.021837923	-5.8332534	0.029797437
406.4	0.022343016	-5.8339043	0.023679182
407.04	0.022423517	-5.8340799	0.02443738
407.68	0.022460832	-5.8335829	0.027513102
408.32	0.022600431	-5.8329683	0.027455646
408.96	0.022844535	-5.8324523	0.030226351
409.6	0.023013381	-5.8327487	0.031516752
410.24	0.023259203	-5.8328849	0.029800924
410.88	0.022697893	-5.8328561	0.027059938
411.52	0.022237699	-5.8332386	0.029629886
412.16	0.022009132	-5.8332518	0.026256271
412.8	0.022229423	-5.8337085	0.022521897
413.44	0.022386317	-5.8337385	0.026305416
414.08	0.022570662	-5.8333983	0.02847649
414.72	0.022576858	-5.8330635	0.026634965
415.36	0.022928805	-5.8326432	0.027173574
416	0.022689491	-5.8325957	0.031580689
416.64	0.022940426	-5.8331519	0.028697404
417.28	0.022350795	-5.8328902	0.026986071
417.92	0.022458269	-5.833431	0.029522158
418.56	0.021743107	-5.8334079	0.028045848
419.2	0.022010815	-5.833588	0.025380508
419.84	0.022265026	-5.8339863	0.026049884
420.48	0.022709087	-5.8334936	0.027677231
421.12	0.022712617	-5.832881	0.025697357
421.76	0.023036109	-5.8326156	0.029522898
422.4	0.023333	-5.8330453	0.025943376
423.04	0.02288795	-5.8329048	0.02823362
423.68	0.022558066	-5.8332469	0.026427544
424.32	0.022383072	-5.8336933	0.026649139
424.96	0.022112458	-5.8334902	0.026820151
425.6	0.022415378	-5.8339084	0.022842938
426.24	0.022092391	-5.8334127	0.026771832
426.88	0.022836225	-5.8332834	0.025613925
427.52	0.022972164	-5.8327911	0.030727666
428.16	0.022303716	-5.8321825	0.032870406
428.8	0.023250617	-5.8323745	0.027190384
429.44	0.022706183	-5.8329943	0.028196422
430.08	0.022517389	-5.8332256	0.025148042
430.72	0.02184916	-5.8330856	0.026088032
431.36	0.022035914	-5.8340174	0.027996723
432	0.021636368	-5.8329799	0.030263494
432.64	0.022215975	-5.8333294	0.025754291
433.28	0.022370577	-5.8330744	0.029620329
433.92	0.02261877	-5.8325612	0.027647361
434.56	0.023006057	-5.8328639	0.02422762
435.2	0.023197464	-5.8327548	0.027788464
435.84	0.022933847	-5.8329311	0.027238584
436.48	0.02212131	-5.832682	0.02627323
437.12	0.022188837	-5.8333271	0.025612465
437.76	0.021622914	-5.8331	0.02758903
438.4	0.02214843	-5.8337568	0.025691516
439.04	0.022428342	-5.8334785	0.026670338
439.68	0.022622638	-5.8332855	0.027943572
440.32	0.022738983	-5.8323773	0.026835961
440.96	0.023084376	-5.8326125	0.028642424
441.6	0.022750123	-5.8324015	0.030300003
442.24	0.022682139	-5.8327276	0.026865813
442.88	0.022508887	-5.8331736	0.025701797
443.52	0.022034162	-5.833422	0.024495479
444.16	0.021984486	-5.8334033	0.024991301
444.8	0.021923695	-5.8332291	0.028479125
445.44	0.021954479	-5.8329995	0.028917984
446.08	0.02225963	-5.8327688	0.029545167
446.72	0.022744242	-5.8324927	0.029160767
447.36	0.02308738	-5.8327376	0.02737919
448	0.022828749	-5.8327864	0.030588196
448.64	0.02262676	-5.8325964	0.028702028
449.28	0.022469588	-5.8332488	0.026482686
449.92	0.022092353	-5.8334143	0.027934429
450.56	0.022002309	-5.8336124	0.026593662
451.2	0.021869851	-5.8331143	0.025803557
451.84	0.022527641	-5.8336532	0.028419567
452.48	0.022578894	-5.8328099	0.025148579
453.12	0.022727954	-5.8323236	0.028154819
453.76	0.022811528	-5.8325035	0.028667342
454.4	0.022979644	-5.8329652	0.026976786
455.04	0.022213046	-5.8324807	0.0316375
455.68	0.022378269	-5.8328326	0.024083448
456.32	0.021913106	-5.8332855	0.025260589
456.96	0.021648481	-5.8332182	0.024807885
457.6	0.022404559	-5.8335775	0.027279716
458.24	0.022469604	-5.8331221	0.025293454
458.88	0.023031493	-5.8331179	0.02807379
459.52	0.022335795	-5.8320868	0.032160849
460.16	0.022955677	-5.8325657	0.028471238
460.8	0.023128678	-5.8334151	0.028273428
461.44	0.022485521	-5.8329338	0.028946158
462.08	0.022186689	-5.8332154	0.027872657
462.72	0.021715484	-5.8331258	0.026804347
463.36	0.022027964	-5.8337178	0.026458205
464	0.021795035	-5.8332179	0.027748775
464.64	0.022314763	-5.8330436	0.027594574
465.28	0.022789399	-5.8328831	0.028135058
465.92	0.02281796	-5.8324055	0.030177693
466.56	0.022581147	-5.8321598	0.029580464
467.2	0.022748579	-5.8327911	0.026700201
467.84	0.02235386	-5.8328457	0.026830778
468.48	0.022308415	-5.8334643	0.026494695
469.12	0.022015718	-5.8334837	0.026501128
469.76	0.021943569	-5.8338279	0.024655441
470.4	0.022110104	-5.8333825	0.028282087
471.04	0.022179893	-5.8324777	0.026088783
471.68	0.022946678	-5.8329919	0.028265234
472.32	0.023202143	-5.8326619	0.029411007
472.96	0.023471541	-5.8330136	0.026596021
473.6	0.022797785	-5.8325593	0.028983851
474.24	0.022101801	-5.8326839	0.02697357
474.88	0.021963827	-5.8334579	0.026051302
475.52	0.021745911	-5.833287	0.02677959
476.16	0.021933437	-5.8333585	0.02653606
476.8	0.022607195	-5.8337406	0.025755787
477.44	0.022381816	-5.8328765	0.030043223
478.08	0.022585697	-5.832406	0.032145829
478.72	0.022673806	-5.8322908	0.028780766
479.36	0.023291665	-5.8326266	0.026335888
480	0.022449827	-5.8326227	0.029463855
480.64	0.022645576	-5.8334113	0.026754727
481.28	0.022089895	-5.8335155	0.028441278
481.92	0.022076294	-5.8335467	0.026430996
482.56	0.022144094	-5.8337419	0.026774596
483.2	0.02189633	-5.8329889	0.028440933
483.84	0.022550004	-5.8329802	0.028541975
484.48	0.022975082	-5.8326564	0.028337594
485.12	0.023008084	-5.8325908	0.027300245
485.76	0.022792427	-5.8323465	0.028764225
486.4	0.022645718	-5.8329798	0.02892847
487.04	0.022423542	-5.833205	0.026294769
487.68	0.022401779	-5.8337832	0.027270651
488.32	0.021975595	-5.833413	0.022536588
488.96	0.021790292	-5.8333087	0.027796666
489.6	0.022223658	-5.8326959	0.02956683
490.24	0.022328259	-5.8327397	0.030252515
490.88	0.022559687	-5.8323377	0.031401933
491.52	0.02278987	-5.8323416	0.026535463
492.16	0.02287134	-5.8325429	0.026681889
492.8	0.022667054	-5.8332597	0.026350369
493.44	0.02240831	-5.833517	0.02638471
494.08	0.02219854	-5.8333096	0.025132847
494.72	0.022071493	-5.8333829	0.02772535
495.36	0.021924184	-5.8334016	0.025923996
496	0.022513871	-5.833171	0.029014156
496.64	0.022189869	-5.8324098	0.02762837
497.28	0.023044247	-5.8327404	0.029248381
497.92	0.023075422	-5.832413	0.029038762
498.56	0.022581036	-5.8321223	0.030420494
499.2	0.022397009	-5.8327328	0.026415695
499.84	0.022208071	-5.8330329	0.029674346
